0 0.25609146542763833 0.6749614479630927 0.043133057370694505 0.04111589600572714
0 0.2327293134515273 0.5377705306333652 0.04011716014423614 0.045767033338636055
0 0.21637957446944406 0.4348637066359105 0.028779616641249995 0.02845226400381797
0 0.06514764884197896 0.25464149932368224 0.038336454597152805 0.03637385200509069
0 0.15484331563572884 0.3941847099777283 0.030414851823611144 0.03159544533736343
0 0.23138305936746476 0.6291676899665924 0.03546602773541672 0.047274989337999784
0 0.15173845906246503 0.29268584464513736 0.028779616641249995 0.02845226400381797
0 0.20254246533072912 0.05622108597231945 0.06998649810013893 0.05392497867599957
0 0.5718021587225339 0.936059843252731 0.03364895459715278 0.036319308004454244
0 0.5459111527386102 0.974631994589458 0.044622822188333446 0.03800907733927232
0 0.06153299278180537 0.20860229332431862 0.04774782218833336 0.03804544000636332
0 0.2663191441892355 0.7388875879615018 0.050945557370694415 0.04120680267345413
0 0.2430290328125 0 0.240790725 0.12837109062500002 0.270015415625 0.12111865937499999 0.31321629687499997 0.0730057109375 0.319767025 0 0.2430290328125 0
0 0.46142704996506867 0.9803012866009121 0.041279616641249996 0.028597714672181595
0 0.37611171827742995 0.753230803946548 0.06773432028847229 0.09138861600890866
0 0.30788447587687423 0.9664671479551383 0.02387391109416672 0.019022720003181705
0 0.3295977813477076 0.8724898812858204 0.02747168977951393 0.03937158267027243