0 0.23828125 0.4063273076550349 0.0390625 0.04153418977951393
0 0.35703125 0.3434662445847573 0.04375 0.03851829255305557
0 0.44453125 0.29862782969086843 0.028125 0.028779616641249995
0 0.56328125 0.10607926662059075 0.034375 0.03673758700597225
0 0.4640625 0.2303324245806254 0.0296875 0.02881598423243057
0 0.27265625 0.3696273946610072 0.0453125 0.033867160144236144
0 0.5546875 0.1972854948690977 0.0265625 0.02874324905006951
0 0.7828125 0.17368891318145901 0.0515625 0.06838763050895835
0 0.09296875 0.7740388716752431 0.0328125 0.03201371941479181
0 0.05 0.7597575129177778 0.034375 0.04298758700597212
0 0.60546875 0.08909244158246578 0.0359375 0.046148954597152805
0 0.184375 0.4347601257593057 0.0390625 0.04934668977951393
0 0.947320221875 0.16302834375 0.728758675 0.23037010625 0.74365720625 0.25514196875 0.79948909375 0.2806858203125 0.8828081593749999 0.26155124375 0.95929988125 0.22600666406249997 0.947320221875 0.16302834375
0 0.20234375 0.5398658530578822 0.0875 0.06609908510611114
0 0.08125 0.532359864741389 0.0375 0.025872822188333443