0 0.7141642260382008 0.2896547932346322 0.04193452885594055 0.03773634933607006
0 0.7539583907363236 0.4222627601553408 0.03590278366526398 0.043949987899751616
0 0.782423185834333 0.521336064410067 0.02749008293962447 0.026717036104353477
0 0.9530779701325691 0.6867832815271673 0.03557540145127902 0.03457498789975162
0 0.8485219009879426 0.5568963145082628 0.029161710344286006 0.029851126463433176
0 0.7437897278522995 0.3324599167711991 0.03283234736759475 0.0454943071815924
0 0.8636781642347866 0.6552656368151657 0.02749008293962447 0.026717036104353477
0 0.844518969584415 0.889799718099059 0.06731647477225663 0.04881929508134384
0 0.3746751069862417 0.05564444935951117 0.0323958377489479 0.03299430718159235
0 0.3943502007256394 0.016101202089985684 0.041825401451278846 0.03220240417997137
0 0.9616915675001639 0.732054874911309 0.04495040145127902 0.03462953005422946
0 0.6963839597961321 0.2280269468254284 0.04818452885594056 0.03777271077238851
0 0.7697529750000001 0.8300184203125 0.733644590625 0.8795912234375001 0.7370081093749999 0.967390065625 0.74407153125 0.9958742812500001 0.8166521140624999 0.9954520203125 0.7973422546875 0.8211243203124999 0.7697529750000001 0.8300184203125
0 0.474600695916316 0.009610307574375813 0.03670139183263199 0.019220615148751626
0 0.5867088594333124 0.22006952196100166 0.06237600362819702 0.08628293364502548
0 0.6177455499073328 0.10189623888171025 0.02469246515360961 0.03607385538619425