0 0.2683944342342007 0.33755279044572384 0.03459316861791084 0.03850021034569897
0 0.3975870305452086 0.292084829242095 0.040806807181592394 0.03243206677218975
0 0.4931040636245 0.2597018897460786 0.025145445745273953 0.025727425705962936
0 0.643372750098196 0.08357496192854462 0.03143180718159222 0.03215928213245363
0 0.5239682442444634 0.19261968982522087 0.028270445745273775 0.02581835391920828
0 0.3084290817748726 0.3058996251646022 0.04391362646343309 0.029397994985435005
0 0.6201892592715781 0.17354073238251574 0.025145445745273953 0.02572742570596289
0 0.8553273285534189 0.18350808042922925 0.04567611436318444 0.06381845909205777
0 0.06711217272312744 0.686443616851332 0.03141362646343313 0.029034282132453626
0 0.02502466667300323 0.6680285859725197 0.03146816861791083 0.03840928213245363
0 0.0019177339513336226 0.7025028743731794 0.003835467902667245 0.03763639231986815
0 0.687190927791293 0.0731292069139797 0.031486349336070064 0.04153428213245362
0 0.20967341920708601 0.35772288644737327 0.034629530054229286 0.04475021034569897
0 0.9436457453125 0.2871036828125 0.9941788546874999 0.27217279687499996 0.9933630687499999 0.20203594374999997 0.7920105265624999 0.23286211875 0.8034541640624999 0.26002830781249997 0.85630213125 0.29403733125 0.9436457453125 0.2871036828125
0 0.010057486878199861 0.5886449628529815 0.020114973756399722 0.0350114974927175
0 0.21216663925105256 0.4664075646606186 0.08313066256778665 0.05709709765100222
0 0.09041435909862743 0.44176761434404954 0.03449317466803503 0.021312710345699058