0 0.6758821338735839 0.6672108384230692 0.04015363855894449 0.03954717887824373
0 0.7103216668639674 0.5331733531223902 0.03560253087881229 0.04398901741285464
0 0.7332614102000496 0.4341659650627493 0.027335389812585476 0.027954581637205676
0 0.9498983630904083 0.054282633991370365 0.025954746239076343 0.034122694482076034
0 0.8949166610579795 0.2621637330414307 0.03372178213245362 0.03296963025772479
0 0.796278235747728 0.39487109170242946 0.027380853919208192 0.029517081637205768
0 0.7035381209414601 0.6227271760531687 0.031005959092057722 0.04686835594746519
0 0.8075219611371217 0.2972591073062617 0.02728992570596276 0.026392081637205855
0 0.7772875771970309 0.06489366463320795 0.06703438730530316 0.05187676051544958
0 0.3489261434404953 0.9128187460432711 0.029034282132453626 0.03272396879233561
0 0.3712246922659963 0.9531195194490195 0.04006271034569897 0.03642217887824373
0 0.3375543859186479 0.9791397868618741 0.03933528463973612 0.011422178878243728
0 0.9014334340192331 0.21722304726578195 0.043142246239076344 0.03502345318850324
0 0.661226251978557 0.7282269035519315 0.0463581744523216 0.03831222749876275
0 0.6673382515624999 0 0.6679928234375 0.079401040625 0.7062060109375 0.1272108125 0.7340611984375001 0.1349327171875 0.7426923765625 0 0.6673382515624999 0
0 0.4504946551189778 0.9614842181149669 0.03845474623907634 0.03477779172311415
0 0.5528143584050478 0.7401680608334493 0.061830061757624934 0.08748671189493074
0 0.6028611371722892 0.9542814704898163 0.024164925705962938 0.02622830732694652
0 0.5883236125616829 0.8580206241532892 0.024483174452321777 0.03716580732694652