0 0.28567570486891564 0.39853650608578467 0.03863660266556703 0.0397170649348082
0 0.3963571406040084 0.33800020089020916 0.043233174452321596 0.03667388555165925
0 0.47941368151195063 0.29416047199352746 0.027335389812585476 0.027026150162155815
0 0.758798338479802 0.020272553160390058 0.033221676959604096 0.014635244317957135
0 0.5872847028238516 0.11020030356742713 0.03381271034569906 0.03494774431795715
0 0.4962541890337981 0.22886275446093157 0.028897889812585474 0.027053423701106104
0 0.317442530416594 0.36317175040374183 0.044659282132453626 0.032013659090609534
0 0.5820181927947218 0.19756393587267546 0.025772889812585475 0.026998876623205437
0 0.7983873388755134 0.1732299577867727 0.05030152837152997 0.06490797970746054
0 0.15693355707226425 0.7507966611192044 0.03211381802583095 0.030232970779006864
0 0.11520905832590549 0.7391364123370204 0.035557066772189706 0.041225017856907444
0 0.09212691099147252 0.7777761724832901 0.03077863855894436 0.038018197240056395
0 0.627409597651002 0.09372191558013598 0.03560253087881229 0.04278751785690749
0 0.2341503087881239 0.4257478425309483 0.03881845909205772 0.0459670649348082
0 0.8961866781250001 0.256863784375 0.9658252125000001 0.22362656093750002 0.9544228875 0.162640009375 0.7483729890624999 0.22795581406249998 0.7632727109374999 0.2515189125 0.8172401578124999 0.27559149843749997 0.8961866781250001 0.256863784375
0 0.06948136968781886 0.6704040032464109 0.06372753087881237 0.043278441558013546
0 0.25427024366528683 0.526829101459402 0.08302310015828454 0.06235572402541756
0 0.038045850091777564 0.52930171631478 0.04608538981258557 0.027353432629559825
0 0.13931283339873013 0.520918246346552 0.03661946159934022 0.02406479139585791