0 0.2953125 0.3609375 0.03203125 0.03359375
0 0.415625 0.31796875 0.03671875 0.0296875
0 0.5046875 0.28671875 0.0234375 0.0234375
0 0.83125 0.05234375 0.0296875 0.021875
0 0.64453125 0.121875 0.028125 0.0296875
0 0.5328125 0.225 0.025 0.0234375
0 0.3328125 0.33125 0.03984375 0.025
0 0.8953125 0.0109375 0.0296875 0.021875
0 0.83515625 0.0125 0.0265625 0.025
0 0.78359375 0.01796875 0.0234375 0.0296875
0 0.62265625 0.20625 0.021875 0.0234375
0 0.840625 0.2125 0.03984375 0.05703125
0 0.10546875 0.6859375 0.028125 0.025
0 0.06640625 0.66875 0.0296875 0.03515625
0 0.0359375 0.70390625 0.025 0.03359375
0 0.6859375 0.11171875 0.028125 0.03828125
0 0.240625 0.38125 0.03125 0.04140625
0 0.9205875000000001 0.30735250000000003 0.9974999999999999 0.2838225 0.9955875000000001 0.22353 0.7808824999999999 0.2588225 0.7911775 0.2838225 0.839705 0.314705 0.9205875000000001 0.30735250000000003
0 0.034375 0.5984375 0.06015625 0.03203125
0 0.2421875 0.48125 0.075 0.0484375
0 0.025 0.45625 0.05 0.0203125
0 0.1296875 0.459375 0.03203125 0.01875