0 0 0.86 0.1325 0.82 0.34249999999999997 0.7625 0.6849999999999999 0.7125 0.9974999999999999 0.645 0.9974999999999999 0.39 0.46749999999999997 0.5700000000000001 0 0.76 0 0.86
0 0 0.9 0.061765 0.8955875000000001 0.24706 0.8661775 0.361765 0.85294 0.5691175 0.8161775 0.7397050000000001 0.8014699999999999 0.9161775000000001 0.7588225000000001 0.9974999999999999 0.7323525 0.9974999999999999 0.635 0.745 0.7 0.42750000000000005 0.7474999999999999 0.075 0.8375 0 0.8625 0 0.9
0 0.44264749999999997 0.8470599999999999 0.44706 0.8691175 0.813235 0.8176475 0.814705 0.786765 0.44264749999999997 0.8470599999999999
0 0 0.925 0.07794 0.9073525 0.336765 0.8838225 0.31323500000000004 0.85 0.07206 0.8823525 0 0.9117649999999999 0 0.925
0 0.9974999999999999 0.7264700000000001 0.8338224999999999 0.7735299999999999 0.8470599999999999 0.8176475 0.9974999999999999 0.764705 0.9974999999999999 0.7264700000000001
0 0.9974999999999999 0.8088225 0.9974999999999999 0.7705875 0.8470599999999999 0.8176475 0.72353 0.8338224999999999 0.7161774999999999 0.8647050000000001 0.7602949999999999 0.8632350000000001 0.9974999999999999 0.8088225
0 0.1515625 0.94375 0.16484375 0.06484375
0 0.9029400000000001 0.8676475 0.9974999999999999 0.8382350000000001 0.9955875000000001 0.8044125 0.8455875 0.84853 0.685295 0.87353 0.5661775 0.8941174999999999 0.3955875 0.9176475 0.389705 0.960295 0.5544125 0.9308825000000001 0.725 0.89853 0.9029400000000001 0.8676475
0 0 0.6926475 0.1088225 0.639705 0.6161774999999999 0.47352999999999995 0.9974999999999999 0.3455875 0.9974999999999999 0.18676500000000001 0.57794 0.338235 0.3088225 0.44411750000000005 0 0.57647 0 0.6926475
0 0.439705 0.310295 0.38676499999999997 0.3426475 0.30735250000000003 0.3691175 0.23088250000000002 0.42206 0.14706 0.5161775 0.34706000000000004 0.42647 0.64706 0.27353 0.761765 0.2176475 0.9926475 0.1588225 0.9974999999999999 0.161765 0.9955875000000001 0.088235 0.8882350000000001 0.13088249999999998 0.663235 0.17647 0.55294 0.22647 0.439705 0.310295
0 0.8073525 0.0955875 0.9073525 0.0705875 0.9974999999999999 0.047060000000000005 0.9974999999999999 0.00147 0.9073525 0.02794 0.835295 0.05147 0.7397050000000001 0.0588225 0.5676475 0.07206 0.60294 0.12647 0.7161774999999999 0.10441249999999999 0.8073525 0.0955875
0 0.460295 0.23529499999999998 0.5617650000000001 0.15294000000000002 0.59706 0.125 0.5294125000000001 0.11470499999999999 0.40293999999999996 0.2205875 0.3308825 0.2705875 0.35 0.2955875 0.460295 0.23529499999999998
0 0.52206 0.225 0.41911750000000003 0.2838225 0.43088249999999995 0.314705 0.4926475 0.27206 0.5808825 0.20441250000000002 0.6808825 0.1661775 0.7941175 0.1441175 0.786765 0.125 0.6941175 0.139705 0.6235299999999999 0.15588249999999998 0.52206 0.225