0 0.33632135625 0.9848730421875 0.47817219062499994 0.9790930640625 0.5996146703125 0.967800796875 0.41448199375000006 0.467759953125 0.210179384375 0.0058914375 0.1054204234375 0.0156323953125 0.147852403125 0.144249796875 0.21159565625 0.3566615890625 0.2699331078125 0.7073375015625001 0.33632135625 0.9848730421875
0 0.1176947 0.3854229171875 0.1597783578125 0.5970960859375001 0.1782087765625 0.7727437312500001 0.22586371718749998 0.9517926359375 0.2390185515625 0.9888378281250001 0.345159228125 0.9845129265624999 0.28405133125000004 0.7684072750000001 0.2287740078125 0.4434395484375 0.1285689375 0.086259584375 0.10297892500000001 0.0158594171875 0.0625339171875 0.019620175 0.0677927109375 0.078150278125 0.10181277343749999 0.2676398515625 0.1176947 0.3854229171875
0 0.16268707031250002 0.8506368234374999 0.1948977875 0.8491700984375001 0.1252938078125 0.46881059687500004 0.10238700781250001 0.4755282890625 0.16268707031250002 0.8506368234374999
0 0.081772746875 0.087554159375 0.052027693750000006 0.020597090625 0.037287923437499995 0.021967659375 0.0558261359375 0.09608028125 0.0850559578125 0.3624650859375 0.1198758078125 0.3347630234375 0.081772746875 0.087554159375
0 0.247038871875 0.988511025 0.2090383078125 0.8677318890624999 0.1633023703125 0.885747771875 0.2033876796875 0.990289675 0.247038871875 0.988511025
0 0.1441986140625 0.7590888515625 0.11188089062499999 0.7544494375 0.11421536875 0.8001017359375 0.162799196875 0.991943528125 0.1990695578125 0.990465625 0.1633023703125 0.885747771875 0.1441986140625 0.7590888515625
0 0.029694934483570606 0.17528916007611217 0.05938986896714121 0.17754667984777567
0 0.11221172187499999 0.9485973578125 0.1274246953125 0.9933849296874999 0.1647520234375 0.9918639578124999 0.1310916078125 0.8872119015625 0.10212220624999999 0.723248025 0.0785002625 0.6015969421875 0.050875496875 0.42680163125000004 0.006323701562500001 0.42482816718749994 0.039971867187499996 0.5929473078124999 0.076790896875 0.7668850968750001 0.11221172187499999 0.9485973578125
0 0.2811448796875 0 0.335314840625 0.102200984375 0.5177220578124999 0.6127415890625 0.6460376890624999 0.9634841765625 0.8106898156250001 0.9481740828125 0.6580232109375 0.5599398796874999 0.542783090625 0.29085149062500004 0.40711203124999995 0 0.2811448796875 0
0 0.726712403125 0.6254175484375 0.7870365125000001 0.7390681828125001 0.8446965687500001 0.9450119828125001 0.9129363375 0.93866674375 0.8797586125000001 0.8619384828125 0.8281570234375 0.63280206875 0.7740435421875 0.523159059375 0.6846260953125001 0.4137420265625 0.6499471531250001 0.361924428125 0.6209170640624999 0.28205787031249996 0.5643523765625 0.2078109484375 0.46474370781249996 0.12992198906250002 0.561869871875 0.32883259531250003 0.726712403125 0.6254175484375
0 0.9596704375 0.9343211984375 0.9659703281249999 0.9337354046874999 0.9698518843749999 0.8225822125000001 0.9615547671875 0.79929050625 0.9521535671875 0.7007788734375 0.935228359375 0.5234628953125 0.879167359375 0.565369634375 0.9042142921874999 0.680774725 0.9150697375 0.774560821875 0.9429423765625 0.8759400125000001 0.9596704375 0.9343211984375
0 0.7631613546875 0.427847078125 0.8508328374999999 0.5251942796875 0.8805923484375 0.55912364375 0.8900906578125 0.48790672031250004 0.7774453453125 0.36688636875 0.724027428125 0.29693456406249996 0.6983216171875 0.3192014453125 0.7631613546875 0.427847078125
0 0.7975388999999999 0.5500264296874999 0.8392042984374999 0.6501231093750001 0.8642537906250001 0.7655253625 0.8840432109374999 0.75604079375 0.8670331796875 0.6612960078125 0.8488898796875001 0.58959258125 0.7750137640625 0.49096262656249995 0.711839721875 0.38980656874999997 0.67986975625 0.405011459375 0.7254354859375 0.46499218906250006 0.7975388999999999 0.5500264296874999