0 0.6103019125 1 0.647204903125 0.9974168656250001 0.4246777609375 0.48118545937499996 0.197268603125 0.028008975000000002 0.097598428125 0.034985684375 0.1482467046875 0.164392371875 0.2226426671875 0.369901125 0.300343571875 0.7081305015625 0.388455025 1 0.6103019125 1
0 0.3980082640625 1 0.317683946875 0.767121375 0.244508796875 0.4536604796875 0.1261262203125 0.1082446265625 0.095106671875 0.035160103124999995 0.0577303578125 0.03777636875 0.0671535078125 0.09909245 0.1115421171875 0.2819123875 0.13406836093750002 0.395431859375 0.18757981875000002 0.5997459562499999 0.2161178171875 0.7689177359375 0.27298246718749997 0.94201178125 0.2971161328125 1 0.3980082640625 1
0 0.2059760796875 0.8434084500000001 0.2368763203125 0.8427205109375 0.146509571875 0.4757193953125 0.1248838234375 0.4816607046875 0.2059760796875 0.8434084500000001
0 0.08118245625 0.10844056875000001 0.0460041609375 0.0385971796875 0.032812812499999996 0.039520546875 0.0567433109375 0.11605131718749999 0.10125371718750001 0.3726435421875 0.1330502609375 0.34680758749999996 0.08118245625 0.10844056875000001
0 0.303982459375 1 0.25162307031250003 0.8608709796875 0.20872808437499998 0.8771561953125 0.2632748171875 1 0.303982459375 1
0 0.258216471875 1 0.20872808437499998 0.8771561953125 0.1825560265625 0.7550368187500001 0.151177184375 0.74985569375 0.1562317375 0.7937698734375 0.22135269375000002 1 0.258216471875 1
0 0.033284677791293 0.1919926310874323 0.066569355582586 0.17148526217486465
0 0.22464435 1 0.17782763906250001 0.877841640625 0.1398686890625 0.719659425 0.1096576859375 0.60225031875 0.0723260828125 0.4336915640625 0.02934064375 0.4307978921875 0.0720567453125 0.5930771765625 0.1181815453125 0.7610179171875 0.163439396875 0.9363969203125 0.188944096875 1 0.22464435 1
0 0.5329259875 0.6227929484375 0.6914709203125 0.9943183343750001 0.8497695843749999 0.9832377484375 0.6646637484375 0.5752036421875 0.537235059375 0.3140879203125 0.3801932765625 0.015204618750000001 0.2643989578125 0.0233099875 0.32602064531249997 0.1281902921875 0.5329259875 0.6227929484375
0 0.6812647875 0.43533507812499994 0.6447117921875 0.38477313281250003 0.6118680921874999 0.3073887453125 0.55287860625 0.23478704687500002 0.4522517265625 0.1577223015625 0.5579353593749999 0.351006871875 0.7347789421875001 0.63965149375 0.79980953125 0.7501957484374999 0.8772251234375 0.9764468640624999 0.8746871281249999 0.9814935703125001 0.9478190078125 0.974455465625 0.8965779656249999 0.87032355 0.8328348125 0.6490179546875 0.7740261171875 0.5424632234375 0.6812647875 0.43533507812499994
0 0.989013803125 0.9734909359374999 0.9944401562499999 0.973111103125 0.995048275 0.868584353125 0.971421340625 0.811964084375 0.9563158843749999 0.7171053734374999 0.9291234375 0.5463643921875 0.8777642953125 0.5853723125 0.908962053125 0.6968122906249999 0.9251759484375001 0.7871633546875 0.9582294984375 0.885190778125 0.989013803125 0.9734909359374999
0 0.757692621875 0.4506455171875 0.8480316 0.5461380921875 0.87875105 0.579403184375 0.8835082906249999 0.5111919406250001 0.7676852078125 0.39239541718750004 0.7119875171875 0.32399085156249996 0.688625375 0.3448088640625 0.757692621875 0.4506455171875
0 0.7982842703124999 0.568803015625 0.8445291656249999 0.6659070703125 0.8757292124999999 0.77734438125 0.8941854578124999 0.7686748999999999 0.871991153125 0.67726493125 0.8501240093750001 0.6079673109375 0.772978871875 0.5115511953125 0.7059749734375 0.412947690625 0.6761515328125001 0.4268404015625 0.7236810828125 0.4854891125 0.7982842703124999 0.568803015625