0 0.2965640046875 1 0.4247523875 0.5611004109375 0.5527100468749999 0.0064313640625 0.4606491484375 0.0053601375 0.28549506406249997 0.030828773437500002 0.24888521406250003 0.351891878125 0.23171969531249997 0.7241002484375 0.1924237140625 0.9564991265625 0.18391890625 1 0.2965640046875 1
0 0.1828750328125 1 0.2387571140625 0.6313235203125 0.255901884375 0.2861044703125 0.2953253125 0.0293993859375 0.1895210703125 0.044784065625 0.1746490921875 0.113141265625 0.1477066828125 0.3075525125 0.15008525156250002 0.49134770625 0.13273472343749998 0.7176977124999999 0.13074561406250002 0.8418055109375 0.1214800375 1 0.1828750328125 1
0 0.1063238671875 0.629466159375 0.130434984375 0.630723315625 0.1554914421875 0.22546163749999998 0.1225470671875 0.2318387765625 0.1063238671875 0.629466159375
0 0.1330736140625 1 0.1410472015625 0.7688748359375001 0.10229283125 0.7491104843749999 0.104366703125 1 0.1330736140625 1
0 0.16764387812499998 0.203058159375 0.196640203125 0.043748893750000004 0.1542783390625 0.0499086078125 0.11894968125000001 0.1958493890625 0.16764387812499998 0.203058159375
0 0.11894968125000001 0.1958493890625 0.148811525 0.05070352031249999 0.1096185546875 0.056402453124999995 0.07931545 0.2952711578125 0.0824318875 0.3424407390625 0.1147506421875 0.3298046921875 0.11894968125000001 0.1958493890625
0 0.05908761667441388 0.9308505580044543 0.10341196828879455 0.13829888399109153
0 0.0763430125 0.0612409515625 0.05941530625 0.1441863171875 0.045239021875 0.3383253765625 0.0287051921875 0.5248705671875 0.0146971796875 0.7047013062499999 0.059782325000000004 0.6917957312499999 0.066859690625 0.5066228781250001 0.0762574515625 0.37667472968750004 0.08600557343750001 0.2022291890625 0.11356070468749999 0.0558292375 0.0763430125 0.0612409515625
0 0.48611924687499997 1 0.576552525 0.7103123828125 0.6614188859375 0.4074727359375 0.7612633062499999 0.008858099999999999 0.5987624375 0.00696723125 0.5123393109375 0.3878744 0.38818703125 0.9535924937500001 0.371286396875 1 0.48611924687499997 1
0 0.7060674359375 0.5501986 0.7838705125 0.41665371406249996 0.8257317000000001 0.2915086203125 0.850664240625 0.045006503125 0.8605925546875 0.0100139015625 0.798882828125 0.009295843750000001 0.771117571875 0.193091471875 0.7234203765625 0.3238455453125 0.5914009328125001 0.666877765625 0.5165205390625001 0.8936563453125 0.608483503125 0.7898019 0.6570959296875001 0.7001876015625 0.67702145625 0.611568290625 0.7060674359375 0.5501986
0 0.9270403421875001 0.010787090624999999 0.91398413125 0.01063516875 0.91325688125 0.015268665625 0.8970964796875001 0.125563725 0.8973343249999999 0.22394819687499998 0.8857356218750001 0.3478691984375 0.9478072171875 0.3769401203125 0.943696725 0.191809965625 0.9432856031249999 0.17330980468749999 0.9270403421875001 0.010787090624999999
0 0.9061655328124999 0.42426796875 0.8879365640625 0.3538963453125 0.8617434265625 0.395804278125 0.784264696875 0.5166022484374999 0.7313717234375 0.6433514406249999 0.7602006140625 0.6597959437500001 0.8061284671875001 0.5753350828125 0.9061655328124999 0.42426796875
0 0.8520206890625 0.3305456671875 0.8618529953125 0.2529201453125 0.8677608921875001 0.1520525484375 0.8464882703125 0.1472090640625 0.8348866218750001 0.271127796875 0.8045405828125001 0.3834855453125 0.741418175 0.48790945468749997 0.7022789765625 0.5602729359375 0.73663093125 0.5679776750000001 0.7887302765624999 0.44928055312500004 0.8520206890625 0.3305456671875