0 0.8046679109375001 1 0.7874083921875 0.7708932015625 0.8054897234375 0.38680288906250004 0.7988861703125 0.068395415625 0.5437443296875 0.01582134375 0.525549434375 0.015291926562499999 0.6039225484374999 0.59154570625 0.6839895046875 1 0.8046679109375001 1
0 0.876743125 1 0.8802690265625 0.8980955484375001 0.8901510375000001 0.77025021875 0.8940156859374999 0.536259284375 0.91414358125 0.3472488984375 0.9050406343749999 0.1455516109375 0.8980576843750001 0.08883052031250001 0.7894462109375 0.0664502359375 0.804576475 0.31867611406249996 0.7890690421875 0.67498905625 0.8079217953125 1 0.876743125 1
0 0.9473824875 0.2708393046875 0.9140056124999999 0.2622972296875 0.9008872718750001 0.6808784578125 0.9258846203125 0.68103305 0.9473824875 0.2708393046875
0 0.898632609375 1 0.9185385578125 0.8044074468750001 0.8766534890625 0.8224199343749999 0.8662237749999999 1 0.898632609375 1
0 0.9545548187499999 0.234016840625 0.934286625 0.09629579218749999 0.8902942625 0.0872308046875 0.9036217578124999 0.23851061875 0.9545548187499999 0.234016840625
0 0.9858866859375001 0.33871789375 0.9780688 0.10531746875 0.93931734375 0.09733241249999999 0.9545548187499999 0.234016840625 0.94600594375 0.3721295109375 0.9781354796875 0.3870753734375 0.9858866859375001 0.33871789375
0 0.9749392359375 0.10467259531249999 0.9879311625 0.24256164062500002 0.9812139484375001 0.4226782765625 0.9784141453125 0.5569792703124999 0.9724399140625 0.6656068609375 0.9905089078125 0.572841359375 0.9985957375 0.10954721249999999 0.9749392359375 0.10467259531249999
0 0.6045244328125 1 0.6039063546875 0.9976764328125001 0.530212909375 0.4080082328125 0.478085525 0.01391086875 0.3107745625 0.009042615625 0.37451663125 0.41922243437500006 0.43295564375 0.735988665625 0.48987534374999997 1 0.6045244328125 1
0 0.47726274062499996 0.9282837765625 0.42181260624999994 0.690395853125 0.3185887046875 0.32943276875 0.2819508625 0.192001640625 0.271364325 0.0078958953125 0.208717596875 0.0060730625 0.21411912187499998 0.0348211265625 0.21613932187499998 0.29000711875 0.24729527031249998 0.421315171875 0.314726253125 0.5634269859375001 0.3387928796875 0.6283305953125 0.350829215625 0.7207303359375 0.39236735624999997 0.8158773453125001 0.47726274062499996 0.9282837765625
0 0.10739716875000001 0.0031249390625 0.11626544375 0.07460205625 0.10401689218750002 0.1803156390625 0.0819737234375 0.3705958640625 0.14881108437499999 0.3444062046875 0.1487605109375 0.21617584843749998 0.15846659999999999 0.11493751875 0.1526104109375 0.004440509375 0.10739716875000001 0.0031249390625
0 0.237277478125 0.52415376875 0.16895538593749998 0.3951799625 0.14596070625 0.3504768421875 0.120386140625 0.421804925 0.209071925 0.5832854140625 0.2483358375 0.6729674828125 0.27966113125000003 0.657775384375 0.237277478125 0.52415376875
0 0.2291585515625 0.385938384375 0.2086536328125 0.26848219375000004 0.20859980312499998 0.1402539953125 0.1861861890625 0.14396079687500002 0.182582140625 0.248123828125 0.185262040625 0.328602965625 0.2391438359375 0.45460123125 0.28148296093749997 0.5798883609375001 0.31766621562499997 0.57402259375 0.28424315624999996 0.49719837968749997 0.2291585515625 0.385938384375