0 1 0.573914303125 0.48349096718749995 0.5899043203125001 0.029396299999999997 0.6311503375 0.0342162046875 0.734635653125 0.0957923453125 0.734853396875 0.318808009375 0.7414373265624999 0.6737023203125 0.795174634375 0.9835452140625 0.8211732515625 1 0.7410766062499999 1 0.573914303125
0 0.736628396875 0.8009142875 0.4074068140625 0.75222855 0.0343742265625 0.7347752984375 0.0342228875 0.73477911875 0.0368731625 0.7916816015625 0.2018061109375 0.8146076859375 0.3199542546875 0.836049803125 0.536120309375 0.862206521875 0.7108237453124999 0.8989852390624999 0.8970893640625001 0.9100892343749999 0.965533121875 0.908850365625 0.9854166765624999 0.8120635640625 0.736628396875 0.8009142875
0 0.7815845312499999 0.9369539031249999 0.7892957109375 0.9070634046875 0.4025676640625 0.8545620265625 0.40255923749999994 0.8775512578125 0.7815845312499999 0.9369539031249999
0 0.03759689375 0.8072203953124999 0.2885546765625 0.8588747124999999 0.2716907796875 0.8185896328125001 0.03633949375 0.7802234953125 0.03759689375 0.8072203953124999
0 0.8156372296875001 0.9471108703125 0.958911925 0.9410802374999999 0.966854159375 0.902419984375 0.8112123828125 0.899804965625 0.8156372296875001 0.9471108703125
0 0.71908978125 0.9658318203125 0.9504428125000001 0.9823051796875 0.9578630625000001 0.9461857734375 0.8156372296875001 0.9471108703125 0.6880119687499999 0.9259039109374999 0.6743786875 0.9540280125 0.71908978125 0.9658318203125
0 0.10952089660466864 0.8622377284032741 0.14393839867609243 0.11197545680654812
0 0.9468076484375001 1 0.9512175812500001 0.978533853125 0.8079235312499999 0.977000615625 0.6415076375 0.9534222796874999 0.517434253125 0.9378741390625001 0.3409481484375 0.9097598781249999 0.3264208921875 0.9498806375 0.4981718328125 0.9704508781250001 0.676435571875 0.98989918125 0.7574913265625 1 0.9468076484375001 1
0 1 0.3773979890625 0.6414385671875 0.39543427656249996 0.3491451109375 0.41861845468750003 0.021183285937499997 0.4548136484375 0.026261803125 0.563851446875 0.108334296875 0.550662921875 0.6526344578125001 0.5397991125 1 0.530338903125 1 0.3773979890625
0 1 0.28459501249999997 0.9956607265624999 0.284953940625 0.75994771875 0.2621656921875 0.6388215453125 0.2781548875 0.507910575 0.32648320937499997 0.4480863046875 0.342362090625 0.3627982640625 0.3445141875 0.275131071875 0.373550390625 0.1717538375 0.4408196953125 0.39120082031250003 0.4127675375 0.72407965 0.3526382234375 0.850832446875 0.332195640625 1 0.339249721875 1 0.28459501249999997
0 1 0.1902673453125 0.9583877265625 0.19106043125 0.8606706984375 0.1695780875 0.6847839734375001 0.13091416718749999 0.70933553125 0.19495174375 0.8277859421875 0.207290446875 0.9213553624999999 0.22600080625 1 0.2300727703125 1 0.1902673453125
0 0.54377223125 0.2590031171875 0.66254239375 0.20858579375000003 0.7037125546875 0.1917423046875 0.6376869359375 0.1613176625 0.4889987234375 0.22733527343749999 0.406367453125 0.254806425 0.420569296875 0.2851013109375 0.54377223125 0.2590031171875
0 0.671402775 0.2648812140625 0.7797907765625001 0.257355884375 0.898239175 0.26969138125000003 0.8946945953125001 0.24870691093750003 0.7984563328125 0.23532955625000002 0.7241294593750001 0.23002262343750002 0.6080302765625001 0.2674384515625 0.492525946875 0.29430066093749996 0.49813886093750004 0.328165365625 0.568924296875 0.30482745625 0.671402775 0.2648812140625