0 0.41021808281250005 0.98143574375 0.5553803859374999 0.9746746999999999 0.677884021875 0.9473121656249999 0.41029189375 0.48205837812499996 0.1272084875 0.0522458609375 0.023760978125000002 0.0753520015625 0.0880847828125 0.19690434375000002 0.1879620890625 0.3984635078125 0.30580362031249997 0.7372601249999999 0.41021808281250005 0.98143574375
0 0.09862473125 0.4389552015625 0.176647984375 0.6425733765625 0.2248483609375 0.8136599515625 0.302942384375 0.9843430828124999 0.30407826718750003 0.986379284375 0.41851535 0.9810492921874999 0.3302971140625 0.7957514796875 0.21987406874999998 0.481948796875 0.05893038125 0.1421191484375 0.0213500421875 0.0758905109375 0.000936121875 0.080450184375 0.0018196828125000002 0.156383225 0.0627688203125 0.324684190625 0.09862473125 0.4389552015625
0 0.2224524578125 0.8925808359375 0.254518459375 0.886985615625 0.12035325781249999 0.5203256671875 0.098509234375 0.5299086625 0.2224524578125 0.8925808359375
0 0.01220296875 0.14942208125 0.0015511265625 0.1333035421875 0.0024784359374999997 0.212996303125 0.061997912499999995 0.4204852703125 0.092243715625 0.38864567499999997 0.01220296875 0.14942208125
0 0.3140348515625 0.98591555 0.27184409375 0.903495715625 0.22900874999999998 0.92717513125 0.2650312875 0.9881979265625 0.3140348515625 0.98591555
0 0.1884193203125 0.8045536234374999 0.1552131125 0.8041325546874999 0.165277171875 0.8489155437499999 0.22777379999999997 0.9899332218750001 0.26218030937500003 0.9883307140625 0.22900874999999998 0.92717513125 0.1884193203125 0.8045536234374999
0 0.1221139859375 0.820930725 0.18687659843749999 0.991838040625 0.22668463593750002 0.9899839515625001 0.1969422625 0.9327677937500001 0.1401453875 0.7745761984375 0.0958703421875 0.6574818015624999 0.0385902765625 0.488420609375 0.0057154578125 0.4911852078125 0.0061068640625 0.5248226578125 0.0557552015625 0.6539000296874999 0.1221139859375 0.820930725
0 0.5383869625 0.6119427140625 0.723746978125 0.93706816875 0.8862066625 0.9007810078125 0.6702070109375 0.54173665 0.5090807093749999 0.2908366546875 0.3161925671875 0.010034185937499999 0.19693279375 0.0366721703125 0.269036334375 0.13124572031249998 0.5383869625 0.6119427140625
0 0.750192215625 0.5975555796875 0.8299339484375 0.7020242109375 0.9203343374999999 0.8931582171875 0.9869866875 0.8782706812500001 0.9437371609375 0.8114267625 0.853211521875 0.591788240625 0.7803782375 0.49047775624999995 0.6721659046874999 0.3939354234375 0.6286107109375 0.347227934375 0.5859780171875 0.27209371718750003 0.5166729109375 0.20605389375 0.403569621875 0.1419588375 0.53465325625 0.32588735 0.750192215625 0.5975555796875
0 1 0.6830701968749999 0.9891043187499999 0.64295496875 0.9421317828125 0.47002706562499996 0.892979378125 0.5186289234375 0.9376274765625 0.6293716921875 0.9643816859375001 0.720591809375 1 0.796808371875 1 0.6830701968749999
0 0.7533390984375 0.39775420625 0.857758253125 0.4826018578125 0.89335243125 0.5122772984374999 0.890834878125 0.440724853125 0.757357428125 0.33571409375 0.6919357125000001 0.2735107625 0.6699138390625 0.298809559375 0.7533390984375 0.39775420625
0 0.8084936218750001 0.5139856265625 0.8672241078124999 0.6074712703125 0.9118742921875 0.7182109062500001 0.9301229125000001 0.7062968359374999 0.8970322015625 0.6149223078125 0.866702034375 0.5464479671875 0.7759055453125 0.458557546875 0.695418190625 0.366794725 0.6659175265624999 0.385925953125 0.72177524375 0.4392933171875 0.8084936218750001 0.5139856265625