0 0.7198395726487412 0.42323377713533467 0.02543637662320535 0.0263101944820761
0 0.4331405933483177 0.6310684520568495 0.02716251785690744 0.035767081637205676
0 0.33500528206695757 0.7877920855939348 0.05232615909060954 0.04645227611928178
0 0.5814877984375 0.597603903125 0.5487784796875 0.5800069718749999 0.503736184375 0.5865260546875 0.48985640625000004 0.597982653125 0.49639762656249997 0.6306756171875 0.5146531000000001 0.63418880625 0.577022790625 0.6235872640625 0.5814877984375 0.597603903125
0 0.4190893375 0.5606999312500001 0.41745322656250006 0.588993665625 0.43128834843749997 0.598013640625 0.45458289531249996 0.6010838078125 0.468772034375 0.5921590906249999 0.45467220625 0.5601306593750001 0.4190893375 0.5606999312500001
0 0.3891163796875 0.7322344171874999 0.3812930671875 0.7098904953125 0.34442810156250003 0.7208088078125 0.3443834453125 0.74128538125 0.352560775 0.7456846125000001 0.3891163796875 0.7322344171874999
0 0.75211146875 0.47256263593750003 0.745171578125 0.47829093437500003 0.7545416953124999 0.513294271875 0.8099714953125 0.508421028125 0.8106795265625 0.472531646875 0.8021928359375 0.46560053281249997 0.75211146875 0.47256263593750003
0 0.4282808328125 0.6776095609375 0.4188214078125 0.683559371875 0.42315245 0.71900573125 0.4536515921875 0.73935605625 0.50315889375 0.7068536125 0.47867155937500006 0.673179340625 0.4282808328125 0.6776095609375
0 0.7179009715930811 0.3551012528250751 0.034838650162155815 0.028364017412854547
0 0.62785684375 0.56025920625 0.5998325828125 0.56016394375 0.584670709375 0.5819695828125 0.5934221046875 0.6119091562500001 0.6236565406250001 0.6092510234375 0.62785684375 0.56025920625
0 0.6268426765624999 0.4477488078125 0.629097509375 0.42451884062499995 0.6180912843749999 0.4178092359375 0.5809169562500001 0.42619566718749996 0.5720762515625 0.43720924375000003 0.5830378234375 0.46439542031250003 0.6154824359375 0.45898389375 0.6268426765624999 0.4477488078125
0 0.527371834419864 0.6532101249421995 0.03363070616851012 0.0485946302577247
0 0.7283360909126857 0.5636507372212429 0.025518197240056394 0.0309976944820761
0 0.8286281915613088 0.46255962799441724 0.03974433847375849 0.041109678878243724
0 0.6783906379905865 0.5579053482570908 0.04289661201270896 0.04283595318850324
0 0.26581890544375214 0.8091890507682254 0.03492047077900677 0.03305151741285428