0 0.47521608357245937 0.8120378511145105 0.029207338935304604 0.027872442927905538
0 0.5861947569572633 0.4546149569865321 0.040335839923887916 0.0330693651776464
0 0.7097065583264073 0.30909274937631825 0.052292011862997964 0.058578787427387445
0 0.57225348125 0.52386855625 0.56546816875 0.5414994796875 0.5740645953125 0.5900787921874999 0.6026065 0.61906651875 0.6270554234375 0.6071139984375 0.6167244078125 0.5394030953125 0.6070937171875 0.5214479 0.57225348125 0.52386855625
0 0.5226553078125 0.4980178859375 0.5593669546875 0.5036284281250001 0.563520234375 0.4863896375 0.5526419375 0.4630803125 0.5389947875 0.4512635140625 0.511290028125 0.4609311015625 0.5226553078125 0.4980178859375
0 0.672528159375 0.38150905625 0.6736992421875 0.3397845421875 0.6665637640625001 0.332537609375 0.6461313 0.338351734375 0.6475922515625 0.37968411562500004 0.672528159375 0.38150905625
0 0.5448107484375 0.8852874390625001 0.5545782578125 0.892142240625 0.5901791171874999 0.8812982546875 0.57645544375 0.8224028125 0.5383593703125 0.8225385359375 0.5349667140625 0.831353996875 0.5448107484375 0.8852874390625001
0 0.6435920203125 0.4910801921875 0.6854309125 0.507006865625 0.7012834078125 0.44647503281249995 0.670733271875 0.420556503125 0.6338848046875001 0.42604635625 0.631115953125 0.4375388828125 0.6435920203125 0.4910801921875
0 0.40573125452298636 0.8290754937947469 0.032841674904859806 0.040517992142117265
0 0.5808661359375 0.6777055515625 0.628379553125 0.6595467734375 0.6208939124999999 0.6274219859375 0.588061909375 0.6267734453125 0.5713722671875 0.6486499625000001 0.5808661359375 0.6777055515625
0 0.4312506984375 0.6667559109375001 0.4353436828125 0.707696159375 0.4457349953125 0.717228025 0.46817568749999994 0.7083447031250001 0.47558480468750003 0.6933908453125001 0.47010739375000005 0.6581968609375 0.43928361875000005 0.6544791187500001 0.4312506984375 0.6667559109375001
0 0.6398556092384408 0.5467874944139195 0.05302684091247105 0.03833906203449331
0 0.6174380756637939 0.7812331149682494 0.03402217292769336 0.03121576674922295
0 0.5503208543327059 0.9137865957378271 0.043906508897248564 0.04415241439185813
0 0.5959013152836705 0.7311046823794263 0.047222509885831696 0.048985463606069854
0 0.7073362920147849 0.2317853866798712 0.03596667490485981 0.0406635413563289