0 0.73671875 0.421875 0.02109375 0.02265625
0 0.4296875 0.6 0.02265625 0.03125
0 0.31484375 0.74453125 0.04609375 0.03671875
0 0.58 0.58 0.55 0.5599999999999999 0.505 0.5625 0.49000000000000005 0.5725 0.4925 0.605 0.51 0.61 0.5725 0.605 0.58 0.58
0 0.47000000000000003 0.5650000000000001 0.45999999999999996 0.5325 0.425 0.53 0.42000000000000004 0.5575 0.4325 0.5675 0.45499999999999996 0.5725 0.47000000000000003 0.5650000000000001
0 0.37 0.6725 0.3325 0.6799999999999999 0.32999999999999996 0.7 0.3375 0.705 0.375 0.6950000000000001 0.37 0.6725
0 0.82 0.47750000000000004 0.8125 0.47000000000000003 0.7625 0.4725 0.755 0.47750000000000004 0.76 0.5125 0.8150000000000001 0.5125 0.82 0.47750000000000004
0 0.49000000000000005 0.6799999999999999 0.47000000000000003 0.645 0.42000000000000004 0.645 0.41 0.65 0.41 0.6849999999999999 0.4375 0.7075 0.49000000000000005 0.6799999999999999
0 0.74375 0.3546875 0.03125 0.02265625
0 0.6025 0.545 0.585 0.5650000000000001 0.5900000000000001 0.595 0.62 0.595 0.63 0.5475 0.6025 0.545
0 0.6425 0.4375 0.6475 0.41500000000000004 0.6375 0.40750000000000003 0.6 0.4125 0.5900000000000001 0.4225 0.5974999999999999 0.45 0.63 0.44749999999999995 0.6425 0.4375
0 0.51953125 0.6296875 0.0265625 0.04375
0 0.728125 0.559375 0.02265625 0.0265625
0 0.8390625 0.46875 0.0328125 0.0328125
0 0.68046875 0.54921875 0.03671875 0.03515625
0 0.24453125 0.759375 0.03125 0.0265625