0 0.25246583642666565 0.36954986015266184 0.026018671939110227 0.026018671939110227
0 0.5195101204956041 0.5918745518262545 0.027963173916276673 0.0354573389353046
0 0.6026051688989986 0.753838699545077 0.05497134288963732 0.04747717787060921
0 0.465760365625 0.555876615625 0.45297646562500005 0.5437116796875 0.4086259515625 0.535050328125 0.3743326 0.5512054890625 0.376361771875 0.5775304765625 0.43762644531249995 0.5911064328125 0.456176640625 0.5884300953125 0.465760365625 0.555876615625
0 0.50441649375 0.5194789390625 0.487350125 0.5510105765625 0.5006793703125 0.5606452 0.524217996875 0.5586500890625 0.5388704578125 0.5502318953125 0.5398808453124999 0.5217172078125001 0.50441649375 0.5194789390625
0 0.5537722359374999 0.695530240625 0.58900406875 0.710760696875 0.59757740625 0.7067219062500001 0.59944596875 0.686138775 0.5636687890625 0.6734386328124999 0.5537722359374999 0.695530240625
0 0.16636590625 0.408194621875 0.1572472203125 0.4147637265625 0.15460079375 0.45086935781250004 0.2094735140625 0.45836284687499995 0.222096803125 0.4236196671875 0.21570485156250002 0.41753719843750003 0.16636590625 0.408194621875
0 0.46989902031249997 0.63198065 0.442310446875 0.6646801484375 0.4886901359375 0.6996664874999999 0.5210346203125 0.6806403984375 0.528669478125 0.6452159921875 0.5197833125 0.6387929109375 0.46989902031249997 0.63198065
0 0.2599546842592189 0.3006088591640787 0.0354573389353046 0.027963173916276673
0 0.3315378171875 0.5114991343749999 0.3311530828125 0.560937565625 0.36108365937500003 0.5650249234375 0.3726162515625 0.535342375 0.359519525 0.5127155640625001 0.3315378171875 0.5114991343749999
0 0.3909171296875 0.378949496875 0.354594603125 0.368779671875 0.3429817046875 0.3750081625 0.3430620109375 0.39846222187499997 0.353351696875 0.410286546875 0.3852311390625 0.41724483125 0.3987126015625 0.3904332078125 0.3909171296875 0.378949496875
0 0.4236246175298547 0.6098207385941125 0.036348676882026254 0.04983817391627667
0 0.23114264026726766 0.5100302801146057 0.02777217292769336 0.030769838935304605
0 0.14031866349897223 0.40375771688246365 0.040654174904859806 0.040654174904859806
0 0.281206307263462 0.5064304362363853 0.045469008897248565 0.043970175893442945
0 0.6702409964655969 0.7783811017125238 0.03721083992388792 0.03271434091247105