0 0.22263022767982604 0.41065766983346813 0.024019381458888843 0.02568196159934022
0 0.5545491088543745 0.5930887027573446 0.02583645459715278 0.036664925705962935
0 0.6808180552834022 0.7437372236070271 0.05254442496187508 0.04368781551854859
0 0.48983247499999993 0.5650881296875 0.47356796250000005 0.5548196796875 0.42562554218750004 0.5532741109375 0.3943345015625 0.5752968890625 0.4030857484375 0.60171095 0.46971972968750003 0.605483115625 0.4881791671875 0.599729775 0.48983247499999993 0.5650881296875
0 0.520504525 0.5217855124999999 0.5108737078125001 0.5566128953125 0.5270608453125 0.5642213640625 0.550838621875 0.5583441984374999 0.563824971875 0.547394721875 0.557655521875 0.51825876875 0.520504525 0.5217855124999999
0 0.6159455859375 0.69257919375 0.656142621875 0.7022904343749999 0.6639653812499999 0.696784740625 0.6606872218750001 0.675566815625 0.6205675609375 0.6685155515625001 0.6159455859375 0.69257919375
0 0.1436273015625 0.464015571875 0.1358819140625 0.47218124687499996 0.1422834890625 0.5092971390625001 0.2007852140625 0.5079350812500001 0.20502031718749997 0.47057154062500006 0.1968880609375 0.46543731718750003 0.1436273015625 0.464015571875
0 0.5133496734375 0.6417322453125001 0.4931595546875 0.679467253125 0.5498532234375 0.7074268828125 0.5784077203125 0.6828060375 0.577324484375 0.645566321875 0.566533059375 0.6404940109374999 0.5133496734375 0.6417322453125001
0 0.2133474530785414 0.33924567108710935 0.03651938145888893 0.02604567445232169
0 0.340145253125 0.5419553859375 0.3522520359375 0.592247353125 0.38416206875 0.5915044125 0.38855192031249997 0.559460834375 0.3693187421875 0.538614378125 0.340145253125 0.5419553859375
0 0.36787709375 0.39757354375 0.32783480625 0.393182259375 0.3174302484375 0.40140984687500003 0.3234449546875 0.425225840625 0.337050296875 0.43555620156249997 0.371696871875 0.43741132812499994 0.3788232671875 0.407965815625 0.36787709375 0.39757354375
0 0.4599626542572217 0.6262983563599838 0.032377395326597204 0.04934678213245362
0 0.23641735790444401 0.5572515250063177 0.025690984232430658 0.030414925705962936
0 0.115852244397326 0.4638388426364372 0.036773954597152825 0.03698317445232178
0 0.28672648242947874 0.5454251264182435 0.04153418977951393 0.04024456677218975
0 0.7563265483495479 0.7576609827782271 0.03662848423243048 0.0307331744523216