0 0.246437100121637 0.4911860012431955 0.026726126463433177 0.029517081637205678
0 0.6027093051384889 0.6403659661903438 0.03146816861791084 0.03913774310259512
0 0.749601964975801 0.7793543023501053 0.056522710772388504 0.049822937584671045
0 0.5343414015625 0.6192637953125 0.5167302171875 0.6105915656249999 0.4688354515625 0.6138074765625 0.44079677031250003 0.638983159375 0.45319420781249997 0.66457934375 0.51998909375 0.661736834375 0.5375422734375 0.654137709375 0.5343414015625 0.6192637953125
0 0.5587882375000001 0.57282804375 0.5540814765625 0.6086808625 0.5712436796875 0.61469558125 0.5940686109375 0.6064438546875001 0.605452075 0.5941823140625 0.595241534375 0.5656023203125 0.5587882375000001 0.57282804375
0 0.67759179375 0.7344718765625 0.7189258703125 0.7402073953125 0.725935540625 0.733913475 0.7197078203125 0.71297970625 0.678822721875 0.7099016953125 0.67759179375 0.7344718765625
0 0.1759050609375 0.552398771875 0.1693443734375 0.5613502015625 0.18090185625 0.5979027203125 0.23889114843749998 0.5907240984375 0.237877175 0.5528663734375 0.22907158125 0.548530259375 0.1759050609375 0.552398771875
0 0.5684488546875001 0.6937211421875 0.5536475671875001 0.7335366718749999 0.61393976875 0.755916946875 0.63889359375 0.72841005625 0.6326078640625 0.6912049328125 0.6211663953125 0.687195121875 0.5684488546875001 0.6937211421875
0 0.22731037110068 0.42063116180407345 0.0376818071815924 0.033215291723114146
0 0.38224248437499997 0.6109615671874999 0.40131662031250004 0.6601490296875 0.432947146875 0.656233415625 0.43283113437500004 0.623690709375 0.41078815 0.604714746875 0.38224248437499997 0.6109615671874999
0 0.3896280546875 0.4635404828125 0.34919194062500003 0.46311998125000003 0.339995371875 0.47239770937500003 0.3493079515625 0.49566268750000003 0.3642832609375 0.5046612171875 0.3989986421875 0.5030768125 0.4019674875 0.4728653125 0.3896280546875 0.4635404828125
0 0.5133695491865605 0.6833546483479479 0.036237481849627426 0.05344590456798422
0 0.2807615822658519 0.6359972122336149 0.029878397540671918 0.03436835594746519
0 0.14838087432213382 0.554818054047586 0.039289758976990455 0.041109678878243724
0 0.33008941657480734 0.619826657620202 0.04556703005422928 0.04612472749876275
0 0.8261508294371815 0.7857105229514632 0.03926248789975162 0.03642217887824373