0 0.4739931600584354 0.7687622678602027 0.025818455534962936 0.023873876623205347
0 0.6278324003549705 0.4283712727314667 0.036810519237293705 0.02562729139585791
0 0.7677530175080132 0.2938172203785603 0.043988102176918176 0.05229888555165916
0 0.60544344375 0.49420582343749997 0.5965731812499999 0.5109432703125 0.5989211453125 0.5586189421875 0.6233024453125 0.5884041421874999 0.6487984890625 0.5781905734375 0.64714624375 0.51183343125 0.6399441234375 0.4938437828125 0.60544344375 0.49420582343749997
0 0.56000123125 0.46626546874999997 0.5953320093750001 0.47381094218750003 0.6015696593750001 0.4573041015625 0.5938141390625 0.4340427796875 0.5819001890625 0.42178601562500007 0.553494834375 0.42959435625 0.56000123125 0.46626546874999997
0 0.7217133812500001 0.3616576265625 0.7280933546874999 0.32119764375000004 0.7219980296874999 0.31375134375 0.7012138171875 0.318232028125 0.6974664578125 0.3584614046875 0.7217133812500001 0.3616576265625
0 0.5332004234375 0.84368365625 0.5419283640625 0.85089935 0.5782315609374999 0.84239919375 0.5721441859375 0.7844107765625 0.5347341937500001 0.7823675828125001 0.5302990609375 0.7907363078125 0.5332004234375 0.84368365625
0 0.679575659375 0.46643155468749997 0.718645846875 0.4842897703125 0.7417939234375 0.42640052500000003 0.715056709375 0.3994817703125 0.6782001125 0.40271025156249995 0.6740416812500001 0.41371481093750007 0.679575659375 0.46643155468749997
0 0.4040898878259168 0.7817083271129681 0.02625496515360961 0.03637387662320535
0 0.594612440625 0.6441187625 0.6435253109375 0.629193903125 0.640204925 0.5975638562500001 0.608060159375 0.5950594515625001 0.5889361390625 0.615355159375 0.594612440625 0.6441187625
0 0.44913089843750004 0.6249414328125 0.4480161515625 0.664940203125 0.45702078906250004 0.6747917328125 0.48016091562499996 0.66744460625 0.4893078796875 0.6533429984375 0.4883434078125 0.6188465078125 0.45855455625 0.6134756609375 0.44913089843750004 0.6249414328125
0 0.6685789406436564 0.5206854577966585 0.04952877404661713 0.032095479707460586
0 0.6178423637792997 0.7467082155072964 0.030560519237293703 0.025518197240056394
0 0.5354341462634373 0.8716593969190403 0.037192465153609786 0.03656479139585791
0 0.6020338253047123 0.6969536773578493 0.04209821996293304 0.04289661201270896
0 0.7752629279449665 0.21785869237538308 0.030942465153609787 0.036455697240056394