0 0.923101497030499 0.3481269894573125 0.05007420783841639 0.05681362133990877
0 0.9717639690546808 0.43694458879690307 0.028761497492717326 0.022202264003817973
0 0.993211757059629 0.5364724214671757 0.013576485880741984 0.05032726400381797
0 0.9881306262203878 0.4730911741326757 0.023738747559224293 0.031577264003817974
0 0.9171533062143344 0.9220821101209035 0.04153428213245362 0.031722714672181594
0 0.8908204752563798 0.849144049450949 0.05131845909205772 0.04589430267345449
0 0.9490264656894685 0.621773574793085 0.03836381802583091 0.03012385200509069
0 0.9083055596460536 0.2690752887889489 0.043233174452321776 0.03642839600572696
0 0.9332831084050479 0.7785684674569943 0.024210389812585477 0.026835220003181705
0 0.9457697703874641 0.45616675612663055 0.029079746239076342 0.033139764003817976
0 0.9011415804957362 0.3986355194541308 0.02581835391920819 0.028415901336727067
0 0.8795383312871591 0.7029684834499946 0.027335389812585476 0.026871582670272433
0 0.7105262553437693 0.5846350120941775 0.05591503087881229 0.04282384667409058
0 0.9652268125490476 0.400162204129494 0.022329641066226813 0.01587953866963616
0 0.9236303459351426 0.41998380812376707 0.01943196159934004 0.023655676002545433
0 0.8613108877010145 0.21073553011613103 0.03537521034569906 0.03477498933799979
0 0.8262850183424 0.16112588144490397 0.025681961599340043 0.02372840133672711
0 0.8615886501709198 0.5692111014480856 0.05407974623907634 0.033430665340545215
0 0.7579254072305488 0.8179202267663591 0.02568196159934022 0.023728401336727246
0 0.9166288735152495 0.17935880812376703 0.035284282132453625 0.031649989337999784