0 0.7184676419875915 0.09140625 0.053652258672817865 0.0453125
0 0.6330483099936367 0.046875 0.022202264003817973 0.028125
0 0.5357375053310001 0.0171875 0.047274989337999784 0.034375
0 0.5980920546626366 0.0296875 0.031577264003817974 0.028125
0 0.15804776265118253 0.1140625 0.031722714672181594 0.040625
0 0.2288778833147736 0.13671875 0.04585794000636332 0.046875
0 0.4522613866565914 0.07421875 0.02856135200509069 0.0375
0 0.7948937819860007 0.103125 0.0348477146721816 0.040625
0 0.2989091199872733 0.09375 0.02525453866963625 0.021875
0 0.6124449086569095 0.071875 0.03155908267027261 0.0265625
0 0.6674136719844098 0.11484375 0.02685340133672707 0.025
0 0.37097447664704636 0.14453125 0.025290901336727067 0.025
0 0.48317338995863823 0.3046875 0.04280566534054522 0.053125
0 0.6681500159930003 0.0515625 0.014317038669636161 0.021875
0 0.6481369606540459 0.09296875 0.022093176002545435 0.01875
0 0.8506256139799555 0.14765625 0.03477498933799979 0.034375
0 0.8979000559755012 0.18046875 0.022147720003181704 0.0234375
0 0.5012886853119101 0.1578125 0.03030566534054522 0.053125
0 0.2562841732972744 0.265625 0.022165901336727068 0.025
0 0.8817398013208188 0.0921875 0.03163180800445424 0.0328125