0 0.7191300551955756 0.0789145188206468 0.05391593262956 0.04778683664159915
0 0.6426454216725113 0.03329811187238675 0.022365923701106107 0.029143844499481996
0 0.556553963068369 0.011029429488451313 0.04911933847375849 0.022058858976902625
0 0.6117363409093904 0.0152223540145039 0.03174092370110611 0.029580492142117148
0 0.19145506858825612 0.07773108602242662 0.03349433847375849 0.040590766749222996
0 0.2558215316566252 0.10205468982753355 0.044595479707460584 0.05047518899896399
0 0.4713743936693341 0.051423181350478145 0.028752291395857908 0.03724744292790545
0 0.7907050462671218 0.09275438689377738 0.03664661201270878 0.042298815963434724
0 0.32517154951353267 0.0644776071148758 0.026971603084255058 0.024674668320799585
0 0.6219510921272065 0.056119181764762896 0.033276150162155814 0.028090766749222996
0 0.6703925462671219 0.09835803164092839 0.026998876623205346 0.026237168320799566
0 0.3883067491892211 0.11461884822353566 0.027026150162155815 0.027799668320799588
0 0.4792475746773361 0.27118987179718423 0.04155230032431163 0.05501713978475227
0 0.6761164407472348 0.03876470781961082 0.014444329545304769 0.022529971463952712
0 0.6535868758124266 0.07728355231909283 0.02376478246740401 0.01984161910658786
0 0.8391192268680868 0.13655573676994287 0.03338524431795733 0.034340766749223
0 0.8807067090111793 0.16896582237808472 0.023846603084255236 0.02452911910658786
0 0.5105402593354909 0.13312479156572582 0.03215002678536116 0.05301799214211718
0 0.27005953531007315 0.22550930645292203 0.023873876623205437 0.02609161910658786
0 0.8727908433450224 0.08580872002071985 0.03182274431795733 0.034267992142117155