0 0.69375 0.09765625 0.05 0.0421875
0 0.61328125 0.05390625 0.0203125 0.0265625
0 0.52421875 0.02421875 0.0453125 0.0359375
0 0.58046875 0.03671875 0.0296875 0.0265625
0 0.16484375 0.109375 0.0296875 0.0375
0 0.23125 0.13203125 0.040625 0.0453125
0 0.44296875 0.0765625 0.0265625 0.034375
0 0.76640625 0.11015625 0.0328125 0.0390625
0 0.29765625 0.09296875 0.02421875 0.02109375
0 0.59453125 0.07734375 0.03046875 0.025
0 0.64609375 0.11875 0.025 0.0234375
0 0.365625 0.14140625 0.02421875 0.02421875
0 0.4703125 0.2953125 0.03828125 0.05
0 0.646875 0.059375 0.01328125 0.0203125
0 0.62734375 0.09765625 0.02109375 0.0171875
0 0.81875 0.15234375 0.03203125 0.03203125
0 0.86328125 0.184375 0.02109375 0.02265625
0 0.4890625 0.15703125 0.02734375 0.04921875
0 0.25625 0.2546875 0.02109375 0.0234375
0 0.8484375 0.1015625 0.0296875 0.03125