0 0.6223330723735755 0.07818276827589307 0.06028683664159899 0.054807171945039215
0 0.5335231294456702 0.04751177830502292 0.026455492142117266 0.03197742570596289
0 0.43610231989237613 0.03297425369441669 0.05189213978475227 0.042079851411925794
0 0.496331344499482 0.03628712179938992 0.03746576674922295 0.033858174452321664
0 0.10342686869230308 0.17699206050398356 0.03946491439185813 0.04327863855894436
0 0.17421240363849116 0.18919419530200418 0.05091183664159917 0.05453438730530311
0 0.3697367653014809 0.09891985094970739 0.036194365177646404 0.04006271034569897
0 0.6980415477664696 0.0788252774470931 0.04437073821317572 0.0481025308788124
0 0.23118584160399788 0.13935933135366607 0.029362168320799586 0.027380853919208283
0 0.5199529350700226 0.07442361929210745 0.03739299214211726 0.03229567445232166
0 0.5816010645156927 0.10820523739708068 0.030997442927905537 0.028988818025830955
0 0.3093857702638797 0.17674332257817746 0.031070217535011314 0.030551318025830908
0 0.44994661186787754 0.31346573574772807 0.0510573858558109 0.05765938730530316
0 0.5670804921421171 0.04770800659741057 0.01827911910658777 0.023937605172849485
0 0.5573266565339752 0.08955452579774045 0.025946069892376043 0.021039925705962893
0 0.7597260645156927 0.1133881455520663 0.0408818651776464 0.04019910266556703
0 0.8115625463187275 0.13752197901730345 0.026164393713693813 0.025727425705962936
0 0.4347667599247974 0.1718094331613033 0.04004711124870504 0.05577863855894431
0 0.22888924917143044 0.3078138146606187 0.027799668320799498 0.027335389812585653
0 0.7773822913563289 0.05694792893816118 0.03604881596343468 0.03693771034569897