0 0.8765781865265156 0.23712871517219272 0.05646060015828454 0.06125566256778665
0 0.9412604636444042 0.311765100809008 0.03202288981258548 0.026744307181592396
0 0.9856133799813115 0.4013406852161593 0.02877324003737698 0.053334078258831144
0 0.9663884957768578 0.342874200243274 0.033858174452321775 0.03612839754067201
0 0.9824370446023589 0.7936054532683361 0.035125910795282066 0.03932612041330898
0 0.9487118801126602 0.7289798718862469 0.057750315518548236 0.05188975292686635
0 0.9575399961725694 0.49529521829545065 0.04318771034569906 0.03462043969514959
0 0.8462936414619382 0.16307359163562585 0.048102530878812645 0.042460210772388506
0 0.9738051568348375 0.6514770406023536 0.027380853919208192 0.02827953610435365
0 0.9200901572970558 0.33611111583612263 0.033903638558944495 0.03769089754067192
0 0.8648427161516867 0.29033098322436945 0.030596782132453627 0.0314227168225127
0 0.9071655746232414 0.5901355405041577 0.030596782132453627 0.0314227168225127
0 0.7220798692921074 0.5130741125164731 0.06082985141192587 0.050345433645025396
0 0.9270017353520167 0.2782486188611848 0.023983069279471893 0.018886355386194254
0 0.8918598572179135 0.305801447120016 0.02260242570596276 0.025127265027114643
0 0.7894609682632578 0.11652129938295228 0.04180706677218975 0.040861349336070066
0 0.7453328835443795 0.07692753425764177 0.028897889812585474 0.026726126463433107
0 0.8628579819868044 0.46380938984022774 0.05894910266556721 0.039398843285945874
0 0.8150726660060374 0.7281945975875542 0.028897889812585474 0.026726126463433177
0 0.8359351514910681 0.07561904343102395 0.04015363855894449 0.03772725897699045