0 0.08113369183926097 0.2830858169378847 0.05171368942018657 0.058788501809022266
0 0.037519470707868985 0.3633598151288624 0.015336573663405883 0.022611984396167805
0 0.07773057288694703 0.8397961623699004 0.04575211575678066 0.03666784034363317
0 0.10424059400422159 0.7734242118949306 0.05273015785015547 0.04949538896415202
0 0.05193682843096755 0.5440332830166869 0.04088260523343699 0.033297178878243724
0 0.09707793927901223 0.20915034995457144 0.04593412628012437 0.03979284034363299
0 0.06480709670564469 0.6981442509045112 0.024984589448421433 0.027790807326946165
0 0.05745253910960302 0.3846549609904194 0.031598610495108835 0.03436835594746519
0 0.10293236810526793 0.3364122127994417 0.028200594710093264 0.029517081637205768
0 0.11792512045375518 0.6339456320667471 0.028109589448421436 0.027954581637205676
0 0.28424879949177234 0.5476407191310197 0.05888915258848364 0.048260437584671044
0 0.040113849689416455 0.3276679765942516 0.018006547355046643 0.014963258706427318
0 0.07976017861449419 0.35311171189493057 0.021677578925077733 0.024502033016686832
0 0.1441202682746771 0.16098948891872356 0.03968412628012441 0.03946529172311406
0 0.17902661831702943 0.11842353064183757 0.026365078925077733 0.02474769448207601
0 0.13780643899666356 0.5072536572815178 0.056598610495108836 0.03567855042954129
0 0.23467154664917497 0.7662402329258298 0.02792757892507769 0.024829581637205854
0 0.09041914462538868 0.12156846279944174 0.03793961575678069 0.036258404567984306