0 0.42307750000000005 0 0.6384624999999999 0.39422999999999997 0.7826925 0.796155 0.8365375 0.9974999999999999 0.8846149999999999 0.9974999999999999 0.8865375 0.99423 0.7442300000000001 0.5634625 0.646155 0.31730749999999996 0.475 0 0.42307750000000005 0
0 0.7 0.675 0.8115375 0.9961550000000001 0.8384625 0.9961550000000001 0.7865375 0.8365375 0.7 0.578845 0.6326925 0.4173075 0.5 0.159615 0.403845 0 0.3826925 0.003845 0.3980775 0.0423075 0.603845 0.4173075 0.7 0.675
0 0.8269225 0.3480775 0.7596149999999999 0.23461500000000002 0.7384625 0.24230749999999998 0.8038449999999999 0.3730775 0.8269225 0.36923 0.8269225 0.3480775
0 0.7730775000000001 0.36538499999999996 0.7480775000000001 0.36923 0.7730775000000001 0.4384625 0.7980775 0.42884500000000003 0.7730775000000001 0.36538499999999996
0 0.5326925 0.3923075 0.4576925 0.271155 0.3769225 0.125 0.290385 0 0.265385 0.00577 0.403845 0.21346250000000003 0.5173075 0.39422999999999997 0.5480775 0.43077 0.5326925 0.3923075
0 0.4269225 0.496155 0.48077 0.565385 0.5192300000000001 0.7173075 0.6 0.8788449999999999 0.671155 0.9974999999999999 0.746155 0.9974999999999999 0.678845 0.8653850000000001 0.6173075 0.7019225 0.5519225 0.55577 0.4865375 0.44615499999999997 0.3865375 0.41346249999999996 0.203845 0.1134625 0.1769225 0.1269225 0.21346250000000003 0.203845 0.2730775 0.32115499999999997 0.3519225 0.42307750000000005 0.4269225 0.496155
0 0.9423075000000001 0.9974999999999999 0.9326924999999999 0.85577 0.8884624999999999 0.7442300000000001 0.853845 0.7557699999999999 0.8326925 0.7692300000000001 0.909615 0.9974999999999999 0.9423075000000001 0.9974999999999999
0 0.571155 0.9974999999999999 0.6326925 0.9974999999999999 0.5615375 0.88077 0.478845 0.6423075 0.4365375 0.6423075 0.43269250000000004 0.6884625 0.5192300000000001 0.9288449999999999 0.571155 0.9974999999999999
0 0.771155 0.9974999999999999 0.7307699999999999 0.8711550000000001 0.6730775 0.7 0.6269224999999999 0.6115375000000001 0.59423 0.6153850000000001 0.6326925 0.746155 0.734615 0.9961550000000001 0.771155 0.9974999999999999
0 0.2796875 0.1765625 0.059375 0.06171875
0 0.421875 0.36171875 0.02890625 0.05
0 0.26328125 0.478125 0.0421875 0.0328125
0 0.5921875 0.071875 0.034375 0.03671875