0 0.8898036546875 1 0.749222221875 0.5728215249999999 0.650156565625 0.32302737812500004 0.47999695937500003 0.0055852703125 0.42758506875 0.004975403125 0.6423863640625 0.4006364578125 0.7880732328125 0.8083165265625001 0.8391754625000001 1 0.8898036546875 1
0 0.8408441796874999 1 0.7919570703125001 0.8491521234375 0.7045454546875 0.5878395421875 0.63655808125 0.4238792453125 0.502525253125 0.162024178125 0.4084415078125 0.0047526468750000005 0.3844994953125 0.0044740562499999996 0.3995732328125 0.0423338 0.6074191921875001 0.423540184375 0.7045454546875 0.6849658046875 0.813516815625 1 0.8408441796874999 1
0 0.8327500000000001 0.37759901406249996 0.8327500000000001 0.35623285312499997 0.7647626265625 0.24083316250000003 0.7433964640624999 0.24835474687499998 0.80943939375 0.381214134375 0.8327500000000001 0.37759901406249996
0 0.7783611109375 0.4468979609375 0.8036136359375 0.437477153125 0.7783611109375 0.3730823046875 0.7531085859375 0.376672303125 0.7783611109375 0.4468979609375
0 0.29428939375 0.0034243671875 0.268910325 0.0031290546874999997 0.2655404046875 0.0038676203125000003 0.405398990625 0.21528542499999997 0.5200075749999999 0.3992124515625 0.5510883843750001 0.4364832015625 0.5355479796875 0.3974513625 0.4597904046875 0.2741935796875 0.3782045453125 0.12561292968749999 0.29428939375 0.0034243671875
0 0.74546075625 1 0.6831767671875 0.8770252390625 0.6210176765625001 0.7111883171875 0.5549722218750001 0.56279101875 0.48892676718750006 0.45130028906249997 0.3879166671875 0.41710220312499996 0.2033787875 0.1119246078125 0.17618434375 0.12520413125000002 0.213093434375 0.203333103125 0.27331060625000003 0.32252874062500003 0.3529520203125 0.42640747343749996 0.4287095953125 0.5011046484375 0.483101009375 0.57166684375 0.5219494953125 0.7255759578125 0.6035353531250001 0.8896944875000001 0.6692249578125 1 0.74546075625 1
0 0.9483805468750001 1 0.9395883843749999 0.8702967359375 0.894911615625 0.7571102093750001 0.8599444437500001 0.7683598953125 0.8385782828125 0.7817072375 0.9118513390625 1 0.9483805468750001 1
0 0.6305463140625001 1 0.56468434375 0.8911868578125001 0.481156565625 0.6493437140625 0.4384217171875 0.6488464484375001 0.434537878125 0.6954224671875 0.5219494953125 0.9392502 0.5674948265624999 1 0.6305463140625001 1
0 0.7727379296875 1 0.7356262625000001 0.8834638265624999 0.6773510093749999 0.70990189375 0.6307297984375 0.6200033484375 0.5977070703125 0.62350545625 0.63655808125 0.7560484375 0.7355451078125 1 0.7727379296875 1
0 0.28046875 0.17670104937140735 0.059375 0.0631908906747269
0 0.42421875 0.36509248205758826 0.028125 0.05032726400381797
0 0.26328125 0.48040730470240744 0.04375 0.033321577339272324
0 0.59609375 0.07490492874758718 0.034375 0.03789998933799978