0 1 0.2284882375 0.5965827578125 0.2758515375 0.3234246515625 0.3251303953125 0.0188524859375 0.4188139171875 0.013403521875 0.46064914999999995 0.0137346921875 0.47203075625 0.4035770890625 0.3497194265625 0.8474320421874999 0.285848134375 1 0.2769667515625 1 0.2284882375
0 1 0.278204153125 0.8905811124999999 0.2905345765625 0.6068116453125 0.3252953453125 0.42715327812500004 0.360707359375 0.1371138171875 0.44360692031250004 0.014206050000000001 0.48823027343750003 0.015121565625 0.5196944828125 0.4232344484375 0.39079475937499997 0.708310421875 0.34600312031249997 1 0.3071544578125 1 0.278204153125
0 0.40278935000000005 0.1477752390625 0.38046130625 0.143219875 0.2515496890625 0.1889852390625 0.2567962046875 0.2127035421875 0.40371567500000005 0.1726732296875 0.40278935000000005 0.1477752390625
0 0.46855476406249996 0.218844353125 0.46179893749999995 0.19069861562499998 0.3914160109375 0.2031065078125 0.392078534375 0.23000909218749999 0.46855476406249996 0.218844353125
0 0.018146134375 0.6236421890625 0.1808915546875 0.5554912796875 0.3871186125 0.476081809375 0.429869303125 0.4518584703125 0.3871792671875 0.45962151718750005 0.2491052828125 0.511753909375 0.083855459375 0.5645198078125 0.0172796546875 0.5938632125 0.018146134375 0.6236421890625
0 1 0.38277109375 0.9064021578125001 0.4090683734375 0.72549564375 0.438047821875 0.5623384578125 0.47476799375 0.43774932812499995 0.5193568187500001 0.38965530937500004 0.6166143328125 0.048164803125 0.7425516812499999 0.05871551093750001 0.7735300656249999 0.1448767765625 0.75198543125 0.27680472031250003 0.7150717906249999 0.39510233281249996 0.654787796875 0.482429571875 0.5923020546875 0.5628219921875 0.5510493796875 0.7284121796874999 0.5436540937500001 0.909899378125 0.49420094687500005 1 0.46170431093750003 1 0.38277109375
0 1 0.1516456828125 0.930737090625 0.14223954375 0.8069898140625 0.1643495375 0.814468478125 0.20294017343749998 0.82580301875 0.2279005546875 1 0.206373171875 1 0.1516456828125
0 1 0.5002773281249999 0.9067063640624999 0.5347311718750001 0.6437579234374999 0.5696230171875001 0.6380106 0.6137489421875 0.6862083171875 0.627699065625 0.9517057890625 0.589210446875 1 0.56530065625 1 0.5002773281249999
0 1 0.34751433593750003 0.9195466515625 0.35615419375 0.731042459375 0.3794667359375 0.6313936984375 0.4085544 0.631013859375 0.44348065312499996 0.7742763453125 0.43152739375 1 0.3888892578125 1 0.34751433593750003
0 0.1250183158477529 0.6767872859796453 0.077136813011266 0.07693068114108108
0 0.3395545257977405 0.5689705936709124 0.058949102665567035 0.04175516046291676
0 0.44105850448583955 0.7593837320079226 0.04207985141192587 0.05189213978475227
0 0.057939498284140356 0.32881851282028157 0.04502299498543507 0.045787688998963995