0 0.457404771875 0.2159482421875 0.107086859375 0.0034502437499999996 0.0926630171875 0.0536799625 0.22625133125 0.1237822578125 0.6017180296875 0.365859703125 0.9342306796875001 0.6700210249999999 0.9500836156249999 0.6148146203125 0.6843750109375 0.3745859640625 0.457404771875 0.2159482421875
0 0.920733478125 0.7170238 0.92860415 0.6896149046875 0.8042851640625001 0.564987009375 0.575860934375 0.3669302875 0.4278147203125 0.25968627031249997 0.18527015 0.11080235000000001 0.0922790390625 0.055017134375 0.08363033125 0.08513547031249999 0.32743327187500004 0.2385336984375 0.56703553125 0.3976639515625 0.8955673953125001 0.6993793937499999 0.920733478125 0.7170238
0 0.6854730359375 0.1705770359375 0.6743962515625 0.194317046875 0.7909115156250001 0.2927418375 0.8054133859375 0.2718985296875 0.7075552843749999 0.17523025 0.6854730359375 0.1705770359375
0 0.6613517437499999 0.2545772375 0.6730140765625 0.22878847656249998 0.6144130484375 0.18819368593750002 0.5967244890625001 0.2127125875 0.6613517437499999 0.2545772375
0 0.6748992125 0.585523715625 0.571366490625 0.478968290625 0.5359201703124999 0.45411621875 0.564652709375 0.494936303125 0.718653828125 0.6555834125 0.8853626484375001 0.8401994937499999 0.8943054500000001 0.809056996875 0.8027681734375 0.7037265578125 0.6748992125 0.585523715625
0 0.5045679875 0.630025725 0.5010318093749999 0.5162954953125001 0.40660216718750003 0.4225218046875 0.27402903749999996 0.32071044375 0.122207975 0.21919022500000002 0.0603837546875 0.16608954843749998 0.035714089062499996 0.2519994109375 0.0840350546875 0.300229440625 0.227962646875 0.42181618906249996 0.37479664218750003 0.4962113921875 0.430595884375 0.5688091578125001 0.4839404921875 0.6647888453124999 0.5662216546875001 0.7712103781249999 0.6704497609375 0.86052958125 0.739574559375 0.916380440625 0.76186266875 0.890658625 0.5045679875 0.630025725
0 0.145449059375 0 0.2696564609375 0.07643613125 0.2901793375 0.0568615796875 0.312817209375 0.022519265625 0.2804767171875 0 0.145449059375 0
0 0.2809608671875 0.5264142640625 0.2939041296875 0.48134052812499994 0.0702584921875 0.340783303125 0.023758048437500002 0.2936352375 0.0021257359375 0.36896779375 0.0071271156249999995 0.3752813015625 0.23160083281250002 0.5203572984375 0.2809608671875 0.5264142640625
0 0.3713284125 0.330350040625 0.2930979265625 0.261716896875 0.13206993281249998 0.16260085156249998 0.071661971875 0.1268141875 0.05896735937499999 0.17102201875 0.23255909843749997 0.2945890640625 0.3573100828125 0.36433371718749996 0.3713284125 0.330350040625
0 0.7194451590131669 0.7958750078343033 0.084497016805914 0.08299818380210837
0 0.5697502010279518 0.6030866244499368 0.06272017589344295 0.04623301285158128
0 0.39930375536284535 0.7473034925484452 0.047477177870609386 0.054971342889637495
0 0.9239522227767816 0.4857002173023931 0.0503475098858317 0.04884867688202625