0 0.30974325625 1 0.3129033203125 0.921568403125 0.37198995 0.4467256640625 0.49661852656249994 0.0144501234375 0.44366460781250006 0.012909321875 0.3446043828125 0.36364462343750004 0.29773668125 0.656609534375 0.2639050375 1 0.30974325625 1
0 0.3474675328125 1 0.37370575625 0.7697704921875 0.4156259609375 0.464513621875 0.5458671859375 0.015883112499999998 0.513776565625 0.014949371875 0.465976465625 0.1575580453125 0.384001359375 0.470885996875 0.350014640625 0.6637930453124999 0.3186377984375 0.96692541875 0.3155320546875 1 0.3474675328125 1
0 0.159227609375 0.4608024140625 0.18547470625 0.45994515781249995 0.224931746875 0.3013738078125 0.19984761874999998 0.29756805937499997 0.1540159578125 0.437489140625 0.159227609375 0.4608024140625
0 0.245662884375 0.4433856609375 0.2173088265625 0.444670353125 0.20553768906249997 0.5201353984375 0.2353140015625 0.5252128828125 0.245662884375 0.4433856609375
0 0.6226365328125001 0.0181168734375 0.5923738234375 0.092219396875 0.5398385828125 0.27114643437499997 0.48746857343750005 0.42124232812500007 0.48007905468749995 0.46703238281250004 0.5048083375 0.41996269062499997 0.5846553421875 0.19566567968749998 0.6531543015625 0.0190048484375 0.6226365328125001 0.0181168734375
0 0.524351346875 1 0.5335568640624999 0.972348846875 0.582302096875 0.7764679515624999 0.5870332031250001 0.6005304687499999 0.6290073015625001 0.5123336328125 0.69322225 0.4152237078125 0.7545453859375 0.2854728453125 0.7909960390624999 0.143010496875 0.8121011593749999 0.050158557812500004 0.7792705390625 0.0412707328125 0.6529059359375 0.4122729203125 0.5513340343750001 0.47039489375 0.506661984375 0.605650765625 0.4709922140625 0.781176525 0.443805253125 0.9749306296875 0.43736313125 1 0.524351346875 1
0 0.241306203125 1 0.2514559984375 0.9029378875 0.22495084687500003 0.892775475 0.1841575 0.8877035984375 0.16638174375 1 0.241306203125 1
0 0.6315771015625 1 0.635733146875 0.9991625546874999 0.67006345 0.7255603546875 0.6544764140625 0.675539875 0.6080960421875 0.68488554375 0.5761963734375 0.9659741765625001 0.5645903765625 1 0.6315771015625 1
0 0.436986525 1 0.46502433437499996 0.8333259984374999 0.47496983437500007 0.6807012390625 0.4381821171875 0.6836824375 0.40937965624999995 0.791377153125 0.3883031609375 0.9927602109375 0.3876609703125 1 0.436986525 1
0 0.7118773104030461 0.1277628826199426 0.08173178903121965 0.0851766335443794
0 0.6011160306434045 0.36286164515635494 0.0441136143631848 0.06377299498543501
0 0.8037319705349459 0.4562719790173035 0.05496021077238851 0.04846624373179385
0 0.3433318434823376 0.08187710345698984 0.04715680113146812 0.04980142319868044