0 1 0.7916560390625 0.860511934375 0.772228471875 0.42656529218749994 0.67508414375 0.0089439375 0.512397846875 0.009414404687499999 0.539350853125 0.01366876875 0.5636792640625 0.3498339296875 0.6926305609375001 0.6173446703125001 0.7621009375 1 0.8377822453125001 1 0.7916560390625
0 1 0.761950840625 0.722682915625 0.702793346875 0.44380052968749995 0.6367392328125 0.0261760390625 0.4732038 0.008177773437499999 0.46850435625 0.008641860937499999 0.495091925 0.16354128125 0.56281158125 0.44896555937500005 0.666275240625 0.6250451671875 0.7148814796875 0.9022055796874999 0.771088553125 1 0.78997568125 1 0.761950840625
0 0.43492279375000004 0.871185028125 0.434697690625 0.84707304375 0.290204690625 0.7965698109375 0.2861808421875 0.819194225 0.4134441125 0.873844215625 0.43492279375000004 0.871185028125
0 0.4208059125 0.790458221875 0.42137777187500003 0.8165382749999999 0.490292496875 0.834157075 0.495582153125 0.8073513312499999 0.4208059125 0.790458221875
0 0.006811021875000001 0.3902031375 0.10635597031249999 0.44114819687500006 0.2692262828125 0.5054720609375 0.40567545000000005 0.5670314015625 0.44748567812499995 0.5779482812500001 0.404872971875 0.5510375171875 0.2010029625 0.4575921890625 0.006319750000000001 0.362058253125 0.006811021875000001 0.3902031375
0 1 0.613150996875 0.9117666812499999 0.5747802390625 0.7332766656249999 0.5123901890625 0.5721253546875 0.49211120625 0.492186621875 0.445681775 0.4045537875 0.37807868125 0.286942721875 0.31016506875 0.1571499296875 0.2638748625 0.0724989140625 0.236133075 0.063651721875 0.2653902640625 0.4009882 0.41472859375000004 0.45208942968750004 0.51300536875 0.5751016578125 0.566170665625 0.7352148078125 0.614742646875 0.9122160046875001 0.657199171875 1 0.6886058312500001 1 0.613150996875
0 1 0.858991965625 0.842124040625 0.826806709375 0.832243753125 0.8501561843750001 0.8267239249999999 0.8870506578124999 0.9479031203125 0.91831404375 1 0.9154619234375 1 0.858991965625
0 1 0.515062940625 0.9480761546875 0.48579673593750006 0.6884926703125 0.427413534375 0.642314375 0.437152684375 0.6498893640625 0.48046994375 0.906834809375 0.5351577468750001 1 0.576448321875 1 0.515062940625
0 1 0.683123215625 0.7828840125000001 0.6249341515625 0.6432109328125 0.6019934218749999 0.645157565625 0.6359498875 0.743248059375 0.67208540625 0.9273719453125 0.709638096875 1 0.723285140625 1 0.683123215625
0 0.1417058534879969 0.3352157921027844 0.07312958279171564 0.0743849303072194
0 0.35466159537032205 0.45820689191744995 0.0569045649348082 0.03946429328391084
0 0.44446661485208255 0.2802034322061359 0.04147047970746058 0.04985615626060227
0 0.09130602759284483 0.6684077488188735 0.04289661201270882 0.04209821996293321