0 0.5472999093750001 0 0.646303725 0.4225003171875 0.67729213125 0.854628053125 0.675628225 0.9915963953125001 0.7209502203125 0.9910690265625 0.703650040625 0.614267046875 0.67508886875 0.347491021875 0.5961863734375 0.0022105203125 0.5862117828125 0 0.5472999093750001 0
0 0.5048584734375 0 0.50694751875 0.019262218749999997 0.605889265625 0.43796121093749996 0.629379375 0.7158207609375 0.6463029578125 0.9919376265625001 0.673895709375 0.99161655625 0.6699344218750001 0.8957245281249999 0.6559037390625 0.619961328125 0.63426263125 0.4442491796875 0.5748355468749999 0.1584254515625 0.5303696140625 0 0.5048584734375 0
0 0.8385624625 0.4386562984375 0.8443973828125 0.41756881718749994 0.80949478125 0.2897838890625 0.7865679640625001 0.292842075 0.81480293125 0.43746170781249993 0.8385624625 0.4386562984375
0 0.7665046656250001 0.495939246875 0.7937467546875 0.49180062812500003 0.7866630984375 0.42308637656250003 0.761013353125 0.421470240625 0.7665046656250001 0.495939246875
0 0.4018408046875 0 0.46540710625 0.1911482671875 0.5271400171875 0.39609183593749997 0.5473247234375 0.4392265359375 0.5428024734375 0.39752875625 0.5024550921875 0.26040071249999996 0.46332948749999997 0.0970893203125 0.42906644531250004 0 0.4018408046875 0
0 0.28080670625000004 0.1400621453125 0.30708190625 0.27000599062499997 0.3565156875 0.3888012515625 0.410124559375 0.47800207187500005 0.443989928125 0.558756553125 0.4399099671875 0.7185952906249999 0.474792309375 0.8972419 0.50162755625 0.9936210765625001 0.574709809375 0.9927706875 0.5560543609375 0.90100933125 0.5406194296875 0.7246357984375 0.51662526875 0.5646804109375 0.4825522359375 0.44115020625 0.39321405781249996 0.38676093125 0.296279296875 0.0478611171875 0.2660863515625 0.0554113734375 0.28080670625000004 0.1400621453125
0 0.7956472203125 0.8259176359374999 0.7584153812500001 0.8298764921874999 0.7338975999999999 0.8386844515625 0.7417993171874999 0.9908264250000001 0.799410934375 0.990156053125 0.8083819421875 0.9467557078125 0.7956472203125 0.8259176359374999
0 0.43643096249999996 0.8907772078124999 0.42087748906250005 0.6350230046875 0.37926535 0.6258011265625 0.3627516875 0.6709761453125 0.381557334375 0.9294825531249999 0.4078359140625 0.9947124421875 0.46601571249999996 0.9940354578124999 0.43643096249999996 0.8907772078124999
0 0.6055342718750001 0.918079828125 0.59600311875 0.7348755453125 0.57500910625 0.6366244390625 0.541792603125 0.6333340375 0.5435500234374999 0.77208584375 0.5689919671875 0.9928372218750001 0.60821881875 0.992380775 0.6055342718750001 0.918079828125
0 0.35322554569955505 0.1278495432845477 0.07693068114108118 0.07585452267663592
0 0.4424013999189468 0.34232002860441196 0.043172111248705035 0.055160214672181594
0 0.255096144956548 0.42414383529600175 0.052037688998963993 0.044331802673454136
0 0.6899100624487781 0.0911371472390498 0.044225188998963993 0.044240896005727004