0 0 0.5978214562499999 0.11431298281249999 0.604268609375 0.5872588734375 0.59376539375 0.7463999140625 0.5807907625000001 0.7387961140625 0.5326057125 0.23569244218750002 0.4946223640625 0.24509125625 0.540810378125 0 0.5460102671875 0 0.5978214562499999
0 0 0.4631374265625 0.0222305640625 0.4626676203125 0.0173403640625 0.43490312343750004 0 0.43611260312500005 0 0.4631374265625
0 0.8475959365222738 0.9561845539711691 0.04251713978475209 0.041334112012708604
0 0.7746721668775667 0.8767231505626022 0.06417381596343467 0.03702844155801373
0 0.9448883134867445 0.9657016501555653 0.022893844499482084 0.02225682954530477
0 0.8131589321790477 0.7890419184195098 0.03383134449948209 0.022447744317956975
0 0.9112689464470712 0.7977914013733811 0.04647689371369381 0.025790932629559827
0 0.02231560835773009 0.7799290077106378 0.043424668320799574 0.027298885551659068
0 0.09481565467645767 0.6670392698855023 0.057778266749223 0.03379434740221221
0 0.5668585953124999 0.4920239421875 0.9764376015625 0.523349225 0.977728896875 0.49562458906250006 0.9776559796875001 0.49383961875000004 0.819327784375 0.4644959125 0.689200721875 0.4438111921875 0.44924916093749995 0.412605159375 0.2941946484375 0.39035389375 0.2074748453125 0.4178948875 0.2006257640625 0.453091434375 0.5668585953124999 0.4920239421875
0 0.7005018015625 0.43641251406250003 0.9773892453125 0.48731013437500004 0.975276234375 0.435584665625 0.7163234125 0.37744238124999996 0.7005018015625 0.43641251406250003
0 0.8284063375 0.402690884375 0.975450015625 0.43983876562499996 0.9720628843749999 0.35692354375 0.8491871874999999 0.34337765625 0.8284063375 0.402690884375
0 0.5872782609375 0.3021264453125 0.59426209375 0.270228528125 0.4363075078125 0.2581008125 0.43751969218750003 0.28777445625000003 0.5872782609375 0.3021264453125
0 0.6896493359375 0.7793943015625 0.6953177687500001 0.7558539843750001 0.41633634218750004 0.7835786203125 0.41252489375 0.8119500484375 0.6896493359375 0.7793943015625
0 0.056628604014503904 0.6139864078727936 0.030706344499481997 0.022393197240056395
0 0.3114316122866715 0.8006132491859258 0.03056079528527027 0.019268197240056396
0 0.33290227543567535 0.3060547256469755 0.058758569892376135 0.02132162094116259
0 0.3724247702683888 0.7836945304355138 0.06002997146395268 0.01509889448011279
0 0.7630393473949661 0.10245380762461694 0.07191354135632899 0.03560230925276531
0 0.6019048325077699 0.3388980478853843 0.06468323821317572 0.04796594155801363
0 0.9096553281645438 0.17772831736384959 0.12228172249741007 0.11142051542127547