0 0.8404160375 0.522538459375 0.8329812421874999 0.4751442109375 0.3410597625 0.4236413109375 0.35024967500000004 0.4691313359375 0.08599097812499999 0.46705633593749996 0.09167076874999999 0.5163575546875 0.22237813437499998 0.527542521875 0.6848121328125 0.5307142921875 0.8404160375 0.522538459375
0 0.12756087031250002 0.3589581 0.046975704687499995 0.36224169375000004 0.0569926078125 0.3856835078125 0.1323423765625 0.3862814078125 0.12756087031250002 0.3589581
0 0.9394761962337601 0.8937328931958362 0.037401840912470875 0.037401840912470875
0 0.8681012619373603 0.8129086575302921 0.05908583992388792 0.03360567885919252
0 0.9061331611390575 0.7284089821311408 0.03207767095052709 0.021585839923887917
0 0.9898649143147719 0.7394008788613801 0.020270171370456325 0.023594008897248563
0 0.13246089779318457 0.6965473947530729 0.04151633794672147 0.023530341901054186
0 0.0658318133065042 0.6937844920913345 0.02276633794672147 0.02276633794672147
0 0.20238212555006316 0.5880544624338393 0.05427100593149907 0.03028967787060921
0 1 0.42970071093750006 0.91172298125 0.410749146875 0.7844881781249999 0.386794609375 0.54986988125 0.349414128125 0.398261675 0.323216596875 0.31346934375 0.34771474062499996 0.3067724921875 0.38198077656249996 0.664865278125 0.430518978125 1 0.4659368 1 0.42970071093750006
0 1 0.37057533593750003 0.8110080296875 0.3225846421875 0.7955380765625 0.3798720921875 1 0.423456578125 1 0.37057533593750003
0 1 0.3012530015625 0.9409187171875001 0.2930119328125 0.9205997515625001 0.3504942140625 1 0.3728907203125 1 0.3012530015625
0 0.6848310890625 0.2451715375 0.6916596968750001 0.21413901875 0.5372158765624999 0.19777093437499998 0.5384011171875 0.226858846875 0.6848310890625 0.2451715375
0 0.784926821875 0.715376353125 0.790469265625 0.6924893265625001 0.5176885953125 0.7116973718749999 0.5139618625 0.7393673640625 0.784926821875 0.715376353125
0 0.16581061418135665 0.535548886350116 0.028889003954332713 0.019896005931498983
0 0.4153662396942387 0.7257123354380826 0.02719916996194378 0.016707338935304607
0 0.436349971368269 0.24202574353702833 0.056886669961943956 0.017917011862998145
0 0.47501315372468367 0.7107611560845984 0.05819450197716627 0.011730678859192522
0 0.8567858522811775 0.055081570077862255 0.0667073389353046 0.029236513840164458
0 0.6993248152464895 0.281393355172565 0.061030341901054184 0.0430443458553869
0 0.038067685779274704 0.0892243260837234 0.07053267589344296 0.046551347832553214
0 0.9724367213496784 0.1339321288613801 0.05512655730064324 0.1024193458553869