0 0.32577646250000003 0.608476796875 0.7944907953125 0.6491741375 0.9283757765624999 0.6502090015624999 0.940847903125 0.600585653125 0.6729645171875 0.5775961609375 0.6884716328125 0.5321840250000001 0.18330864687499998 0.5378616046875 0.16931926875 0.5853779546875 0.32577646250000003 0.608476796875
0 0.981305346875 0.5205451109375 0.9907918546875001 0.5042589937499999 0.9909161187500001 0.4971399484375 0.9134877546875 0.4866496640625 0.9049211968750001 0.5139963234375 0.981305346875 0.5205451109375
0 0.10180522403200824 0.8785224306614582 0.06477161201270887 0.042116071238402955
0 0.07448083929112796 0.7885702310982985 0.0347841030842551 0.024237587005972117
0 0.0002537755708405157 0.7904613458396875 0.0005075511416810313 0.028452308320624908
0 0.862506944811015 0.8295795975521173 0.044268197240056394 0.030705792553055743
0 0.9280364874246889 0.833520908722534 0.0175420560063543 0.020712543502985882
0 0.8067535970017656 0.712956448425798 0.05843979139585791 0.037283100873680655
0 0 0.5128173968749999 0.35963371718750003 0.5084250499999999 0.7288714671875 0.4930521921875 0.7267609109375 0.457551190625 0.6442357624999999 0.42457085 0.487139184375 0.43682564375000005 0.24445835625 0.452574071875 0.11234916406249999 0.4648617921875 0 0.47817332187500006 0 0.5128173968749999
0 0 0.4718899796875 0.2342123640625 0.44448099062499996 0.2263559328125 0.38472291406250003 0 0.42003649374999996 0 0.4718899796875
0 0 0.42309302187500003 0.1115738046875 0.402710628125 0.0988335953125 0.34229373125 0.012002318750000001 0.3462444484375 0 0.41475330781249997 0 0.42309302187500003
0 0.5154591374999999 0.31321785156250004 0.5206244953125 0.28373415625 0.3619963484375 0.28571837499999997 0.3646811046875 0.31794185937499997 0.5154591374999999 0.31321785156250004
0 0.4703447203125 0.83700476875 0.4703426984375 0.80849720625 0.196730778125 0.7630432453125 0.199223459375 0.786856715625 0.4703447203125 0.83700476875
0 0.8505951002481765 0.6619563396683327 0.031659103084255236 0.024164851823611146
0 0.571950128658391 0.8324377195117009 0.0300420560063543 0.02100348423243048
0 0.6164924301972231 0.3386325149145481 0.058248876623205346 0.026345600873680652
0 0.5137382082036958 0.8119265041809719 0.05970228246740419 0.020131968464860962
0 0.21599141842610034 0.10820797103031232 0.07255683847375849 0.040735409194305607
0 0.34446742573299627 0.353554225779965 0.06652502678536117 0.05308993882958344
0 0.07893570332913642 0.17543445146302075 0.0878466477265238 0.11137521751493065