0 0.5923344625 0.3948172671875 0.1682508875 0.4519523828125 0.048933059375 0.477479325 0.04635660625 0.52308228125 0.28868586406249996 0.4901930734375 0.28268545624999997 0.5327339734375001 0.731239325 0.4280874375 0.735527778125 0.3840167671875 0.5923344625 0.3948172671875
0 0.0931971640625 0.591269334375 0.024100609375000002 0.60065293125 0.0161633546875 0.6231945015625 0.0902704484375 0.6167346578124999 0.0931971640625 0.591269334375
0 0.8064112019067657 0.03426328404378211 0.03557540145127902 0.03557540145127882
0 0.7450347030878921 0.1159969228811892 0.05577877404661713 0.03315972958157998
0 0.9073387848463902 0.010675783538036946 0.04333333774894825 0.021351567076073892
0 0.7854116772271764 0.18871517106709068 0.030396828130301045 0.021349210344286274
0 0.8712226916551467 0.16699144929005905 0.03977182813030104 0.021676592558271413
0 0.07742307323615968 0.30785465081830665 0.03988095553496285 0.024801592558271413
0 0.016185472873339983 0.31857638520921 0.021021828130301123 0.021021828130301134
0 0.14677821924514292 0.39984868865992185 0.05254464664195542 0.029925602176918177
0 0.579388409375 0.48848234375 0.253455228125 0.5747283546874999 0.2614301421875 0.6051753546875001 0.34053062500000003 0.6175584890625 0.4782214234375 0.575896309375 0.691471015625 0.5143039828125 0.8069206609374999 0.4775452640625 0.9823826656250001 0.4169292265625 0.9819836984375 0.39415602031249997 0.579388409375 0.48848234375
0 0.7019784796875 0.5193174968750001 0.719232278125 0.5697187953125 0.98238738125 0.4681819625 0.9825020062500001 0.466156196875 0.98299683125 0.451986275 0.9824863609375001 0.422848253125 0.7019784796875 0.5193174968750001
0 0.9826036125 0.46324657656249996 0.8182842078125001 0.5314247265625001 0.839997071875 0.5814348093749999 0.9797876875 0.5438841453125 0.9826036125 0.46324657656249996
0 0.4742482609375 0.68894739375 0.47471517499999993 0.7155992578125 0.615532696875 0.682563728125 0.6076096890625 0.6550794437499999 0.4742482609375 0.68894739375
0 0.42444120312500005 0.2246766734375 0.429338771875 0.2494599640625 0.68062363125 0.23497003125 0.67431584375 0.21475926875 0.42444120312500005 0.2246766734375
0 0.1160986489193901 0.45163936715304265 0.02716270072563942 0.018115082939624473
0 0.33541911171074706 0.24890620363604626 0.02549107332097762 0.014935519237293703
0 0.3794071476534457 0.6874577829474738 0.05210813702330856 0.017425602176918176
0 0.3898065113479274 0.25559022405446635 0.053506945916315905 0.012792665879249121
0 0.7754959192529921 0.8078371932996091 0.06348214664195542 0.03030754809323426
0 0.6197345364908529 0.6205430683420182 0.05766865626060227 0.04258929328391083
0 0.02768223426367636 0.8731448341207508 0.05536446852735272 0.04598711179556503
0 0.9120361091788585 0.718796996750321 0.12682044954451327 0.10118553248413757