0 0.53 0.30166750000000003 0.4883325 0.3083325 0.5 0.06833249999999999 0.45499999999999996 0.0716675 0.44000000000000006 0.19 0.42000000000000004 0.61 0.42166750000000003 0.7516675 0.465 0.7466675 0.53 0.30166750000000003
0 0.575 0.045 0.5716675 0.1134325 0.5966675 0.1101 0.5966675 0.036767499999999995 0.575 0.045
0 0.08125 0.828125 0.03203125 0.03203125
0 0.15625 0.76640625 0.028125 0.053125
0 0.059375 0.928125 0.03125 0.04140625
0 0.23203125 0.80390625 0.01796875 0.028125
0 0.21875 0.88984375 0.01875 0.03828125
0 0.28984375 0.10234375 0.0203125 0.03671875
0 0.29453125 0.0421875 0.01875 0.01875
0 0.3859375 0.16953125 0.025 0.0484375
0 0.54706 0.7058825 0.589705 0.49411750000000004 0.6191175 0.3573525 0.6 0.2794125 0.5691175 0.27206 0.511765 0.5955874999999999 0.45294 0.9955875000000001 0.475 0.9974999999999999 0.5205875 0.8205875 0.54706 0.7058825
0 0.52647 0.9941175 0.6044125 0.7323525 0.55294 0.7161774999999999 0.4808825 0.9974999999999999 0.52647 0.9941175
0 0.6264700000000001 0.85147 0.575 0.8308825000000001 0.5205875 0.9974999999999999 0.6 0.9974999999999999 0.6264700000000001 0.85147
0 0.72794 0.488235 0.70147 0.488235 0.6794125 0.6205875 0.7073525 0.6279399999999999 0.72794 0.488235
0 0.26176499999999997 0.45147000000000004 0.23676499999999998 0.44706 0.24853 0.6941175 0.2691175 0.7 0.26176499999999997 0.45147000000000004
0 0.43515625 0.13828125 0.01640625 0.025
0 0.253125 0.3578125 0.01328125 0.02421875
0 0.69140625 0.39453125 0.01328125 0.05078125
0 0.2640625 0.41328125 0.0078125 0.053125
0 0.8453125 0.784375 0.02421875 0.0609375
0 0.6453125 0.6328125 0.0375 0.05390625
0 0.8453125 0.0390625 0.03984375 0.0625
0 0.7703125 0.93125 0.08984375 0.1375