0 0.36026187187500003 0.601051878125 0.8163066421874999 0.47827027343750006 0.943538621875 0.43362553125 0.9411463546875 0.3845217015625 0.680581384375 0.4549390640625 0.6822730765625 0.40860878281249996 0.20495791093750002 0.585720396875 0.2053080296875 0.6334361093750001 0.36026187187500003 0.601051878125
0 0.9591276000000001 0.273932115625 0.8825638984375 0.290842109375 0.8822767718750001 0.3184789640625 0.9565723109375 0.29839437968750004 0.9602685453124999 0.2830636609375 0.9591276000000001 0.273932115625
0 0.22525023123240837 0.921603056452922 0.06462906603337357 0.04353598428423453
0 0.17371206467863648 0.8491865550051798 0.035603307326946255 0.025038541356328638
0 0.08223057157604144 0.8846210949137667 0.04678646879233552 0.030235463606069858
0 0.9324264026474204 0.6182337682014742 0.04522396879233561 0.030162688998963995
0 0.8450293012225109 0.5311212200207198 0.05977779172311415 0.040192660462916766
0 0 0.6344137953125 0.363697053125 0.4990821140625 0.70936469375 0.3594811203125 0.697192709375 0.328107978125 0.6095023312500001 0.3263900203125 0.46407105312499997 0.3909503796875 0.23849881874999998 0.4878054359375 0.1167673515625 0.5438887765625 0 0.601055671875 0 0.6344137953125
0 0 0.5944740203125 0.226466003125 0.483977753125 0.201896778125 0.4326332 0 0.5402350625000001 0 0.5944740203125
0 0 0.54341074375 0.09822603125 0.48797025468750005 0.068837778125 0.43769280000000005 0 0.46578366875 0 0.54341074375
0 0.4555075859375 0.26957190781249996 0.45195779687500004 0.2411611625 0.30213194374999996 0.2969586921875 0.31390932031249996 0.32517359687499997 0.4555075859375 0.26957190781249996
0 0.5627989999999999 0.758415934375 0.5546297140625 0.7326467765625 0.282197521875 0.784707284375 0.29138333906249997 0.8053852140625001 0.5627989999999999 0.758415934375
0 0.8739222631174414 0.47054543900347323 0.03247830732694616 0.024892992142117088
0 0.6574463348050245 0.7198862752307876 0.029189533016686652 0.02162244292790554
0 0.5593152877663851 0.2576303318885974 0.0591226944820761 0.02769266046291676
0 0.5958504155377191 0.720417122211469 0.058795145861557076 0.021442660462916763
0 0.11258412991904052 0.1864746933421902 0.07071529172311405 0.04070208271265772
0 0.3051014213034703 0.3645503817219817 0.06824538896415203 0.05305653349844608
0 0.9096748931480235 0.018285349671277713 0.043163501809022266 0.03657069934255543
0 0.024204382632573983 0.2954558951614358 0.048408765265147966 0.11846320967712849