0 1 0.5480827296874999 0.7559578203124999 0.54715871875 0.76312885625 0.502784671875 0.2843425703125 0.5475457046875001 0.27896294843749997 0.5938016046875 0.43138644687500005 0.603566015625 0.8832746265625 0.605726034375 1 0.5970629265625 1 0.5480827296874999
0 1 0.443577740625 0.9692409734374999 0.4419686734375 0.9656554578125001 0.4686300765625 1 0.46875726875 1 0.443577740625
0 0.19731907657065664 0.9552074715897856 0.0371924651536097 0.036564791395857554
0 0.2633136096029484 0.8775012573036006 0.05890377404661713 0.03225912094116268
0 0.09175112284979232 0.9728841209411627 0.047857146641955416 0.028943206168510472
0 0.22294901523057847 0.7948154423687924 0.030396828130301135 0.020830697240056394
0 0.13036221114689445 0.8041301668012473 0.04138889183263199 0.022584112012708955
0 0.9779440500769688 0.7720783352207571 0.04144345553496294 0.024146612012708957
0 0.9054837183184705 0.6646282995069421 0.05566964664195524 0.02907957386326192
0 0.018225775 0.5219178906249999 0.01907534375 0.5462463828125 0.44689320312499997 0.5058253781250001 0.794984284375 0.4624405125 0.7870735515625 0.42886015625 0.703216015625 0.4039419890625 0.5560672359375001 0.427832146875 0.3282241390625 0.4617121828125 0.2048102484375 0.483686525 0.018225775 0.5219178906249999
0 0.299744425 0.39862813125 0.018105115625 0.46760203437500003 0.0171556125 0.48032587343750005 0.0171556125 0.491272465625 0.0180069171875 0.5156506359375 0.3171474984375 0.45481786562500004 0.299744425 0.39862813125
0 0.17158301874999998 0.3682349 0.0171556125 0.3880975 0.0171556125 0.47299311718750003 0.19373360781249999 0.4246703 0.17158301874999998 0.3682349
0 0.562396359375 0.3081322359375 0.562396359375 0.2797045484375 0.4120843640625 0.29395154687499997 0.41999509843749994 0.32437178125 0.562396359375 0.3081322359375
0 0.606697540625 0.80952373125 0.601952715625 0.78242655 0.3345532640625 0.76054205625 0.3408823890625 0.7829832734375 0.606697540625 0.80952373125
0 0.9388666479927178 0.6144607041333247 0.027271828130301046 0.020776150162155817
0 0.701637010421255 0.7969247820570717 0.02560020072563951 0.017623876623205526
0 0.6625025223173366 0.32465431574229175 0.055287700725639335 0.018142073863261922
0 0.6433061552491119 0.7810719111159091 0.05663194591631608 0.01191934740221221
0 0.24367313284695732 0.13620410145940204 0.06811508293962457 0.027735262174864595
0 0.4068626467267734 0.36001156858496086 0.060848219962933214 0.04322389448011297
0 0.08853425426116926 0.21001197402541766 0.14885914065150563 0.10409893912238158