0 0.21467415846257004 0.7839013179635002 0.04092498184962743 0.05298115626060209
0 0.17052262002052548 0.3105803798517324 0.028270445745273865 0.025982146641955417
0 0.2146544151018694 0.3777331635169964 0.02668976502711464 0.02280258293962456
0 0.26656182786604776 0.30456104754508007 0.0457670179539809 0.07970734736759474
0 0.3583725988450907 0.3772842741314351 0.02981476502711473 0.022911710344286185
0 0.15896347218526588 0.4718626202330857 0.039389752926866264 0.057614092558271324
0 0.2262878484523073 0.6319940775821469 0.0220568071815924 0.032013891832631994
0 0.27946530708339645 0.10583337086605775 0.05033634328594587 0.059558538474587405
0 0.40229427390590916 0.13980412149902993 0.025163626463433175 0.028998019237293705
0 0.47734881606038704 0.15179817921091102 0.03616475897699054 0.0403174651536097
0 0.16824198165323567 0.18708831614940155 0.025145445745273866 0.025873019237293703
0 0.168423788834828 0.21833831614940155 0.02668976502711464 0.02280258293962447
0 0.11431807181592354 0.31642858656782163 0.03452044574527387 0.026200401451278842
0 0.15076917710392196 0.4059648017214313 0.02671703610435352 0.02749008293962447
0 0.20327200838781528 0.435136435749515 0.022074987899751618 0.035138891832631816
0 0.29679929459036464 0.40012900788936634 0.02041249394987581 0.017896828130301225
0 0.17746050477357797 0.8318105391075594 0.03461134933607006 0.04182540145127902
0 0.32912299872345374 0.8542907182336525 0.02678066861791084 0.03842758293962447
0 0.4481770048717738 0.7764335914619631 0.025163626463433175 0.028998019237293705
0 0.39504343539354136 0.9073636437315485 0.023573855386194255 0.024255955534962938
0 0.2887434384186035 0.8950595619730504 0.023610216822512697 0.030505955534962936
0 0.2983320618569745 0.9321056941870356 0.028279536104353475 0.027544646641955238
0 0.8543072675611973 0.36726449962148183 0.040897710772388504 0.048293656260602266
0 0.9151760689872532 0.22332601586355066 0.018895445745273777 0.025654764427970277
0 0.9511181141667929 0.22536223101716035 0.0314045361043533 0.02765377404661713
0 0.9532038306947183 0.4496082628683258 0.05656816256778683 0.05665179328391083
0 0.8650362101832133 0.46605666368663246 0.028343168617910662 0.038482146641955414
0 0.8054809656441624 0.8357763974445636 0.03771816861791102 0.03880952885594056
0 0.7749020895735127 0.5472669689514428 0.0314408975406721 0.03390377404661713
0 0.6792668818261862 0.4884698331092606 0.026707945745273954 0.025927582939624473
0 0.7604007906815398 0.9949355656012475 0.03145907825883114 0.010128868797504964
0 0.6001122095940381 0.8457887705880562 0.028343168617910842 0.03848214664195524
0 0.549431474424761 0.9857292019915839 0.03777271077238851 0.028541596016832215
0 0.7247389839909267 0.65174364862569 0.029942030054229463 0.04478671034428618
0 0.39216283332699675 0.6807465800292176 0.03303066861791084 0.0386458377489479
0 0.4509979987234537 0.8585466870154594 0.0220477168225127 0.03045139183263217
0 0.23517353170454927 0.9509896142426358 0.03144089754067192 0.03390377404661713