0 0.20920578659533282 0.2939743222417041 0.03936248184962743 0.05224433847375849
0 0.18396332943718158 0.738901038556484 0.028261355386194252 0.023928423701106104
0 0.22260819380036628 0.6757328368522006 0.028252265027114642 0.022365923701106107
0 0.27299855835994274 0.7420339468363146 0.0457579275949012 0.07735343262955982
0 0.3577689889799061 0.6725924257329963 0.028243174668035033 0.020803423701106105
0 0.1668763442679045 0.5876521842544129 0.039380662567786606 0.05536933847375849
0 0.22556151873954783 0.4366430633132504 0.0220477168225127 0.03006932954530477
0 0.2930014652703886 0.9291657540604851 0.04876475292686626 0.05709547970746058
0 0.40647361281106054 0.8943759224865854 0.025163626463433175 0.028561376623205348
0 0.4768452001450781 0.88299236323382 0.03303975897699054 0.03963524431795733
0 0.1848531428652899 0.8544987650175336 0.025145445745273866 0.02543637662320535
0 0.1842446096878026 0.8248249017870088 0.02668976502711464 0.022338650162155815
0 0.13008889569396023 0.7343732256502709 0.031395445745273864 0.025545470779006863
0 0.16104852508425962 0.6494663916407392 0.025154536104353475 0.026998876623205346
0 0.21120760636815294 0.6212498883943283 0.022065897540671918 0.03319432954530477
0 0.29929795882748095 0.652521433443634 0.018859084308955422 0.01907728246740419
0 0.17275065700864173 0.2493027504070371 0.03303975897699045 0.039635244317957154
0 0.31349383167667677 0.22653563190150647 0.02676248789975162 0.034838650162155815
0 0.42947737997947455 0.29716000324970615 0.023601126463433174 0.02853410308425506
0 0.37471767798768474 0.17625321388244325 0.022020445745273863 0.025381829545304768
0 0.2746540454741274 0.18893622037526497 0.023610216822512697 0.030096603084255102
0 0.283447783373879 0.15441121591103812 0.026707945745273954 0.025463650162155772
0 0.8241206968254284 0.6738262743563197 0.040879530054229465 0.044459112012708954
0 0.8858343807650414 0.8078915827983062 0.017323855386194253 0.02373750892845372
0 0.920218471124121 0.8057290649413987 0.029832945745273776 0.025518197240056394
0 0.9144098744203297 0.5956955458666753 0.05343407220870731 0.05405230032431163
0 0.8301257780111259 0.5815433169699936 0.02677157825883114 0.03640115016215582
0 0.762612587726801 0.23588198945328376 0.03614657825883114 0.03656479139585782
0 0.7438479104264873 0.5072757483817375 0.03143180718159222 0.031795470779006865
0 0.6552530430382404 0.5627229533324318 0.025145445745273776 0.02543637662320535
0 0.9858626936039746 0.5327358498444348 0.022111349336070063 0.04100682954530477
0 0.7143801416869395 0.06720985593021947 0.03152271077238851 0.047420470779006796
0 0.5696983798812787 0.22987527151365078 0.02676248789975162 0.034838650162155815
0 0.5166329880961433 0.08628495860743746 0.036219301131468026 0.04906479139585782
0 0.6936348078689634 0.4105058883976236 0.029923849336070063 0.0411431972400564
0 0.3789546843323965 0.38787650649611705 0.03144998789975162 0.03492047077900686
0 0.4283603075743758 0.22062477678865652 0.020476126463433175 0.02847955600635448
0 0.22339607250329463 0.13749249716062623 0.0314318071815924 0.03179547077900682