0 0.7795357019659217 0.26328125 0.040517351411925875 0.05
0 0.8483481672596789 0.721875 0.02724446159934004 0.0234375
0 0.8027568709414601 0.65859375 0.027153533386094962 0.0203125
0 0.7565016480593487 0.73359375 0.042898205331134066 0.078125
0 0.6632086376345075 0.66875 0.028716033386094787 0.0203125
0 0.851568792490788 0.5640625 0.03748327962517095 0.053125
0 0.7760650241483878 0.4125 0.022738818025830908 0.0296875
0 0.7543494293338726 0.928125 0.04998327962517113 0.053125
0 0.6340907536279097 0.903125 0.024210389812585477 0.0265625
0 0.5604713972014189 0.896875 0.033903638558944314 0.0375
0 0.8588574214163138 0.84140625 0.02411946159934004 0.0234375
0 0.8564083713371715 0.8109375 0.027153533386094608 0.0203125
0 0.9027628826199425 0.7125 0.03197742570596276 0.025
0 0.8635436067556952 0.6265625 0.02572742570596276 0.025
0 0.8097139131030435 0.60234375 0.022829746239076344 0.0328125
0 0.7210294978219219 0.6421875 0.02081260517284953 0.0171875
0 0.8116973326073073 0.2140625 0.03238660266556721 0.0390625
0 0.6645040838609486 0.203125 0.02600021034569906 0.034375
0 0.5528739135652619 0.28671875 0.024210389812585477 0.0265625
0 0.5975151606622682 0.15625 0.02099446159934022 0.0234375
0 0.7015350709288248 0.16015625 0.022738818025830908 0.0296875
0 0.6895746285298145 0.125 0.027289925705962937 0.025
0 0.18242765056663127 0.71171875 0.03877299498543509 0.04375
0 0.13118706248254058 0.85703125 0.016352425705962893 0.025
0 0.0960308124825406 0.85703125 0.030460389812585566 0.0265625
0 0.08109481960867658 0.6390625 0.05306281551854848 0.0515625
0 0.16637309006264772 0.61640625 0.027608174452321686 0.0359375
0 0.20267768527287436 0.253125 0.035420674452321686 0.0359375
0 0.2490742783050229 0.53203125 0.03215928213245363 0.03125
0 0.3450603797169487 0.58203125 0.02568196159934022 0.0234375
0 0.23653454506457736 0.07421875 0.02948892319868044 0.046875
0 0.40199572367353414 0.2296875 0.027562710345698883 0.034375
0 0.44207149122451134 0.0765625 0.03739235141192587 0.05
0 0.2921219331613033 0.42734375 0.029261602665567033 0.0390625
0 0.6125193496960663 0.3765625 0.03225021034569906 0.034375
0 0.5458677441275052 0.20703125 0.021130853919208194 0.028125
0 0.7498528989837856 0.10234375 0.03215928213245363 0.03125