0 0.6881264467453836 0.7399246421319707 0.04012038896415202 0.05196529172311415
0 0.8418544708285005 0.3041398711010716 0.027708920171816587 0.023267081637205856
0 0.7852050011316537 0.359308727953048 0.027627033016686654 0.021704581637205768
0 0.7565278024657063 0.2821221082107728 0.04455558344622812 0.07712906603337348
0 0.6556336878118136 0.3341559989839472 0.027545145861557076 0.020142081637205766
0 0.8135579732033495 0.45754815411775845 0.03872166327441136 0.05500840456798421
0 0.7136697585948856 0.5944516898479787 0.02186835594746519 0.030752033016686654
0 0.7920945675037115 0.09405222015113193 0.04809666327441171 0.055499727498762794
0 0.673180793193452 0.10340064394099306 0.024829581637205677 0.027790807326946297
0 0.6024145918139711 0.10087650949939678 0.03313340456798421 0.03757524310259504
0 0.8735315959978426 0.19028873304143068 0.02466580732694652 0.024665807326946253
0 0.8657666836279422 0.2195225316619497 0.026064533016686653 0.02162269448207601
0 0.8916530749669433 0.3202285385593547 0.030915807326946522 0.024993355947465278
0 0.8369412415207155 0.39788987110107155 0.02466580732694652 0.024665807326946253
0 0.7814758135469827 0.4155996715306129 0.022032130257724703 0.03387703301668683
0 0.7053946703989592 0.3658287228646654 0.01965075870642714 0.018170145861557074
0 0.7096019770485368 0.7909991412274596 0.033215291723114146 0.03913774310259512
0 0.5681514614447046 0.784388372344267 0.026719630257724704 0.034122694482076096
0 0.47882004579544385 0.690123795229617 0.02326708163720568 0.027708920171816587
0 0.49611933118697993 0.8208857943251058 0.021540807326946167 0.02450203301668665
0 0.5953823467908121 0.8297075163968017 0.02178646879233561 0.029189533016686652
0 0.5772974101106522 0.862598581525664 0.026228307326946344 0.0247476944820761
0 0.20971807948949922 0.23520608039401036 0.03979284034363299 0.04571529172311406
0 0.18855016564926075 0.08906474276391077 0.016853307326946253 0.024256371551297517
0 0.15606521426977976 0.08453437302163555 0.029353307326946253 0.024911468792335523
0 0.10072485979265251 0.2931181569428335 0.05426477611928182 0.05426477611928178
0 0.17618520522466824 0.32500224276391076 0.026801517412854546 0.03568519448207601
0 0.14114962743264967 0.6813308078927731 0.03617651741285455 0.03617651741285464
0 0.23837758876175336 0.4167935950933314 0.03124335594746528 0.03124335594746519
0 0.3392750254419133 0.3795625107425922 0.024665807326946253 0.024665807326946343
0 0.012679844810417996 0.3384516683627942 0.02535968962083599 0.03913774310259503
0 0.13888668532542284 0.8583060656946893 0.030499727498762796 0.04678646879233561
0 0.3249613834255435 0.7270140428547679 0.026719630257724704 0.034122694482076096
0 0.3340829986452629 0.8800195341483406 0.03526911465389251 0.0485946302577247
0 0.2592898750578005 0.5232140134561256 0.028609678878243727 0.040454581637205854
0 0.5531040728192369 0.6106576232487783 0.0314071302577247 0.03436835594746519
0 0.4569207123492157 0.7660654975136092 0.020142081637205676 0.027545145861557076
0 0.6295249734304923 0.8918047246736875 0.03124335594746519 0.031243355947465544