0 0.7170437574481073 0.8118132439175106 0.03990156203449331 0.05221706493480802
0 0.8688718546336764 0.3509421534151572 0.029216619106587773 0.023928423701106104
0 0.8115644687778655 0.40814672727841916 0.029071069892376046 0.020803423701106105
0 0.777957910258029 0.3252075422132273 0.04589900496239885 0.08042388555165925
0 0.6716500982235356 0.3785837325534249 0.030633569892376044 0.020830697240056394
0 0.8441157954946673 0.5137421623436109 0.03848461124870504 0.05531479139585791
0 0.7413631689444813 0.6583882349890569 0.021767992142117266 0.0316045560063543
0 0.8107105599675787 0.12479843912897219 0.04949488585581072 0.0570682061685102
0 0.6838205742356024 0.13403884578394973 0.02474744292790554 0.0285341030842551
0 0.6098929226640257 0.12908433888409088 0.036194365177646404 0.039662517856907484
0 0.9010743866843803 0.22938475325300142 0.024529119106587772 0.02384660308425506
0 0.8925876445422632 0.260757484178278 0.027508569892376045 0.020776150162155817
0 0.9234673093484063 0.36872394278242016 0.033904119106588124 0.024010244317957154
0 0.8665944170824545 0.45011999310673173 0.027799668320799498 0.027026150162155815
0 0.808799033707843 0.4675217272784192 0.021913541356328635 0.0347295560063543
0 0.7254450322601009 0.41355302192068777 0.021113020678164496 0.0175420560063543
0 0.7418040088958493 0.8668047069858797 0.0346318651776464 0.03963524431795733
0 0.5900424557526962 0.8569638770335377 0.026673815963434676 0.03637387662320535
0 0.4917569671252357 0.7548576806042602 0.02474744292790554 0.028534103084255236
0 0.5141135024857085 0.8949781201336791 0.02303939371369381 0.025381829545304414
0 0.6197449183253088 0.9064047694850558 0.023257717535011223 0.03006932954530477
0 0.6009927642725328 0.9402985284135095 0.027799668320799498 0.02702615016215546
0 0.19295151757779255 0.2651635296280303 0.042735463606069855 0.04602161201270878
0 0.16741647828837827 0.10948627394598742 0.018424668320799586 0.02686250892845372
0 0.13180646402035462 0.10308231534184524 0.030924668320799587 0.027080697240056482
0 0.0777588571148758 0.3249397244324548 0.055599336641599176 0.05405230032431154
0 0.15964240384788814 0.36019934009861154 0.028236315963434722 0.03640115016215582
0 0.13105706162471772 0.739296504871264 0.03604881596343472 0.03653751785690744
0 0.22760469168956035 0.45971237053742076 0.031142992142117177 0.031768197240056396
0 0.33474725765299507 0.42193390665827285 0.02765411910658786 0.023901150162155816
0 0.133970084164909 0.9281544533291364 0.031943512820281586 0.0489556972400564
0 0.3284371757689069 0.7920554918856204 0.028236315963434677 0.03640115016215582
0 0.34114472932634476 0.954982185879266 0.036703787427387446 0.050600017856907445
0 0.25272450806727986 0.5740242865278892 0.03008991439185813 0.042678423701106104
0 0.5689787466947404 0.6723258242735943 0.03136131596343468 0.036455697240056394
0 0.47000393755573117 0.8364213263021891 0.021695217535011226 0.0300420560063543
0 0.6580582475233099 0.9720882707028717 0.031142992142117264 0.031768197240056396