0 0.7453125 0.2515625 0.04453125 0.03203125
0 0.31796875 0.1609375 0.01953125 0.02421875
0 0.3734375 0.2078125 0.01796875 0.02421875
0 0.29921875 0.246875 0.06953125 0.03359375
0 0.353125 0.33828125 0.01640625 0.025
0 0.46796875 0.1671875 0.04765625 0.03046875
0 0.60390625 0.24609375 0.02734375 0.01640625
0 0.115625 0.23828125 0.04765625 0.040625
0 0.1296875 0.353125 0.02421875 0.02109375
0 0.12890625 0.42265625 0.03359375 0.028125
0 0.20625 0.14453125 0.02109375 0.02109375
0 0.23515625 0.14921875 0.01796875 0.02265625
0 0.33203125 0.11015625 0.01953125 0.028125
0 0.40859375 0.15234375 0.021875 0.021875
0 0.42734375 0.20390625 0.03046875 0.01640625
0 0.38203125 0.28515625 0.01484375 0.01640625
0 0.79453125 0.22265625 0.034375 0.02734375
0 0.79296875 0.3625 0.03125 0.02109375
0 0.7046875 0.46328125 0.02421875 0.01953125
0 0.83125 0.428125 0.02109375 0.01875
0 0.8359375 0.33046875 0.02578125 0.01875
0 0.86796875 0.34375 0.021875 0.02265625
0 0.27265625 0.78828125 0.03828125 0.03359375
0 0.13203125 0.82890625 0.021875 0.01328125
0 0.12890625 0.86171875 0.021875 0.02578125
0 0.3328125 0.8875 0.04453125 0.04609375
0 0.3609375 0.80859375 0.03203125 0.021875
0 0.70703125 0.79453125 0.03125 0.03046875
0 0.44765625 0.7359375 0.02734375 0.02578125
0 0.40859375 0.6421875 0.02109375 0.021875
0 0.38125 0.975 0.03515625 0.03359375
0 0.87890625 0.77265625 0.04296875 0.02421875
0 0.74609375 0.60859375 0.03125 0.021875
0 0.89375 0.57890625 0.04375 0.02890625
0 0.55078125 0.70078125 0.03671875 0.02265625
0 0.625 0.4015625 0.03125 0.02578125
0 0.77890625 0.47421875 0.025 0.01640625
0 0.89453125 0.28828125 0.02734375 0.02578125