0 0.7158445885123679 0.7805418514561068 0.03779089149054773 0.0506545649348082
0 0.8565984161820239 0.3579555596532118 0.026698855386194254 0.023901150162155816
0 0.8023967295119363 0.4077958725594251 0.02668976502711473 0.022338650162155815
0 0.7708290878249968 0.3275492650109431 0.04262383723582168 0.07573638555165925
0 0.6713512625912277 0.3703486452875965 0.02668067466803503 0.020776150162155817
0 0.833060401351301 0.5091225933384319 0.03624657220870695 0.05375229139585791
0 0.737770106368153 0.6379412942319364 0.020485216822512697 0.030042056006354477
0 0.8008170905554713 0.1421163254815244 0.04563066256778647 0.05547843262955983
0 0.6820580001963917 0.14160603652129858 0.025154536104353475 0.026998876623205437
0 0.6110142471713297 0.1317713404990581 0.03146816861791084 0.038045470779006774
0 0.8853779220357565 0.2459464833543179 0.023573855386194255 0.02384660308425506
0 0.8781830455723233 0.27394875242904143 0.02512726502711473 0.022311376623205436
0 0.9064893318730685 0.3775783128996227 0.029823855386194253 0.023955697240056396
0 0.8544995849963264 0.4501157861142614 0.023573855386194255 0.023846603084255236
0 0.8005115217646098 0.46323734902047475 0.020503397540672097 0.0331670560063543
0 0.7227046843323965 0.40718617207295776 0.01884999394987581 0.01751478246740401
0 0.7397542663036608 0.834089591309837 0.03147725897699054 0.039607970779006865
0 0.5976622150739969 0.815201449265356 0.02519089754067192 0.033248876623205345
0 0.5052752480550924 0.7135786736978108 0.023592036104353474 0.026971603084255058
0 0.5263775675333249 0.8467730032431156 0.020448855386194252 0.0237920560063543
0 0.6255099591220685 0.8633486229664621 0.022038626463433176 0.028506829545304768
0 0.6073548567609364 0.8950662272685331 0.025136355386194253 0.023873876623205347
0 0.22132905757437582 0.23201147930042346 0.039317030054229284 0.04443183847375849
0 0.19718355132785986 0.08470010267721802 0.015761355386194255 0.023710235389503388
0 0.16363070794371817 0.07708247158978569 0.028270445745273865 0.025490923701106106
0 0.11399782572474844 0.28170574188232517 0.051862481849627384 0.05246252678536116
0 0.1911234071068376 0.32055578206036694 0.02519998789975162 0.03481137662320544
0 0.1671894407753042 0.6740802025150623 0.03457498789975162 0.034975017856907445
0 0.25540810002344105 0.4177813839268062 0.0298693071815924 0.031768197240056396
0 0.3563666120254937 0.3890717771891031 0.023573855386194255 0.02384660308425506
0 0.026266021568218178 0.3200221737011061 0.02678066861791082 0.03796365016215582
0 0.17006393501976758 0.8514921363624381 0.02996021077238855 0.047393197240056396
0 0.3512190071302787 0.7366734801112024 0.025190897540672007 0.033248876623205345
0 0.36516735676093637 0.8908388287312305 0.034647710772388506 0.04747501785690744
0 0.27978086524694745 0.5260302605500116 0.02678975897699045 0.03952615016215581
0 0.576024085290914 0.6398059829505762 0.029887487899751618 0.03489319724005639
0 0.48530766081927074 0.7882377544609316 0.020467036104353475 0.0269170560063543
0 0.6610747543998042 0.92803841436232 0.0298693071815924 0.031768197240056396