0 0.7147573406250001 0.835664525 0.982730409375 0.8110376703125001 0.98530648125 0.770789571875 0.7189139453125 0.80287785625 0.7147573406250001 0.835664525
0 0.0049596828124999996 0.85249694375 0.0051555109375 0.886156971875 0.384369396875 0.851177571875 0.3736306796875 0.8259414203125001 0.20989811249999998 0.843041525 0.285237553125 0.8238800328125 0.2698687265625 0.80667309375 0.060584695312500006 0.8278335296874999 0.059269387500000006 0.8483836671875 0.0049596828124999996 0.85249694375
0 0.01837184375 0.76572411875 0.004463540625 0.767217490625 0.004721065625 0.8114821609374999 0.3591254734375 0.77688485 0.34139240000000004 0.7366544109375 0.01837184375 0.76572411875
0 0.32707627499999997 0.9062190421875 0.13797705 0.9336531484374999 0.15677264375 0.9597500203125 0.3428344109375 0.930598665625 0.32707627499999997 0.9062190421875
0 0.2719139658405541 0.6718879581125344 0.36641586123992675 0.14444751633625047
0 0.6446474838927309 0.6764955376159717 0.3276897045258725 0.20135082655673636
0 1 0.47898018125 0.7075018187500001 0.49679907031250004 0.4265583109375 0.5325631140625 0.2382638 0.547424553125 0.003314303125 0.5696802937500001 0.0035848984374999998 0.6161916765625 0.36769909843750004 0.59129103125 0.7141649671875 0.5648875624999999 0.9519218921875 0.539722490625 1 0.5322975375000001 1 0.47898018125
0 1 0.2365752765625 0.5508958140625 0.26251803749999997 0.5440764875 0.2953011171875 1 0.2834978015625 1 0.2365752765625
0 0.8190447859375001 0.3774796546875 0.821257828125 0.3429034875 0.5386825265625 0.35494665468750003 0.5413804203125 0.3865979421875 0.8190447859375001 0.3774796546875
0 1 0.0862845125 0.8001824093750001 0.08184418906249999 0.515497625 0.126887390625 0.5194627078125 0.16332726250000001 1 0.1433098015625 1 0.0862845125
0 0.5236509265625 0.3684314875 0.0091005015625 0.38421626249999996 0.004574290625 0.45493300156250005 0.5520267015625 0.41704160312500005 0.5236509265625 0.3684314875
0 0.0033024234375000003 0.567638459375 0.5954162000000001 0.5262489171875 0.5636383671874999 0.45698926406249996 0.00283728125 0.48768725156250003 0.0033024234375000003 0.567638459375
0 0.8124504171875 0.7018752 0.991087525 0.6804675625 0.9929857421875001 0.6508101359375 0.8132928828124999 0.6640839109375001 0.8124504171875 0.7018752
0 0.835875009375 0.7786260203125 0.9859573625 0.7606202984375 0.9883064390625 0.7239187703125001 0.83682051875 0.7392666140624999 0.835875009375 0.7786260203125
0 0.44808390468750003 0.19625097656249998 0.44351520312500003 0.1692419390625 0.134522940625 0.20054410625000002 0.1325111625 0.23197577187500001 0.44808390468750003 0.19625097656249998
0 1 0.3899033953125 0.808619640625 0.392754903125 0.8071333078125 0.465192853125 1 0.4581653296875 1 0.3899033953125
0 0.5335506265625 0.312149953125 0.5319214999999999 0.28842920312500003 0.31774784375 0.28947632031250004 0.299233340625 0.3327486109375 0.2957937 0.3373150265625 0.5335506265625 0.312149953125