0 0.7334862609374999 0.207164384375 0.992080259375 0.2382623234375 0.9890796734375 0.1986035015625 0.728996209375 0.1747328984375 0.7334862609374999 0.207164384375
0 0.002854115625 0.12262445468750001 0.003639115625 0.156351240625 0.080309184375 0.16215154375000002 0.0818471609375 0.182479059375 0.289156678125 0.203410259375 0.30416449375 0.1863897265625 0.2294029359375 0.167435815625 0.3915970265625 0.18435067031250002 0.4019313609375 0.15938790625000002 0.002854115625 0.12262445468750001
0 0.377810390625 0.2328758015625 0.00457335625 0.19649 0.0055893421875000005 0.24014091718750002 0.0407968359375 0.24391562812499998 0.360728475 0.27267041875000003 0.377810390625 0.2328758015625
0 0.359922146875 0.0808271953125 0.1754967625 0.0519916421875 0.15720085625 0.0778058015625 0.34461173125 0.1049427078125 0.359922146875 0.0808271953125
0 0.2929570983082294 0.33681524053203027 0.36391964247680564 0.13022487294739174
0 0.6615434441479169 0.33192931527482006 0.3246766109416669 0.18936352361132167
0 1 0.47254655 0.9670545515625 0.46746894375 0.7315278109375 0.44257648906249997 0.388430053125 0.416459053125 0.0090900109375 0.390543928125 0.0101510953125 0.4361324203125 0.2608716828125 0.45985031718749997 0.4473416171875 0.4745507625 0.725719246875 0.5099273656250001 1 0.526620665625 1 0.47254655
0 1 0.720463203125 0.566346053125 0.709242459375 0.5734705625000001 0.74167039375 1 0.76628673125 1 0.720463203125
0 0.562627378125 0.6189346671875 0.5603225078125 0.6502430734375 0.8400415203125 0.6621557734375 0.837453828125 0.6279541765625 0.562627378125 0.6189346671875
0 1 0.8587885312499999 0.543512684375 0.8397866203125 0.5400091875 0.8758317343750001 0.822195284375 0.9203869750000001 1 0.9164357359374999 1 0.8587885312499999
0 0.5728102984375 0.588820809375 0.014752582812500002 0.550235603125 0.0200916578125 0.62080231875 0.5452949609375 0.6369043234375 0.5728102984375 0.588820809375
0 0.61448251875 0.4807965546875 0.010208559374999999 0.43860132968750004 0.0119423703125 0.5130929546874999 0.0123173 0.5180484046875 0.583838940625 0.549305909375 0.61448251875 0.4807965546875
0 1 0.3429377703125 0.9988402390625 0.327609175 0.8271942937500001 0.3070728609375 0.8284629546875 0.34445475000000003 1 0.35711218125 1 0.3429377703125
0 0.8508755812500001 0.2700865171875 0.9955958624999999 0.284728159375 0.9928415265625 0.24832402656250002 0.8494869156249999 0.23115349375 0.8508755812500001 0.2700865171875
0 0.15987194062500001 0.771881790625 0.162224296875 0.8029729515625 0.46830202656250003 0.83393601875 0.4725113296875 0.8072195734375001 0.15987194062500001 0.771881790625
0 1 0.5475759171875 0.824658675 0.5411911890625001 0.8269632984375 0.6128444078124999 1 0.6154215421875 1 0.5475759171875
0 0.55573775625 0.6925761500000001 0.3202110171875 0.6676836953125 0.323666778125 0.6722006406250001 0.3424832828125 0.71500415625 0.5543990156249999 0.7160399296875 0.55573775625 0.6925761500000001