0 0.0425893796875 0.19149585 0.32040639843749996 0.18721833593749998 0.329728503125 0.15706436875000002 0.051906465624999995 0.153443446875 0.0425893796875 0.19149585
0 0.9868123750000001 0.210887990625 0.9884624171875 0.179403309375 0.6356793578125 0.1749259296875 0.6413013234375 0.1994992125 0.7945039875 0.1995778328125 0.7221133484375 0.2100680046875 0.7333347578125 0.227610178125 0.9290423484374999 0.22836037656250002 0.9337008921875001 0.2093341734375 0.9868123750000001 0.210887990625
0 0.9573703421875001 0.2903824546875 0.9826494374999999 0.2903215890625 0.98480875 0.249119428125 0.6463814359375 0.2466440859375 0.6559073453125001 0.28587785781249997 0.9573703421875001 0.2903824546875
0 0.6975259312500001 0.1292264234375 0.8757543421875 0.1221542546875 0.862879490625 0.0959905 0.68715155 0.1049604734375 0.6975259312500001 0.1292264234375
0 0.7088438969932108 0.3531118462753164 0.3602425384437538 0.1799500741437381
0 0.3671786974227521 0.3124629189361797 0.3316129274079058 0.2286767342198502
0 0 0.4612757296875 0.2794860125 0.473632184375 0.5434400984375001 0.46778063124999997 0.7188183921875 0.47234877500000005 0.9729738375 0.474943034375 0.9752094046875 0.4322858453125 0.607343621875 0.41879817812500003 0.284802034375 0.4095147484375 0.0622795640625 0.4097118328125 0 0.412754375 0 0.4612757296875
0 0 0.6891267609375 0.383932115625 0.707327121875 0.3956983984375 0.6774369874999999 0 0.64582505625 0 0.6891267609375
0 0.15703601875 0.5739382765625 0.14919789375 0.60595038125 0.410666871875 0.622368796875 0.413504859375 0.5926025562499999 0.15703601875 0.5739382765625
0 0 0.835179834375 0.1247097828125 0.8513467078125 0.3936571328125 0.8372120109375001 0.3961357734375 0.8028583421875 0 0.7775951421875 0 0.835179834375
0 0.4267325890625 0.6112700390625 0.935025028125 0.6493847140625 0.952841190625 0.58267583125 0.40884223750000004 0.5631843734374999 0.4267325890625 0.6112700390625
0 0.9528219874999999 0.5524686812499999 0.9717994093750001 0.49735246093749996 0.97282835625 0.47771897343749997 0.387342846875 0.4571470140625 0.404889215625 0.5248130265625 0.9528219874999999 0.5524686812499999
0 0.022118320312500002 0.275102796875 0.015705859375 0.3012922703125 0.210445296875 0.30735585312499997 0.217564928125 0.2722128390625 0.022118320312500002 0.275102796875
0 0.0402873625 0.2008976421875 0.0320937296875 0.23436169375000002 0.20146848281250002 0.2349760453125 0.20894605 0.1983814609375 0.0402873625 0.2008976421875
0 0.46720097968749996 0.7791528765625 0.4668602296875 0.8047750734375001 0.7558180296875 0.8058264171875 0.7629433203125 0.7767256296875 0.46720097968749996 0.7791528765625
0 0 0.54529569375 0.16917297343749998 0.560720025 0.18270183125 0.4933456890625 0 0.48072135625 0 0.54529569375
0 0.40819207031250004 0.662761840625 0.405704534375 0.685031434375 0.6025240000000001 0.705007690625 0.6267896171875 0.6664846359375 0.6307145421875 0.66256475625 0.40819207031250004 0.662761840625