0 0.2076925 0.721155 0.24615499999999998 0.9974999999999999 0.284615 0.9974999999999999 0.23846250000000002 0.7230775 0.2076925 0.721155
0 0.12115499999999998 0 0.178845 0.41346249999999996 0.2019225 0.40192249999999996 0.178845 0.25 0.2 0.31923 0.215385 0.30384500000000003 0.1865375 0.10961499999999999 0.1673075 0.10961499999999999 0.153845 0 0.12115499999999998 0
0 0.1911775 0 0.24706 0.38544 0.2838225 0.36646999999999996 0.2426475 0.06647 0.23235250000000002 0 0.1911775 0
0 0.0676475 0.2073525 0.10294 0.37941250000000004 0.125 0.36323500000000003 0.0911775 0.18823499999999999 0.0676475 0.2073525
0 0.34140625 0.29765625 0.103125 0.33671875
0 0.353125 0.64609375 0.16171875 0.2953125
0 0.37646999999999997 0 0.4205875 0.3823525 0.460295 0.7044125 0.49411750000000004 0.925 0.5088225000000001 0.9974999999999999 0.5558825 0.9941175 0.5235299999999999 0.6941175 0.47794 0.43382250000000006 0.45588249999999997 0.2588225 0.41911750000000003 0 0.37646999999999997 0
0 0.738235 0.9955875000000001 0.7838225000000001 0.9974999999999999 0.735295 0.5338225000000001 0.7044125 0.5294125000000001 0.738235 0.9955875000000001
0 0.6485299999999999 0.52794 0.6191175 0.5323525 0.639705 0.7911775 0.67206 0.7911775 0.6485299999999999 0.52794
0 0.914705 0.7558825 0.860295 0.4926475 0.8264699999999999 0.49853 0.8705875000000001 0.9974999999999999 0.9205875000000001 0.9974999999999999 0.914705 0.7558825
0 0.52794 0 0.5911774999999999 0.5441175 0.6352949999999999 0.514705 0.5955874999999999 0.00147 0.52794 0
0 0.49853 0.0073525 0.42206 0 0.49117749999999993 0.5911774999999999 0.5544125 0.5573525 0.49853 0.0073525
0 0.37206 0.8029400000000001 0.336765 0.8044125 0.3691175 0.9974999999999999 0.3955875 0.9974999999999999 0.37206 0.8029400000000001
0 0.30294 0.8294124999999999 0.2661775 0.8308825000000001 0.2941175 0.9974999999999999 0.32794 0.9974999999999999 0.30294 0.8294124999999999
0 0.775 0.1411775 0.7455875 0.1411775 0.7926475 0.43382250000000006 0.8176475 0.42794 0.775 0.1411775
0 0.625 0.7823525 0.5573525 0.785295 0.575 0.9974999999999999 0.638235 0.9974999999999999 0.625 0.7823525
0 0.710295 0.5176475 0.7 0.31764749999999997 0.6588225000000001 0.30294 0.6544125000000001 0.3 0.6882349999999999 0.5205875 0.710295 0.5176475