0 1 0.7630149328125 0.749636975 0.79472041875 0.7464486625 0.8273578625000001 1 0.8025300874999999 1 0.7630149328125
0 0.029650946875 0.8490920046875001 0.030826350000000002 0.8827511609375 0.41804453906249994 0.84470186875 0.40662526562499995 0.8196612796875 0.2441482609375 0.8376190156250001 0.318583103125 0.818122584375 0.3027876296875 0.8010955796875001 0.0950882921875 0.8233559296875 0.094373903125 0.8438050671875 0.029650946875 0.8490920046875001
0 0.051273828125 0.7618192125000001 0.026700687499999997 0.7646076468749999 0.028234546875 0.808531615625 0.3907675390625 0.7709479796875 0.37195240625000003 0.731032853125 0.051273828125 0.7618192125000001
0 0.3626107 0.8997841484375 0.1751839890625 0.928168140625 0.1946476234375 0.9540182515625 0.379001284375 0.9239436734375 0.3626107 0.8997841484375
0 0.3009425512580951 0.6677113710744741 0.37031747840045365 0.1450136009497074
0 0.6724728108767419 0.6694136457515873 0.333328399089026 0.20325199828414037
0 1 0.4722463421875 0.7294186515625001 0.4903254796875 0.45081541875 0.5275271609375001 0.2638257765625 0.5434002796875 0.0198344625 0.567984678125 0.02144010625 0.6139643171875 0.3939294703125 0.58628546875 0.7380216140625 0.5580155125 0.9739456640625 0.53160683125 1 0.5274153296875 1 0.4722463421875
0 1 0.23061265625 0.566759071875 0.25818948124999996 0.56092030625 0.29083877187499996 1 0.276914203125 1 0.23061265625
0 0.83698984375 0.370990884375 0.8381918234375 0.3365846546875 0.557277796875 0.3502002859375 0.560879278125 0.3816686625 0.83698984375 0.370990884375
0 1 0.08014499375 0.8096581546875001 0.07702720468749999 0.5275996015625 0.12348066093750001 0.5326009890625001 0.1597049734375 1 0.1375015484375 1 0.08014499375
0 0.54270633125 0.3637008796875 0.0203360703125 0.3827708984375 0.017863292187499998 0.4535532375 0.5723572703124999 0.41188976874999994 0.54270633125 0.3637008796875
0 0.0197541796875 0.5656857140625 0.618706125 0.520268646875 0.5850712484375 0.4515590578125 0.01697135625 0.48599606250000005 0.0197541796875 0.5656857140625
0 1 0.643308871875 0.8395601953125 0.656113609375 0.839815484375 0.6937100328125 1 0.673523925 1 0.643308871875
0 1 0.7162825328125 0.8651546375000001 0.730762709375 0.8653527484374999 0.7699195609375 1 0.7529334999999999 1 0.7162825328125
0 0.462506725 0.19286795625 0.457177490625 0.1660281265625 0.15052665625 0.19895391875 0.1494339890625 0.23023110156249998 0.462506725 0.19286795625
0 1 0.3826630140625 0.8270552578125001 0.3862457578125 0.8276724890624999 0.4583094484375 1 0.4510241953125 1 0.3826630140625
0 0.55093101875 0.30765949843749996 0.5486228828125 0.28407355624999997 0.33547446875000003 0.28635520937500003 0.3182984578125 0.329505984375 0.3150069671875 0.334068178125 0.55093101875 0.30765949843749996