0 0.33197095781249997 1 0.260853390625 0.7558465828125 0.2297567703125 0.7577069375 0.29292363125 1 0.33197095781249997 1
0 0.16473207031249998 0.45277422968750003 0.1865321828125 0.43836370156250004 0.1455632234375 0.2888913234375 0.174906215625 0.3556951875 0.188537640625 0.33837671875 0.1368184109375 0.1471983234375 0.11752518281249999 0.1495655421875 0.0923665703125 0.04626313125 0.059652925 0.050276995312499996 0.16473207031249998 0.45277422968750003
0 0.1299330234375 0.04165384375 0.22988523593750002 0.41628236875 0.264544046875 0.392738103125 0.1880533953125 0.0970352 0.1712930640625 0.03657909375 0.1299330234375 0.04165384375
0 0.10481997031250001 0.40904588906250006 0.050364437500000005 0.23775937187500001 0.0289989328125 0.259822590625 0.08458453125 0.4279805875 0.10481997031250001 0.40904588906250006
0 0.3145609071068376 0.3171875 0.14578624043383437 0.35
0 0.36644455221162264 0.66484375 0.20027375253408283 0.315625
0 0.3586077703125 0.0135961578125 0.3156862921875 0.018862490625 0.4036212375 0.3918256328125 0.48122648593750006 0.709825921875 0.5410279546875 0.9268171828125 0.563481296875 0.99524944375 0.5988863624999999 0.9909053515625 0.6111012812500001 0.9885091515625 0.5434621359375 0.6917201937499999 0.467198078125 0.43636789374999996 0.4245462296875 0.263633103125 0.3586077703125 0.0135961578125
0 0.7056248359375 0.5043248953125 0.7941140859375 0.9669515125 0.8396317421875 0.9613666359374999 0.7371260281249999 0.5049445921875 0.7056248359375 0.5043248953125
0 0.6714011140625 0.7747286375 0.7038625 0.770745725 0.6493859140625 0.5097277625000001 0.6203941484375 0.5177723000000001 0.6714011140625 0.7747286375
0 0.9770478703125001 0.9445061015625 0.9431663703125001 0.7054902671875001 0.8577085437499999 0.44827615156249995 0.8244621515624999 0.4583376484375 0.9267227640625 0.9506808359375001 0.9770478703125001 0.9445061015625
0 0.46941869374999995 0 0.46765852656250007 0.00021596718750000002 0.5937419328125 0.5330069828124999 0.6345553609375 0.49808795781250004 0.5368039062500001 0 0.46941869374999995 0
0 0.3614338734375 0.013249403125 0.4989317390625 0.5924980484375 0.5584080828125 0.55080180625 0.437844684375 0.00626643125 0.41302108281249994 0.0069198125 0.3614338734375 0.013249403125
0 0.447865803125 1 0.40425544531249996 0.81946858125 0.36901706875 0.8252896937499999 0.419791184375 1 0.447865803125 1
0 0.3774017515625 1 0.3380125421875 0.854517859375 0.301301546875 0.8605171171875 0.34185796874999996 1 0.3774017515625 1
0 0.78294035 0.39762729218750004 0.807332725 0.38865215468750003 0.7309170609375 0.106402059375 0.70140785 0.1100227484375 0.78294035 0.39762729218750004
0 0.5880880109375 0.778968628125 0.6301765374999999 0.9870661437500001 0.693673753125 0.9792752312499999 0.655612878125 0.76769113125 0.5880880109375 0.778968628125
0 0.6883592578125 0.49746865468749996 0.710147025 0.4918055 0.6763646624999999 0.29255844375 0.63332705625 0.2828820828125 0.6285577890625 0.28047739374999997 0.6883592578125 0.49746865468749996