0 0.9745496828125001 0.254811475 0.6975461968750001 0.22115721718749998 0.6998284765625 0.2519077109375 0.9749975453124999 0.2932890578125 0.9745496828125001 0.254811475
0 0 0.1824855625 0.0850698875 0.19143310625 0.08529381875 0.2106718984375 0.280007759375 0.23614073750000003 0.2952253265625 0.2204800359375 0.225696221875 0.20052432968749997 0.37800323125 0.2209593515625 0.3892832890625 0.197669778125 0 0.15023992656250001 0 0.1824855625
0 0 0.261695696875 0.042769334375 0.267560990625 0.3434774328125 0.3035159 0.36203379375 0.26640532031249997 0 0.2203274640625 0 0.261695696875
0 0.354323434375 0.12232469531250001 0.181721334375 0.09002075312499999 0.162863271875 0.11389535937499999 0.3383904921875 0.1446772875 0.354323434375 0.12232469531250001
0 0.27548684235816473 0.36246531678237376 0.3470898587069682 0.1322619508104575
0 0.6242108438410394 0.36760177240215464 0.31038303756616054 0.18871035825218607
0 0 0.44797034062499996 0.2377515234375 0.47753441093750004 0.4131417421875 0.49654596093750003 0.674165996875 0.537611259375 0.97477135625 0.5647396359375 0.977608425 0.517599053125 0.9048819359375001 0.5041534015625 0.683732475 0.47416756875 0.3609646546875 0.44006606562500006 0 0.404775203125 0 0.44797034062499996
0 0.97099541875 0.7467441890625001 0.51144184375 0.7214526984375 0.5162148281250001 0.7522723046875 0.9691631765625001 0.7917106078125 0.97099541875 0.7467441890625001
0 0.5133908296875 0.636067365625 0.5093174734375 0.6655703671875 0.7730295828125 0.684514196875 0.7726528109374999 0.6521444046875 0.5133908296875 0.636067365625
0 0.740533265625 0.927886478125 0.96355185 0.9294224546875001 0.9656315843750001 0.8783821171874999 0.48195715781250004 0.8441053000000001 0.4764640640625 0.8780484890625001 0.740533265625 0.927886478125
0 0 0.6228847390625 0.49591826718750004 0.6525604406250001 0.5248394359375 0.607909140625 0 0.5561590265625 0 0.6228847390625
0 0 0.5257198984375 0.537656396875 0.5708962093750001 0.5707708078125 0.507041615625 0 0.450367203125 0 0.5257198984375
0 0.7823701828125 0.34883479375 0.78130756875 0.3841716421875 0.9762898109375 0.4043122890625 0.9759815703125 0.37783018749999997 0.7823701828125 0.34883479375
0 0.8080383687499999 0.277752778125 0.8069953453125001 0.31455775468749997 0.9755020609375 0.3366338640625 0.9751082015625 0.3027959015625 0.8080383687499999 0.277752778125
0 0.12339046406250001 0.7694262875 0.1237329703125 0.7988522328125 0.4112106265625 0.836511484375 0.4168064875 0.8113973281250001 0.12339046406250001 0.7694262875
0 0.97763659375 0.58375808125 0.7658068390625 0.569856984375 0.763649846875 0.6375867937499999 0.9750640671875 0.6468923890625 0.97763659375 0.58375808125
0 0.50242173125 0.705421915625 0.2812722703125 0.6754360828125 0.2842658640625 0.6797967578125 0.29946408125 0.72073624375 0.499736378125 0.7275433421875 0.50242173125 0.705421915625