0 0.2877059081595188 0.421329306243525 0.05736112141421197 0.07910961124870504
0 0.3545511238612827 0.25830707547394743 0.07520338584218215 0.09866013192686944
0 0.36000500489414144 0.34747873738460616 0.04420635698624169 0.05977741439185813
0 0.32778527113621025 0.4075964460282774 0.041354175497895974 0.0674443651776464
0 0.27898573882170863 0.9310296379227255 0.04409722958157998 0.05665241439185813
0 0.32852443655212316 0.9842477023359741 0.03094246515360961 0.03150459532805172
0 0.24916431876610828 0.991730562551222 0.03341270072563933 0.0165388748975559
0 0.7123512109772584 0.18527425971540049 0.0670635036281972 0.08892125889134017
0 0.8336583367374576 0.8000880845701754 0.02749008293962447 0.027799668320799498
0 0.8201290277596321 0.47966642265951653 0.04426092068857272 0.06133991439185813
0 0.9152207506329721 0.16508384594271486 0.037301592558271326 0.04073631596343472
0 0.024876069862416656 0.5783433238213176 0.012212312521204504 0.08168664764263518
0 0.1420189298438832 0.604858782050704 0.06322917549789597 0.06846320967712849
0 0.3382415883819202 0.17096974131354764 0.04140873920022674 0.0690068651776464
0 0.38391618693064133 0.13877797952672336 0.02749008293962456 0.027799668320799588
0 0.6099827345605394 0.7381915903611436 0.02452877404661713 0.03234161910658777
0 0.7121429792030618 0.9387245913946008 0.036974210344286364 0.03136131596343468
0 0.8277058816658311 0.24992541873057514 0.04344246515360979 0.03790241439185813
0 0.4853819724100038 0.2300815297743924 0.04867560217691817 0.05374573821317572
0 0.030039707982033554 0.19015411910658786 0.027817465153609687 0.03717466832079959