0 0.2966318863055184 0.42114579138499425 0.06372024881887359 0.08181548439090332
0 0.35207089837123595 0.24130203476157233 0.08317957694917481 0.10278274881887359
0 0.36377723548721175 0.33062742958942914 0.05056548439090332 0.06262897477225646
0 0.33489577813815036 0.3979612625290537 0.046150802902557686 0.07027778366526398
0 0.32307526898283967 0.9375594758685649 0.04733135698624169 0.05939484736759475
0 0.3795236764245683 0.9746031188823231 0.03513889183263199 0.02307540145127902
0 0.7078174452833438 0.08686498358829517 0.07347719473518968 0.0930803666048885
0 0.8727752017371297 0.6811531530109234 0.02910714664195524 0.029107146641955416
0 0.8371676062684514 0.360133814080849 0.050674611795565025 0.06575397477225656
0 0.9106175522695853 0.022041047838780196 0.04048115626060209 0.04198909255827139
0 0.024720941929223823 0.6399603118882323 0.049441883858447645 0.0895188569862416
0 0.16262144093735653 0.6388467012737935 0.0681349303072194 0.0741666754978958
0 0.32926337014826756 0.1570460858500314 0.046205366604888456 0.07184028366526399
0 0.37211555826003523 0.11419389773826374 0.029107146641955416 0.029107146641955416
0 0.6430430617185963 0.6681075491047246 0.026200401451278842 0.035248019237293704
0 0.7607960129923899 0.8489259847694214 0.04015377404661713 0.03261409255827132
0 0.8289186297669143 0.12711298295532297 0.04667659255827132 0.04064484736759484
0 0.48207834610165046 0.18292156117044214 0.05347222958157989 0.05648810217691826
0 0.01716516343217838 0.24457589001853344 0.03433032686435676 0.04209821996293313