0 0.55859375 0.675 0.06796875 0.046875
0 0.71328125 0.6140625 0.08515625 0.06328125
0 0.63125 0.60859375 0.0515625 0.03828125
0 0.575 0.6390625 0.05859375 0.03359375
0 0.090625 0.6828125 0.0484375 0.03671875
0 0.04296875 0.63828125 0.03203125 0.0265625
0 0.0296875 0.71015625 0.0234375 0.0296875
0 0.01796875 0.4234375 0.03515625 0.053125
0 0.80703125 0.28671875 0.0765625 0.05625
0 0.25234375 0.1765625 0.021875 0.0234375
0 0.5453125 0.18828125 0.053125 0.03828125
0 0.840625 0.1015625 0.03359375 0.03203125
0 0.959375 0.17265625 0.03984375 0.0484375
0 0.39609375 0.93671875 0.075 0.04375
0 0.3796875 0.8078125 0.05859375 0.0546875
0 0.7921875 0.62890625 0.06015625 0.03359375
0 0.825 0.5875 0.0234375 0.021875
0 0.29296875 0.38125 0.0296875 0.0203125
0 0.115625 0.28671875 0.025 0.03203125
0 0.75625 0.18125 0.03125 0.03828125
0 0.74921875 0.49375 0.0453125 0.04140625
0 0.753125 0.91875 0.03203125 0.03828125
0 0.0203125 0.94921875 0.0265625 0.04296875