0 0.33943601582501726 0.4416197704650723 0.05914890340856669 0.0795923247398008
0 0.4194802516215578 0.2873660396869491 0.07981595941492099 0.10096935775648763
0 0.417114956572252 0.3754425717991247 0.047938668019063255 0.06339411465389251
0 0.3798291907439394 0.43046758649844585 0.044895488635914305 0.06791784034363317
0 0.2872260482891261 0.938426171415012 0.046321620941162586 0.06018722749876275
0 0.333411301535537 0.9895222636812386 0.03163182954530477 0.020955472637522732
0 0.779313173294069 0.2430007225219218 0.06871481818121908 0.09102114767057934
0 0.8445691696373258 0.851335522951463 0.027026150162155815 0.027954581637205676
0 0.8593860515388323 0.5375563059681499 0.047938668019063255 0.06339411465389269
0 0.9806165746740408 0.2387204155336598 0.038209112012708955 0.04259029172311406
0 0.9174426444801128 0.10740181648359948 0.0553966120127086 0.04349105042954129
0 0.04430256817792375 0.5705515174128546 0.05616027110331836 0.08724105042954129
0 0.1800315624958809 0.6104472563315781 0.06682503571381497 0.07218926051544958
0 0.4109489569792891 0.20106004748886522 0.04495003571381488 0.07104284034363299
0 0.4588682597392326 0.17391104929788756 0.027026150162155815 0.027954581637205766
0 0.6293475442319363 0.7737107326986872 0.02557274431795715 0.034122694482076096
0 0.714102193987055 0.9787501147654343 0.038018197240056395 0.03165279172311415
0 0.8875035486994584 0.3150162426483098 0.04440456493480838 0.03979284034363308
0 0.5510751249983523 0.26928550429541315 0.04939207386326192 0.057226001809022264
0 0.09626884821299113 0.19393478573022022 0.04443183847375849 0.041355340343633085