0 0.2753983378799442 0.538038242940371 0.0694820541766104 0.08472199247815268
0 0.3079861676971178 0.7170210492877194 0.0940839478903042 0.11040395407749273
0 0.3305824516098486 0.6310919094751339 0.05610875889134013 0.06560827962517131
0 0.31026564350429675 0.5644045146479834 0.05491013192686944 0.07337531551854841
0 0.3671361501238345 0.03860288110360396 0.05440070967712849 0.062437815518548476
0 0.42650899607105863 0.009691934085740114 0.03739299214211726 0.019383868171480228
0 0.6613763016954111 0.024478196622152434 0.06788101282028158 0.04895639324430487
0 0.636922458639162 0.8928571574300698 0.0841267510334573 0.09763116943775643
0 0.8734783112059237 0.3281879375174594 0.03107021753501158 0.030551318025830908
0 0.7987160215022249 0.6378106415949523 0.0561815334984459 0.0671707796251713
0 0.8263531397802432 0.9624469287419707 0.043570217535011224 0.030915030878812644
0 0.05269062220695977 0.3082611293877443 0.033471779569504576 0.08211381802583091
0 0.1719864317602537 0.31652460728442056 0.07700345574818704 0.07869931301126601
0 0.27572378535596365 0.7969729737400411 0.054982906533975306 0.07493781551854842
0 0.3122092489620335 0.8412852633943422 0.031070217535011223 0.030551318025830908
0 0.6472240262597356 0.3246012509244368 0.02979881596343468 0.036755853919208284
0 0.7849315798171735 0.15709183900852747 0.042298815963434676 0.03711956677218971
0 0.7607216776219153 0.8634387789002552 0.05047518899896399 0.0451593873053028
0 0.4284121377133284 0.7831424912910184 0.05745293507002262 0.060966243731793844