0 0.40235977118017613 0.6823298900191814 0.07885451186299815 0.05758640340856651
0 0.23218653403175743 0.624406116073194 0.09824118182494201 0.0735386858759707
0 0.3223804525108266 0.6142441375835495 0.059595175893442945 0.044759120941162675
0 0.3852014460850359 0.6435946724865854 0.06877917490485981 0.040235262174864596
0 0.9198974396592454 0.6647085986266188 0.05640650889724839 0.04314207386326174
0 0.9650308675298547 0.6108335763054844 0.02002333992388756 0.03157728246740401
0 0.12957877616027308 0.2686391314944694 0.08861151384016445 0.06712504464226869
0 0.7447793063120599 0.1150337013038368 0.027644838935304606 0.02702615016215577
0 0.4195737178710468 0.14491171063603236 0.06272017589344295 0.04481366801906326
0 0.09410548566554397 0.06627779058507892 0.040590507908665384 0.038181838473758486
0 0.5815247118651857 0.9602525182672398 0.0865396778706092 0.054597771103318135
0 0.5997547415226809 0.8194093299556371 0.06967051285158128 0.062110262174864775
0 0.14467194657932753 0.6454510474849378 0.06877917490485981 0.040235262174864596
0 0.10820520597086769 0.6015879991892211 0.02764483893530465 0.027026150162155815
0 0.6988288418638732 0.3422371294691698 0.033767504942915846 0.024010244317957154
0 0.8955048650955778 0.228726234178278 0.03121550790866543 0.038018197240056395
0 0.18676121787104685 0.148975467939633 0.03772017589344294 0.04437729139585782
0 0.19297147821398913 0.4947146619332786 0.0534725098858317 0.04777502678536116
0 0.18633954585757445 0.9640277236216758 0.03928267589344294 0.04440456493480838