0 0.3221305265785058 0.5360296610820893 0.06689981252120454 0.08423375889134022
0 0.3563120975372308 0.7107771040099947 0.08797620435383643 0.10705482878371626
0 0.37683043946253003 0.6282749731165825 0.05374504809323426 0.06490156203449331
0 0.3558160458157995 0.5625579278313123 0.05083830290255768 0.07100601282028159
0 0.39966518330244427 0.05371377481199363 0.05045635698624169 0.06006851282028156
0 0.4572767866604888 0.02831782257846329 0.03642857332097762 0.01573631596343472
0 0.6823412740466172 0.06297972869815383 0.058521828130301046 0.02300516046291672
0 0.6801737273889633 0.8943367365560366 0.07821925843752045 0.09568068114108144
0 0.8976860541685021 0.3553620895325741 0.03066964664195524 0.029507717535011312
0 0.8316543487183573 0.6533586337843871 0.05379961179556503 0.06646406203449332
0 0.8671677851008444 0.9779241401945278 0.04209821996293286 0.04407963978475209
0 0.07830857159169717 0.29925944540910476 0.06555556733052792 0.09041098428423436
0 0.21540926750801317 0.31656472353086734 0.07287699400955025 0.07671235731976359
0 0.3269817508026082 0.7866289745643247 0.050892866604888454 0.07256851282028158
0 0.3636657844678722 0.8320164032242066 0.029161710344286274 0.030997442927905183
0 0.6772644267638404 0.3419758699306482 0.029325401451278665 0.03568494292790545
0 0.8075273017214313 0.18580726074885778 0.0402083377489479 0.03463186517764645
0 0.8002853307470079 0.8718517686067407 0.04829365626060209 0.042808238213175545
0 0.4757367093327959 0.780297699542934 0.05508929328391084 0.058724336641599
0 0.03900554644877172 0.6702589960710587 0.032723219962933106 0.04364299214211727