0 0.47247878749999994 0.94603210625 0.49520496875 0.9259551125 0.4488390921875 0.8847455171874999 0.48118761250000003 0.8854255765625 0.49167778906250004 0.84409925 0.41656162031250005 0.79747455 0.4129278703125 0.8455050484375001 0.376488840625 0.8521736953125 0.3769455984375 0.8928554875 0.40781727187500005 0.901376534375 0.42543285312499995 0.9371710296875 0.47247878749999994 0.94603210625
0 0.996191984375 0.5794758671875 0.9499163328125 0.4946804109375 0.7544549390624999 0.3685546859375 0.4779344703125 0.27046366875 0.051907404687500006 0.19022169375 0.027621490625 0.3191624 0.2354017765625 0.3655147328125 0.501843146875 0.40216690625 0.8033634281250001 0.4968474703125 0.9842047046875001 0.6431196765625 0.996191984375 0.5794758671875
0 0.1678931390625 0.20665477812500002 0.277210228125 0.186648834375 0.4413787109375 0.22027626718749999 0.7583931953125 0.34764538125 0.7695634296875 0.2739705359375 0.58126296875 0.181670178125 0.40061571718750005 0.1205815203125 0.07014388437499999 0.0933991328125 0.051688612499999995 0.1913833203125 0.1678931390625 0.20665477812500002
0 0.08028954722264327 0.6401795724050988 0.05347043364502546 0.05968407220870695
0 0.29154118549173724 0.8272381691088903 0.03302157825883114 0.0361283975406721
0 0.32264119456692353 0.8012751119272977 0.034538626463433086 0.02832498789975162
0 0.4966912520431034 0.6369757417103805 0.031404536104353654 0.02674430718159222
0 0.4569793122497579 0.6598637958669109 0.02832498789975162 0.03453862646343318
0 0.49237191158582794 0.7002842627876195 0.02363748789975162 0.03451135538619425
0 0.5269468994855796 0.7344592748878679 0.028352258976990542 0.039226126463433174
0 0.24517979077973565 0.9157921298812788 0.03453862646343318 0.02832498789975162
0 0.2706974203664267 0.8703296389564649 0.031477258976990455 0.03924430718159257
0 0.30851558293421333 0.9247989703385542 0.03145907825883123 0.03611930718159258
0 0.4774755602066545 0.019879145301176786 0.025145445745273776 0.02514544574527388
0 0.39850567769309714 0.010618816551366256 0.040761355386194256 0.021237633102732512
0 0.3145761052879984 0.08645408782499683 0.07689884328594587 0.05825792759490125
0 0.42795734923787415 0.10298253679172456 0.0753636143631848 0.06293633723582163
0 0.14261474687674203 0.07261027732375479 0.08469316256778665 0.05517837939029937
0 0.17744374394987578 0.01676025312325797 0.061137487899751576 0.03352050624651594
0 0.2582215661585828 0.06881259075186308 0.025145445745273866 0.025145445745273887