0 0.0563497390625 0.486782 0.076636190625 0.5080330421875 0.11314037343750001 0.4633145390625 0.114281715625 0.49404836875 0.154035628125 0.5033261718750001 0.19408565 0.4312127078125 0.14835515625 0.4285578375 0.14002186562500002 0.3940609296875 0.101483321875 0.395169140625 0.0951103625 0.424630340625 0.062152025 0.44195388593749996 0.0563497390625 0.486782
0 0.75249111875 0.052406534375 0.6296740734374999 0.0316061296875 0.5935541859375 0.25199776875 0.573520746875 0.5056543546875 0.500416809375 0.793588625 0.3700733828125 0.97002699375 0.3856356390625 0.9981130734375 0.39551554843750003 0.99978634375 0.5105623828125 0.932739275 0.6193299624999999 0.7450116687499999 0.6970470546875001 0.48076408437499996 0.75249111875 0.052406534375
0 0.7404161421875 0.18524885 0.76541601875 0.2887395765625 0.7426032515625 0.44521377187500005 0.6393680921875 0.74840534375 0.7098239000000001 0.757792759375 0.786922534375 0.5774268921875 0.8348569937500001 0.404846975 0.8429244 0.06772239687500001 0.7501255078125 0.0520058921875 0.7404161421875 0.18524885
0 0.32460110534690845 0.10941107007089498 0.05367044000636341 0.048420779625171176
0 0.15905956337522534 0.31311742860895675 0.034720445337363424 0.03068771034569897
0 0.18516807737904334 0.34199258636823104 0.026962489337999784 0.03514788981258556
0 0.3502856420671333 0.5045560855103013 0.022220445337363514 0.03032399749271768
0 0.32642997139558805 0.467936623910961 0.02994203866963625 0.022738818025830908
0 0.2901112107335878 0.501243217405328 0.033048857336090795 0.021267246239076342
0 0.2600424500715876 0.5347316673261856 0.036210220003181706 0.024483174452321777
0 0.07264934870304378 0.2699919027447093 0.026962489337999784 0.03514788981258556
0 0.11667206870622544 0.2947023977301444 0.03626476400381797 0.029170674452321597
0 0.06710842071131613 0.3307475463182186 0.034702264003818 0.029125210345699058
0 0.9874880060272033 0.44504863717228904 0.02502398794559326 0.03206835391920819
0 0.9341333833943153 0.4762471613871839 0.025254538669636162 0.022602425705962936
0 0.9551629513844523 0.4042274088799015 0.05352498933799978 0.035920779625171304
0 0.8620572940404072 0.3226387765891633 0.05394316000954511 0.07185827962517113
0 0.8531646467218156 0.4309370098961159 0.05704997867599957 0.07038670783841638
0 0.8663982540181354 0.158758133015654 0.04780224801081765 0.08105142319868044
0 0.9300340400222715 0.19106817933387257 0.04751134667409076 0.056051423198680436
0 0.8754834473663167 0.2683604535487674 0.022165901336727245 0.025636497492717503