0 0.9175149265625 0.45424668749999997 0.890671721875 0.437660765625 0.8629399671875 0.49661819375 0.8541052515625 0.464065890625 0.809528303125 0.4662101703125 0.7848187390625 0.555569590625 0.83410923125 0.544520346875 0.8515253546875 0.5789161984375 0.8922344375 0.56602340625 0.8917063859375001 0.5325508390625 0.922460334375 0.5039954078125 0.9175149265625 0.45424668749999997
0 0.4130745953125 1 0.404442490625 0.8687530375 0.362848815625 0.5911412234375 0.36919334375 0.2607161453125 0.464056528125 0.032254609375 0.454650884375 0.02211960625 0.4109639875 0.026959534375 0.3238993515625 0.1148443015625 0.2547803921875 0.3488364859375 0.23765649687499998 0.6553074734375001 0.2719216078125 1 0.4130745953125 1
0 0.26718259375 1 0.264813365625 0.984815296875 0.212564996875 0.8816277453125 0.1980249546875 0.7072004703125 0.23262929062499998 0.3512905328125 0.1553751765625 0.36264351875 0.11810914531250001 0.5791355421875 0.109927159375 0.7784341625 0.15567413593749999 1 0.26718259375 1
0 0.7263052087536712 0.9394031416422699 0.06246917889684287 0.05589043507002245
0 0.850824879546245 0.671023476836127 0.040973610495108656 0.0346318651776464
0 0.8161159505788149 0.6482559108726923 0.03030912628012459 0.03880994292790554
0 0.6008388320500239 0.5246406666636606 0.028473610495108836 0.034049668320799496
0 0.6350017294474227 0.5567832326270953 0.035922089448421346 0.028163541356328814
0 0.6651666425592501 0.5096192882514478 0.038865078925077866 0.02518409057054054
0 0.6888995451477337 0.4652892454473768 0.04226309471009344 0.03001713978475227
0 0.9514773269295264 0.6913788262980077 0.024059126280124233 0.038518844499482084
0 0.9012876111303934 0.6788574015670674 0.04079159997176518 0.031506865177646406
0 0.9444530531814159 0.6236819040482667 0.03922909997176518 0.03143409057054054
0 0.006917285904514413 0.8156464247309403 0.013834571809028825 0.036810795285270356
0 0.10022782714128783 0.8749914995857152 0.062271757821920605 0.07925516046291677
0 0.08361572176667652 0.7567123804791274 0.06686825256024875 0.07791098428423418
0 0.09980362193608572 0.9360745487999271 0.026547089448421435 0.02772689371369381