0 0.071103515625 0.4783404671875 0.10903336875 0.4936471046875 0.1286054546875 0.461962359375 0.17491314375 0.4761261015625 0.1587238171875 0.38873029375 0.1161866671875 0.3834393015625 0.10499241249999999 0.41398114843749995 0.08335902656250001 0.35548937812500003 0.056245865625 0.369428625 0.0473374046875 0.41672614062499996 0.0744148515625 0.44631387343749995 0.071103515625 0.4783404671875
0 0.5267502765625001 0 0.5979070109375 0.22385226249999998 0.576294046875 0.5408425593749999 0.5131694765625 0.8037596046875001 0.48336683750000004 0.9972217015625 0.618363465625 0.9964363140625 0.6908846546875 0.6114010609375 0.7001604703125001 0.3165747765625 0.6535364390625 0.08740377499999999 0.5829036624999999 0.003357853125 0.5650758765624999 0 0.5267502765625001 0
0 0.61965875625 0.9964287781250001 0.72614264375 0.9958092734375 0.8029649750000001 0.7386247421875 0.8118275140625 0.547113171875 0.7942605859375 0.33701934218749996 0.7211815875 0.3205340953125 0.7245133421875 0.663989571875 0.6959613640625 0.8300257921875 0.6372450984375 0.9250800234375 0.61965875625 0.9964287781250001
0 0.19869515533931204 0.8488727954741275 0.059684072208706994 0.05347043364502539
0 0.10104695393669742 0.5822443525575239 0.03769089754067201 0.03303066861791084
0 0.1376520744482022 0.5624994791191529 0.02833407825883123 0.03610112646343318
0 0.3542532462875668 0.460454669207086 0.026744307181592396 0.031404536104353474
0 0.31847937275099997 0.48878874746591716 0.03453862646343318 0.02832498789975162
0 0.2932021167990716 0.4412779432111911 0.03607385538619425 0.023646578258831142
0 0.2749697463857627 0.39606998234060675 0.039226126463433174 0.028352258976990452
0 0.008918541270714928 0.5929369337432213 0.011146578258831207 0.03600113251355737
0 0.05262763465485665 0.585651153688992 0.03924430718159235 0.03147725897699054
0 0.01870663172799041 0.5295965964092038 0.03143180718159235 0.0314318071815924
0 0.9252207730221464 0.7040162333225654 0.025145445745273776 0.025145445745273776
0 0.921778131335207 0.7837264592202644 0.05804884933607006 0.040961343285945875
0 0.8040820921075955 0.8312877813307755 0.05982042759490121 0.07690793364502539
0 0.8299946314334028 0.7194144952264221 0.06293633723582168 0.0753636143631848
0 0.7533559051429204 0.9753377631804028 0.054923849336070064 0.04094316256778683
0 0.827583745502 0.976468471124121 0.05334316861791066 0.037809072208706954
0 0.798958775752621 0.8906945975875541 0.025145445745273953 0.025145445745273776