0 0.6348872437499999 0.9635914921875001 0.6484883484374999 0.93869381875 0.59291883125 0.9141913562499999 0.622184503125 0.9055627921875 0.617608390625 0.8646924109375 0.5343997515625001 0.843450359375 0.5473999015625 0.8885032875000001 0.5169507234374999 0.9050358718749999 0.5311343796875 0.9421847765625 0.561729196875 0.9411638359375001 0.589659590625 0.9689267125000001 0.6348872437499999 0.9635914921875001
0 1 0.49547633593749996 0.9106116078125 0.4134385515625 0.692466603125 0.35376320781250004 0.41105623125 0.3429610765625 0.0068187593749999996 0.3906464203125 0.0090343546875 0.5175777921875 0.225544971875 0.49942781406250003 0.47710711874999995 0.45681192656249997 0.7798021734375 0.457338825 0.9943966640624999 0.540726240625 1 0.5350767875 1 0.49547633593749996
0 0.0051104093750000005 0.29277514375 0.006833618750000001 0.39149778749999997 0.11116509999999999 0.3731610640625 0.20251263593750002 0.3235633109375 0.361252465625 0.3074259140625 0.688922221875 0.3334762171875 0.67400424375 0.2627681484375 0.4737390453125 0.232041284375 0.290910609375 0.2277270265625 0.0051104093750000005 0.29277514375
0 0.1793981371699217 0.7958112015966055 0.05098184740221225 0.05828734387822045
0 0.4327197804322186 0.9068428379839025 0.03028751785690744 0.035584672927693364
0 0.45086976257531114 0.8732318419382352 0.034838650162155815 0.027963173916276673
0 0.5519980657422918 0.6735912806832595 0.03168637662320535 0.026273339923887917
0 0.524459446829724 0.7060390247517605 0.025545470779006863 0.032268671939110406
0 0.5694270734529295 0.7328535341433006 0.02088524431795715 0.03364017095052709
0 0.6119554926898088 0.7541037930405492 0.02565456493480802 0.038518671939110224
0 0.4203073295387142 0.9934097490300073 0.034838650162155815 0.013180501939985234
0 0.4288232130617784 0.9519643369953193 0.028752291395857908 0.03708350593149916
0 0.4810402779965866 0.9869024224519924 0.028725017856907443 0.0261951550960152
0 0.2775579841716874 0.0683003083264073 0.03176819724005649 0.030960839923887828
0 0.3259778932622969 0.11399215171033625 0.023873876623205437 0.02595500494291585
0 0.24942903003177214 0.11165371889681104 0.03686480032431163 0.05458934091247101
0 0.20292795129724625 0.2206175420147849 0.07280230032431154 0.05605368182494201
0 0.30959100852141663 0.20388498125410073 0.07134889448011297 0.062240014828747636
0 0.04352172361838058 0.2570604249048598 0.07897047970746054 0.051620849809719614
0 0.051669414365615285 0.18712992688202615 0.057122753246410876 0.0522920118629981
0 0.14515636160567175 0.22060561315559246 0.025409103084255057 0.024456171939110226