0 0.653499459375 0.9490361671875001 0.654679946875 0.9081932828125 0.6179331734375 0.8972078359375001 0.6151051562500001 0.848496815625 0.5382885015625 0.8865414796875 0.548171396875 0.9293185671874999 0.580909665625 0.932435878125 0.533274653125 0.9684150203125 0.555911671875 0.99126833125 0.6036634453125 0.9878883859375 0.6221168203125 0.9539747671875001 0.653499459375 0.9490361671875001
0 1 0.391901015625 0.9814765328125 0.2818240828125 0.5623220718749999 0.3114924921875 0.280840446875 0.3776101046875 0.0808693765625 0.4814348875 0.030455376562499997 0.5647103953125 0.0411497796875 0.6282625890625 0.22909533437500001 0.50083339375 0.5358084765625 0.441081721875 0.80600836875 0.435542990625 1 0.41515074687500003 1 0.391901015625
0 0.64319044375 0.1699040828125 0.459354984375 0.2100891265625 0.26722578124999996 0.280751390625 0.2772254375 0.35612767500000003 0.6001909515625 0.265335459375 0.7668702859375001 0.250820346875 0.8771106046874999 0.28377668906250003 0.981551846875 0.28227163437499997 0.9645008296875 0.18094483125 0.64319044375 0.1699040828125
0 0.9575109786981539 0.729768139414378 0.05261988585581108 0.05887038896415202
0 0.7406617346940099 0.8929763890756938 0.03136131596343468 0.03749335594746554
0 0.7104091544625515 0.8625552267057934 0.03710189371369381 0.02688340456798457
0 0.5373782611631425 0.6781348818396046 0.03241439371369381 0.026637743102595125
0 0.5760790421803892 0.7058814235627185 0.026601041356328993 0.0356851944820761
0 0.5403620200544828 0.7421973818396045 0.021913541356328815 0.03543953301668683
0 0.5050987621965998 0.7715230336940554 0.028454639784752444 0.042017081637205675
0 0.7863616865132554 0.98694609820132 0.03710189371369381 0.026107803597360046
0 0.7615221983000797 0.9392715349372509 0.03143409057054054 0.039055855947465544
0 0.721772647638126 0.9853492986762898 0.02979881596343468 0.02930140264742036
0 0.5670441048385643 0.060111900156970176 0.026164393713693813 0.026310194482076034
0 0.6446232952852703 0.05248750791345778 0.03924659057054054 0.03946529172311406
0 0.7307663105867512 0.14506783355776975 0.07598461124870504 0.058536196291098366
0 0.6155779582293863 0.1483831840781681 0.07464043507002263 0.0631418091359686
0 0.9048758986760923 0.15185450135473708 0.08514128742738762 0.05434001922187681
0 0.8712414532669875 0.08228895182970691 0.06014128742738763 0.05302982473980082
0 0.7879602264263514 0.13481640829757055 0.026164393713693813 0.02631019448207601