0 0.44749999999999995 0.9075 0.47750000000000004 0.9099999999999999 0.5 0.9400000000000001 0.545 0.9400000000000001 0.5625 0.9175000000000001 0.5125 0.8875 0.5425 0.8825 0.545 0.8425 0.46749999999999997 0.8125 0.4725 0.8574999999999999 0.44000000000000006 0.8699999999999999 0.44749999999999995 0.9075
0 0 0.4375 0.225 0.445 0.47750000000000004 0.4325 0.7725 0.46749999999999997 0.9675 0.5725 0.9974999999999999 0.55 0.9075 0.44000000000000006 0.705 0.35750000000000004 0.4325 0.315 0 0.315 0 0.4375
0 0 0.3175 0.135 0.31 0.2325 0.2725 0.39 0.275 0.705 0.3375 0.7025 0.26749999999999996 0.5125 0.215 0.335 0.19 0 0.225 0 0.3175
0 0.1296875 0.72578125 0.04140625 0.0484375
0 0.35703125 0.86171875 0.025 0.03046875
0 0.38125 0.83203125 0.03046875 0.02109375
0 0.51328125 0.65078125 0.0265625 0.01953125
0 0.48125 0.67890625 0.01953125 0.02890625
0 0.5203125 0.71015625 0.01640625 0.03046875
0 0.5578125 0.73515625 0.01953125 0.03359375
0 0.3296875 0.9515625 0.03046875 0.02109375
0 0.3453125 0.90546875 0.0234375 0.03203125
0 0.38984375 0.94921875 0.0234375 0.03046875
0 0.34921875 0.03359375 0.0265625 0.025
0 0.38828125 0.08359375 0.01953125 0.02109375
0 0.3140625 0.0734375 0.02890625 0.05
0 0.25 0.1734375 0.0640625 0.04296875
0 0.35703125 0.16875 0.0609375 0.0484375
0 0.08828125 0.18984375 0.0734375 0.0375
0 0.10859375 0.12421875 0.05 0.04140625
0 0.19453125 0.1671875 0.02109375 0.01953125