0 0.48423194374999995 0.9790729953125 0.5256524796875001 0.9771438031249999 0.4629382890625 0.657770115625 0.41707908125 0.3418932234375 0.36051758437500003 0.0028816359375 0.32698783124999997 0.012890359374999999 0.393689959375 0.3761754515625 0.4545783375 0.7987250703125001 0.4802164515625 0.9626794171874999 0.48423194374999995 0.9790729953125
0 0.3740877109375 0 0.389046028125 0.094795309375 0.448029446875 0.40870859531250003 0.5375690843750001 0.9765887781249999 0.58487601875 0.974385421875 0.5795339984375001 0.9271825390625 0.506115009375 0.5902807234375 0.47989552812499997 0.3562931734375 0.41247504843750005 0 0.3740877109375 0
0 0.60098455625 0 0.633876228125 0.1504198328125 0.65506349375 0.23770047187499999 0.675645328125 0.22765749999999998 0.6387552734375 0 0.60098455625 0
0 0.49484118437499997 0 0.5480242234375 0.27355414843750003 0.5801819515625 0.25615357968749997 0.5284175953125 0 0.49484118437499997 0
0 0.53172960625 0 0.565959246875 0.1862960359375 0.611805071875 0.48852813125 0.64037273125 0.4858509234375 0.5844492484375 0.141772646875 0.559379390625 0 0.53172960625 0
0 0.645293325 0 0.7091672 0.2898060328125 0.7487868296875 0.543191953125 0.7863437203125 0.7893951312499999 0.8038797796875 0.82316464375 0.820062375 0.79103065625 0.755914578125 0.4591598421875 0.6906418984375 0.02816939375 0.68254070625 0 0.645293325 0
0 0.7761009890625 0 0.795539653125 0.10021469999999999 0.8250070968750001 0.2298751515625 0.8314824562500001 0.27279370625 0.8546330937500001 0.258084703125 0.8044553562500001 0.0019971625 0.80400386875 0 0.7761009890625 0
0 0.799751246875 0 0.851231053125 0.19864595625 0.87309555 0.186269025 0.827790878125 0 0.799751246875 0
0 0.920480175 0.8770879624999999 0.8975608296875001 0.7405966453125 0.875946278125 0.7470486484375 0.8868705578125 0.866644409375 0.8922936984375 0.8855017015625 0.920480175 0.8770879624999999
0 0.68711058125 0.8385185312500001 0.70220055625 0.9422450250000001 0.7632478796875 0.9240222328125001 0.6910914796875 0.423908690625 0.64811501875 0.4308869640625 0.638229665625 0.593744525 0.68711058125 0.8385185312500001
0 0.6141499296874999 0.714039525 0.6308105562499999 0.9635551343750001 0.705294725 0.9413214062499999 0.6483738734375 0.703823584375 0.6141499296874999 0.714039525
0 0.166017634375 0.155519578125 0.191948171875 0.3544914671875 0.2069074734375 0.6581418734375 0.2506674859375 0.6606821890625 0.237941090625 0.5416243640625 0.22407835468749998 0.3097986109375 0.22908750000000003 0.163996484375 0.21144211093749998 0.047381071875 0.16839463593749998 0.0602308609375 0.166017634375 0.155519578125
0 0.4495641359375 0.8626242453125 0.32842746875 0.012460621875 0.2905457703125 0.0237684140625 0.34326150312500003 0.32297574375 0.3990264328125 0.7685049203125 0.4162925921875 0.982237321875 0.45670701406249997 0.980354990625 0.4495641359375 0.8626242453125
0 0.32948120625 0.71710945625 0.3670540296875 0.7117441859375 0.2931893125 0.17606166875 0.25405363593749997 0.16239434375 0.2766822765625 0.41110256562499997 0.32948120625 0.71710945625
0 0.16168649375 0.201666825 0.141453121875 0.0682729765625 0.1067367296875 0.078635915625 0.127967840625 0.20003129843749998 0.16168649375 0.201666825
0 0.1323636 0.2221204265625 0.10335605781249999 0.07964505468750001 0.07949651875 0.0867671921875 0.0940355421875 0.2452620921875 0.12124874375000001 0.441900025 0.14389601875 0.43903898906250005 0.1323636 0.2221204265625
0 0.15863546875 0.5106933640625 0.12209536562500001 0.519649603125 0.148009040625 0.704974809375 0.169623596875 0.6985228046875 0.15863546875 0.5106933640625
0 0.136664434375 0.9684329359375001 0.1442779546875 0.9949066078125 0.1671040328125 0.9938434656249999 0.1556490625 0.8879562765625 0.1268287578125 0.8965592156250001 0.136664434375 0.9684329359375001
0 0.40552856718749997 0.9827386640625001 0.3735435484375 0.7683102296875 0.3094799640625 0.7971829406250001 0.3487524140625 0.9853830562500001 0.40552856718749997 0.9827386640625001