0 0.5933325 0.9974999999999999 0.6266675 0.9974999999999999 0.6233325 0.9133324999999999 0.605 0.7666675 0.5533325 0.39 0.515 0 0.48333250000000005 0.0033325 0.525 0.36666750000000004 0.5633325 0.6483325 0.5933325 0.9974999999999999
0 0.4383325 0 0.475 0.395 0.51 0.6016675 0.53 0.9083325 0.545 0.9974999999999999 0.585 0.9974999999999999 0.515 0.4316675 0.4883325 0.1483325 0.47000000000000003 0 0.44000000000000006 0 0.4383325 0
0 0.23666749999999998 0 0.2766675 0.335 0.2966675 0.33833250000000004 0.2933325 0.25833249999999996 0.2766675 0 0.23666749999999998 0
0 0.33833250000000004 0 0.33833250000000004 0.0033325 0.365 0.335 0.3966675 0.3416675 0.36666750000000004 0 0.33833250000000004 0
0 0.3083325 0 0.3333325 0.2383325 0.37 0.5466675000000001 0.395 0.5416675 0.36 0.2716675 0.3333325 0 0.3083325 0
0 0.2916675 0.8533324999999999 0.3133325 0.8766674999999999 0.32 0.8433325 0.2916675 0.6233325 0.2633325 0.3966675 0.24500000000000002 0.10500000000000001 0.215 0.1066675 0.215 0.1683325 0.265 0.5533325 0.2916675 0.8533324999999999
0 0.1549325 0.4133325 0.1499325 0.375 0.1432675 0.2566675 0.1232675 0.03 0.1032675 0.03 0.1116 0.175 0.1316 0.4066675 0.1549325 0.4133325
0 0.11493249999999999 0.16499999999999998 0.1032675 0.025 0.0849325 0.0266675 0.0982675 0.35 0.1199325 0.355 0.11493249999999999 0.16499999999999998
0 0.2532675 0.9349999999999999 0.23326750000000002 0.8300000000000001 0.2132675 0.8300000000000001 0.2299325 0.9766674999999999 0.2532675 0.9716675 0.2532675 0.9349999999999999
0 0.4166 0.86 0.3982675 0.6383325 0.3499325 0.5016675 0.3116 0.5066675 0.3782675 0.9933325 0.43493250000000006 0.9949999999999999 0.4166 0.86
0 0.44826750000000004 0.735 0.4166 0.735 0.4282675 0.9966675 0.5049325 0.9974999999999999 0.44826750000000004 0.735
0 0.6199325 0 0.6416000000000001 0.1666675 0.6816 0.29 0.7266 0.4916675 0.7449325 0.5966675 0.7816 0.5833325 0.7199325 0.32 0.6932674999999999 0.1433325 0.6482675 0 0.6199325 0
0 0.6949325 0.975 0.6449325 0.7266675 0.5832675 0.3316675 0.5482675 0 0.5115999999999999 0.0033325 0.6249325 0.82 0.6616 0.985 0.6949325 0.975
0 0.6616 0.39 0.6199325 0.1716675 0.5899325 0.1933325 0.6582675 0.67 0.6916 0.665 0.6616 0.39
0 0.6849325 0.0016675 0.7082675 0.1816675 0.7365999999999999 0.1716675 0.7182675 0 0.6849325 0.0016675
0 0.7766 0.20166750000000003 0.7382675 0 0.7232675000000001 0.0016675 0.7382675 0.1916675 0.7816 0.38 0.8016 0.37666750000000004 0.7766 0.20166750000000003
0 0.8199325 0.4433325 0.7866 0.445 0.8232675 0.6083325 0.8432675 0.6083325 0.8199325 0.4433325
0 0.9082675 0.7666675 0.8816 0.7666675 0.9216 0.9974999999999999 0.9416 0.9974999999999999 0.9082675 0.7666675
0 0.7416 0.9083325 0.7282675000000001 0.7283324999999999 0.6666000000000001 0.72 0.7032675 0.9974999999999999 0.7582675 0.9974999999999999 0.7416 0.9083325