0 0 0.5893435593749999 0.05752410625 0.59309136875 0.20894299218749998 0.590113753125 0.5981748875 0.577786259375 0.9948571328125 0.580464503125 0.9969895031249999 0.5523811515625 0.9970159234375 0.5478398609374999 0.6242333515625 0.551371828125 0.33319645000000003 0.5602803328125 0 0.5539420421875 0 0.5893435593749999
0 0 0.5444678390625 0.5585311109375 0.534192575 0.8503719562500001 0.53736903125 0.9970924437500001 0.534687340625 0.9972817765625 0.5021435953125 0.599131834375 0.4973002765625 0.385055115625 0.5108527671875 0.069870778125 0.4983684609375 0 0.502714225 0 0.5444678390625
0 0.7529840828125 0.32654326875 0.998245865625 0.33643090625 0.9984767359375001 0.2967475375 0.675865703125 0.3013098015625 0.6709075171875 0.32136519375 0.7529840828125 0.32654326875
0 0.9978788062499999 0.3995230109375 0.6690201484375 0.39146585625 0.6597469671875 0.42307185625 0.9977080828125 0.4288679703125 0.9978788062499999 0.3995230109375
0 0.4521547265625 0.37386265 0.45533091875 0.3999151265625 0.7341794562499999 0.39315656718750003 0.99790529375 0.394970125 0.9980531171875 0.36956158437500003 0.77033870625 0.3695145171875 0.4521547265625 0.37386265
0 0.913546925 0.293661578125 0.9141664546875001 0.26286337187500003 0.851100034375 0.2562483203125 0.4534755 0.265980028125 0.1445909203125 0.2610158484375 0.11904661406249999 0.280624865625 0.15262248437499998 0.2910059921875 0.3798179875 0.285688875 0.6138301546875 0.28108418749999997 0.913546925 0.293661578125
0 0.8522942546875001 0.1499984578125 0.6138118390625 0.1455594359375 0.60518715625 0.1686586375 0.6447783031250001 0.1676674953125 0.7663165953125 0.17355890624999998 0.999170771875 0.177452953125 0.999290015625 0.1569565921875 0.8522942546875001 0.1499984578125
0 0.8622632578125 0.15447249375 0.999287246875 0.1574324984375 0.9993987359375 0.1382691578125 0.6743503750000001 0.11761776406249999 0.6675577578125 0.13919365156250002 0.8622632578125 0.15447249375
0 0.026542500000000004 0.2091288390625 0.0640433203125 0.213062309375 0.172979540625 0.2039131984375 0.1745294921875 0.1835003140625 0.023237274999999998 0.1847757375 0.026542500000000004 0.2091288390625
0 0.49758963906250003 0.3185479890625 0.008474978125000001 0.3339513984375 0.0040998953125 0.3915713125 0.1280899265625 0.38781223125 0.35621585 0.3928804375 0.4997325953125 0.35820820625 0.49758963906250003 0.3185479890625
0 0 0.4611103234375 0.25347657031250004 0.43354273593750003 0.2559307234375 0.401221484375 0.004516153125 0.386089184375 0 0.44556699687499995 0 0.4611103234375
0 0.8197424109375 0.6918337484375 0.69050710625 0.7194291421875 0.48076904374999996 0.7437244468750001 0.37196205 0.751171634375 0.3827584640625 0.7900266031250001 0.6568546375000001 0.755334765625 0.8396036234375 0.747071121875 0.9844456578124999 0.7175838 0.98671283125 0.6877251046875 0.8197424109375 0.6918337484375
0 0 0.6585047125 0.24675737656250002 0.6351615875000001 0.6555131859375 0.6145968046875 0.9922761765624999 0.6144557265625 0.9951407781249999 0.57672890625 0.15285371875 0.6047365515625 0 0.62230691875 0 0.6585047125
0 0.3062097375 0.689407825 0.58978441875 0.6882888546875 0.8163079578125 0.6691825703125 0.796475515625 0.6362391515625 0.30367929375 0.6548508296875 0.3062097375 0.689407825
0 0.8072665078125001 0.788258578125 0.9791011015625 0.7879716875 0.98169238125 0.753844478125 0.7992349437499999 0.7582684359375 0.8072665078125001 0.788258578125
0 0.7734848140625 0.8258661249999999 0.9775188781249999 0.808809603125 0.9787346046875 0.79279845625 0.786682753125 0.7878150203125001 0.5907119734374999 0.8118389 0.592570259375 0.8326092765625001 0.7734848140625 0.8258661249999999
0 0.353961175 0.8298724453125 0.352411221875 0.8502853296874999 0.5229694796875 0.8441688109375001 0.523847271875 0.809969309375 0.353961175 0.8298724453125
0 0 0.906835675 0.1854404984375 0.8996419703124999 0.1875071640625 0.8724239421875 0 0.8850170890625 0 0.906835675
0 0 0.7186419546875 0.053472292187500006 0.7143367765625 0.238596278125 0.7200383625 0.2518972265625 0.657991646875 0 0.66471943125 0 0.7186419546875