0 0.39005288125000004 1 0.4357193453125 0.6991683828124999 0.496880159375 0.39886025625 0.5650733296875 0.023060185937499998 0.5305741703125 0.0194445046875 0.46452455 0.42087707031250005 0.382294596875 0.8224296750000001 0.35221315937500003 0.9789873140625 0.35001865 1 0.39005288125000004 1
0 0.45005354375 1 0.453803146875 0.9841897171875 0.49681563281249996 0.6547558953125 0.54914815 0.435190775 0.6138280625 0.0281699234375 0.5789762203125 0.024517278125 0.5518325500000001 0.16686442968749998 0.503209253125 0.47030509374999996 0.40213723124999995 1 0.45005354375 1
0 0.789654940625 0.04659745 0.7557122421875 0.3080161328125 0.7465334859375 0.3941698640625 0.7684601375 0.392838971875 0.83215175625 0.0510513265625 0.789654940625 0.04659745
0 0.672641471875 0.382796703125 0.722795875 0.0395902890625 0.6916484171875 0.0363258828125 0.63782666875 0.386408490625 0.672641471875 0.382796703125
0 0.7137125265625001 0.2818354265625 0.7546492109375 0.042928676562500004 0.7276400203125 0.0400979796875 0.6824677125 0.31486084375 0.625732703125 0.60293025625 0.6525038828125 0.6111807421875 0.7137125265625001 0.2818354265625
0 0.846939665625 0.21957204375 0.8512262421875001 0.1528714203125 0.818799659375 0.14765713593750002 0.778638528125 0.46105831875 0.732145765625 0.7030116796875 0.6861190234375 0.937756053125 0.691034346875 0.97457123125 0.7161575609375 0.9517937046875 0.7659393078125001 0.6303271640625 0.846939665625 0.21957204375
0 0.9560625187499999 0.08037198281249999 0.918610971875 0.3232756296875 0.9031553578124999 0.45051355312499997 0.895066965625 0.49140788593750007 0.9208402015624999 0.486851221875 0.9586393171875001 0.2385392703125 0.9777575140625 0.0826457265625 0.9560625187499999 0.08037198281249999
0 0.9370881328125 0.4322909484375 0.9609368078125 0.42934567343749996 0.9978780593750001 0.0811255453125 0.9781050859375 0.077237421875 0.9557195281249999 0.227343796875 0.9370881328125 0.4322909484375
0 0.79118449375 1 0.802823884375 0.935468921875 0.7811288890625 0.9331951796875 0.76372615 1 0.79118449375 1
0 0.6315911984375 1 0.71863383125 0.5745536312499999 0.677400228125 0.5647874140625 0.6154687203125 0.70711754375 0.5801735640625 0.9448024593750001 0.5689490125 1 0.6315911984375 1
0 0.5680143125 1 0.5888628046875 0.8095948359375 0.5545114890625 0.8059946484375 0.4987802171875 1 0.5680143125 1
0 0.414846140625 0.014486746875000001 0.378855421875 0.013229923437499999 0.32987690468749997 0.13815765 0.28867119531249996 0.3262205234375 0.2034721078125 0.6040462109375 0.24232020312500002 0.6226387843750001 0.2695053453125 0.5111485499999999 0.3323377875 0.29812860625000004 0.384301109375 0.1692721390625 0.414846140625 0.014486746875000001
0 0.49409357031249995 0.017254128125 0.4361074828125 0.3543778578125 0.34175838125 0.7746234249999999 0.28177514531250003 0.9951998078125 0.32124934843749997 0.9993369 0.35696546875 0.8778512921875 0.534105225 0.0198145765625 0.5174603875 0.018070115625 0.49409357031249995 0.017254128125
0 0.29542256718750004 0.7026146015625 0.331232421875 0.711812384375 0.4384938359375 0.2039885609375 0.40745735937500005 0.1771437609375 0.34708139375 0.40856844687500005 0.29542256718750004 0.7026146015625
0 0.307443209375 0.010736153125 0.28090230312500003 0.16388016562500002 0.310940840625 0.1779178171875 0.3436199 0.011999471875 0.307443209375 0.010736153125
0 0.19614320624999998 0.3782310015625 0.2176065484375 0.38410937968750003 0.277703203125 0.1853238109375 0.302977925 0.010580221875 0.2827382328125 0.0098734359375 0.23542689062500002 0.1917825078125 0.19614320624999998 0.3782310015625
0 0.20766439375 0.4538489078125 0.1716228828125 0.4482557609375 0.13484044687500002 0.6240769312500001 0.15653544218749998 0.6263506750000001 0.20766439375 0.4538489078125
0 0.053325215625 0.7879520578125 0.015256289062500001 0.9672673140624999 0.0389095734375 0.9697462953124999 0.08225278281250001 0.7909838109375 0.053325215625 0.7879520578125
0 0.2729558328125 0.9942755 0.318718046875 0.764948134375 0.2512450109375 0.766950271875 0.224270075 0.960133515625 0.21700906875 0.9884120031249999 0.2729558328125 0.9942755