0 1 0.5457279953125 0.6214477031250001 0.5185258796875 0.305267646875 0.5024529906249999 0.022079471875 0.47405510624999997 0.0239714375 0.514676365625 0.1688025703125 0.5236147609375 0.5916843 0.5446656562500001 1 0.580609940625 1 0.5457279953125
0 1 0.4957252203125 0.597289690625 0.4580993078125 0.3643213109375 0.45381248125000007 0.026870959374999996 0.4130269703125 0.0212504484375 0.456255665625 0.0214657640625 0.460878575 0.551158359375 0.49423715 0.8675246187500001 0.5233915328125 1 0.531750203125 1 0.4957252203125
0 1 0.27458885624999996 0.6916415375 0.253863540625 0.6851255109375 0.2750178453125 0.7738563875 0.2878300671875 1 0.3153222421875 1 0.27458885624999996
0 1 0.384257134375 0.6791002828125 0.3503213734375 0.6672485 0.38353049375000003 1 0.41627629375 1 0.384257134375
0 1 0.3527191703125 0.7902416234375 0.335622996875 0.4448751515625 0.31224659843749997 0.4468417953125 0.34057461718750004 0.7496796812500001 0.35788735156249996 1 0.379954434375 1 0.3527191703125
0 0.9498775937499999 0.2665883203125 0.9522973125 0.233485784375 0.88426741875 0.2208028390625 0.45242987812499996 0.196217271875 0.11767850312499999 0.1636353171875 0.08885898125 0.1824937625 0.1246880890625 0.196630753125 0.37141847656250004 0.2109405546875 0.6255021609375 0.2266184515625 0.9498775937499999 0.2665883203125
0 1 0.12046146093750001 0.891592221875 0.106520175 0.633173078125 0.08071168906250001 0.6225074375 0.104819621875 0.665506403125 0.1072437296875 0.7969991421875 0.12430367499999999 1 0.1441942359375 1 0.12046146093750001
0 1 0.0993592265625 0.7004221187499999 0.05596815937500001 0.6918300828125 0.07859765468749999 0.9021512546875 0.1122159671875 1 0.122280284375 1 0.0993592265625
0 0.154550378125 0.08282254375 0.0705991734375 0.0767026375 0.0669412734375 0.1048364359375 0.1517108234375 0.104662259375 0.154550378125 0.08282254375
0 0.497295346875 0.2567016296875 0.050100754687500006 0.234360959375 0.0420727796875 0.2961060578125 0.0925851609375 0.2986884890625 0.339735384375 0.3242611125 0.49736906875000003 0.29958854687500003 0.497295346875 0.2567016296875
0 0.23048732031250002 0.3243978578125 0.041864171875 0.297710515625 0.03323409375 0.3640865390625 0.2259912390625 0.35897831562500004 0.23048732031250002 0.3243978578125
0 1 0.696896075 0.8255365453125 0.6869864078125001 0.683794890625 0.7052994328125 0.45492281874999996 0.7129608375 0.3364821984375 0.7113837984375 0.345987628125 0.7541668609375 0.6452560078125 0.740987728125 0.8439444828125 0.74820600625 1 0.729557559375 1 0.696896075
0 1 0.5774561046875 0.1071352609375 0.5344116078125001 0.0250153109375 0.5370887609375 0.026907204687500002 0.5777084671875 0.20726173124999997 0.57544748125 0.651787615625 0.5893517828125 1 0.617515375 1 0.5774561046875
0 0.268668634375 0.639091184375 0.5763127171875 0.662892221875 0.8230967640625 0.6622974328125 0.803454896875 0.6250819140625 0.2678850234375 0.60166419375 0.268668634375 0.639091184375
0 0.80653256875 0.7896966812499999 0.9929300328125 0.80454025 0.9976773359375001 0.7680275984375 0.7995229828125 0.75670124375 0.80653256875 0.7896966812499999
0 0.7677569390625 0.8272058609374999 0.9900313531249999 0.8268347031250001 0.9922586000000001 0.809704403125 0.784231475 0.787404065625 0.57030755625 0.7959872625 0.5711444703125 0.8185123890625 0.7677569390625 0.8272058609374999
0 0.3124913375 0.794525303125 0.30965178125000004 0.81636501875 0.49499568437499997 0.824819896875 0.49788854374999997 0.78807831875 0.3124913375 0.794525303125
0 0.039640678125 0.8511012640625 0.12574531718749998 0.8547785484375 0.12953151093749998 0.8256580203125001 0.0383937296875 0.8243287718750001 0.039640678125 0.8511012640625
0 0.030171514062499998 0.6477945125 0.19359315625 0.6661056624999999 0.2115411296875 0.6004794203125 0.0274987953125 0.59041015625 0.030171514062499998 0.6477945125