0 0.6681637046875 1 0.6638440250000001 0.9420386781250001 0.6394126140624999 0.7891515359375 0.5718907203125 0.396476440625 0.5195089640624999 0.0030224140625 0.486337328125 0.002829428125 0.541528959375 0.3720000515625 0.5917044375 0.6656333953125 0.63208891875 1 0.6681637046875 1
0 0.622302746875 1 0.5334767203124999 0.43964778125 0.4953915359375 0.1443455453125 0.47296341875000003 0.0027516203125 0.4395759015625 0.002557378125 0.49047624375 0.401210059375 0.5344522734375 0.6167008125 0.5664407921875 0.9362647281250001 0.5793755390625 1 0.622302746875 1
0 0.29626787499999996 0.25774713125000004 0.2708061171875 0.001575503125 0.22985420625000003 0.001337253125 0.28169734062499996 0.33750811718749996 0.3026518984375 0.3411006765625 0.29626787499999996 0.25774713125000004
0 0.334968340625 0.0019487890625 0.3737103625 0.33804343281250004 0.4069398765625 0.34518065781249996 0.364859434375 0.002122690625 0.334968340625 0.0019487890625
0 0.38661827031249996 0.5585607140625 0.412478059375 0.5535038859375 0.3661982578125 0.2720417765625 0.330270340625 0.00192145625 0.304316346875 0.0017704609375 0.337207025 0.23715620781250002 0.38661827031249996 0.5585607140625
0 0.240343928125 0.097732871875 0.2091545859375 0.09928804218750001 0.21139770000000002 0.1635224171875 0.277485715625 0.564867096875 0.3161771015625 0.8775287078125 0.339593640625 0.9019672953125 0.34532636562499996 0.8672837421875 0.3078106671875 0.6379453749999999 0.2700499203125 0.4016642828125 0.240343928125 0.097732871875
0 0.1577394578125 0.418366728125 0.1511367484375 0.3784067390625 0.13988960156250002 0.2551033265625 0.11081105625000001 0.018870143750000002 0.089977721875 0.0187489390625 0.10393190000000001 0.1698411015625 0.1331923265625 0.41128261874999994 0.1577394578125 0.418366728125
0 0.1191592328125 0.3573915984375 0.107039496875 0.15944463125 0.0897958421875 0.013540604687499999 0.0707575421875 0.0151664703125 0.0964096453125 0.3520519703125 0.1191592328125 0.3573915984375
0 0.28046201875 1 0.279147821875 0.9623663078125 0.25449502968750004 0.852870103125 0.233661696875 0.8527488984374999 0.2555206796875 1 0.28046201875 1
0 0.4661351921875 1 0.44655765937499997 0.8852311421874999 0.41939797187499994 0.654216396875 0.3640777140625 0.5115641 0.32432990625 0.5165401296875001 0.4073749453125 1 0.4661351921875 1
0 0.5363097328124999 1 0.47499766250000003 0.755214721875 0.442010684375 0.755022809375 0.46148371875 1 0.5363097328124999 1
0 0.661137440625 0.003846384375 0.6292266203125 0.0036607328125 0.6557121328125 0.164373340625 0.7018651171875 0.2930871046875 0.756075934375 0.503430128125 0.7789917484375 0.612916228125 0.8167019890624999 0.5992478171875 0.7428860796875 0.324569409375 0.7086836171875001 0.14037916718750001 0.661137440625 0.003846384375
0 0.7390871890625 1 0.6795539359375 0.7477268703125 0.6009511187500001 0.33589483124999997 0.5542568671875 0.003224571875 0.5160127234375 0.0030020734375 0.662115646875 0.84482701875 0.701966553125 1 0.7390871890625 1
0 0.7259227109374999 0.6837727078125 0.684669365625 0.3971325671875 0.6333236999999999 0.169450365625 0.60286178125 0.191836265625 0.691383234375 0.6887790375 0.7259227109374999 0.6837727078125
0 0.6967050125 0.0040533109375000004 0.7257030828125 0.1804023625 0.7548523453125 0.1701573984375 0.7313566515625001 0.0042549078125 0.6967050125 0.0040533109375000004
0 0.8093056078125 0.3874431296875 0.8300177171875 0.3840929796875 0.7976102859374999 0.20164980781250003 0.7532744499999999 0.004382421875 0.736065309375 0.004282303124999999 0.7573168406249999 0.1910008359375 0.8093056078125 0.3874431296875
0 0.8610150296875 0.6255419984375 0.8818483640625001 0.625663203125 0.851539065625 0.4536467875 0.8168783671875 0.4551817625 0.8610150296875 0.6255419984375
0 0.9927649984375 1 0.9553162593750001 0.7909894093750001 0.9275376140624999 0.7908277984375001 0.971044784375 1 0.9927649984375 1
0 0.8006972296875 1 0.7868574578125 0.9375470734375 0.76642179375 0.7499662765624999 0.7018817125 0.74091286875 0.7451305015624999 1 0.8006972296875 1