0 1 0.46683834687500003 0.7092545593749999 0.49273187500000004 0.3966918671875 0.505012959375 0.027635303125 0.527313 0.0278065875 0.530581309375 0.03325695 0.561491840625 0.4273909890625 0.5312581796875 0.845455184375 0.5152746593749999 1 0.5075127546875 1 0.46683834687500003
0 1 0.4068070203125 0.9846450375 0.40692787656249996 0.64849310625 0.4438528375 0.41784135625 0.44541449687499995 0.025034401562500003 0.477684828125 0.026911848437500004 0.5135086578125 0.1530775140625 0.5069970374999999 0.465220975 0.48175558125 1 0.45421862187500006 1 0.4068070203125
0 0.3149216890625 0.24194829843750001 0.013560473437500001 0.25874925625 0.01566520625 0.2989099515625 0.2350221890625 0.274657953125 0.322354771875 0.262985340625 0.3149216890625 0.24194829843750001
0 0.020909435937500002 0.3989758046875 0.3450772890625 0.3707172234375 0.331800621875 0.3376734765625 0.019245993750000003 0.367235434375 0.020909435937500002 0.3989758046875
0 0.5614969515625 0.330693359375 0.562138309375 0.3026456515625 0.22099172031249997 0.3218272921875 0.0176137859375 0.3360910640625 0.019026225 0.3630420046875 0.262212309375 0.34435684843750003 0.5614969515625 0.330693359375
0 0.1225218625 0.20696725312500003 0.055696028125 0.2187504515625 0.05962149375 0.251579828125 0.379202128125 0.2157135953125 0.630251425 0.20310792968750002 0.8740774390625001 0.191773128125 0.9089282437499999 0.1781778265625 0.8795004656250001 0.1591585984375 0.5492972875000001 0.1875844703125 0.1225218625 0.20696725312500003
0 0.20454281562499999 0.11235194374999999 0.3340523125 0.09696329687500001 0.3765483375 0.09505702499999999 0.36486706406249997 0.0710453671875 0.10998928593749999 0.0936395015625 0.0055514828124999995 0.105928609375 0.006787109375 0.1295057609375 0.20454281562499999 0.11235194374999999
0 0.2970876671875 0.045751478125 0.00445446875 0.084996321875 0.0056490625000000004 0.107790521875 0.099789159375 0.09916174375 0.3066459625 0.0682742328125 0.2970876671875 0.045751478125
0 0.9635921156249999 0.071011246875 0.8392342453125 0.07865565625 0.8430559265625 0.100329484375 0.9606652140625 0.101939490625 0.9687929000000001 0.10050635781249999 0.9635921156249999 0.071011246875
0 1 0.277490625 0.991347796875 0.22842154374999998 0.5076313421875 0.2470014296875 0.5095376125 0.2894974546875 0.6668763578125 0.31576318125 0.9105985875 0.2932728328125 1 0.2897340671875 1 0.277490625
0 1 0.28776645 0.7751371515625001 0.3171583390625 0.7811883046875 0.3514761375 1 0.3598106453125 1 0.28776645
0 0.186818865625 0.730038771875 0.3833671875 0.7251770640624999 0.68052205 0.7416869687500001 0.6879665015625 0.6994026046874999 0.5706758484375001 0.69959965625 0.3435317140625 0.6893689828125 0.202233971875 0.669588196875 0.0535048390625 0.6763233296875 0.0600615828125 0.713508475 0.186818865625 0.730038771875
0 1 0.5307894671875 0.9070599453125 0.52668435 0.03277031875 0.55873203125 0.0396587921875 0.5977985015625 0.36989665625 0.5748448953125 0.809737990625 0.56619253125 1 0.5707889390625 1 0.5307894671875
0 0.7518268609375001 0.6285493796875 0.7508760078125001 0.5914718125 0.2212577703125 0.608501309375 0.203512115625 0.645151890625 0.4480791796875 0.6485867468750001 0.7518268609375001 0.6285493796875
0 0.23122844062499998 0.7389689374999999 0.0658817234375 0.7465161375 0.0721509265625 0.78207055 0.22580541406250002 0.7715834671875 0.23122844062499998 0.7389689374999999
0 0.24779787656250002 0.7695688406250001 0.072908278125 0.7863657015625 0.0764898375 0.8066777421875001 0.2659595203125 0.8091986046875 0.46038263125 0.8028511828125 0.4601723515625 0.780540565625 0.24779787656250002 0.7695688406250001
0 0.5315677187500001 0.7735385609375001 0.536129971875 0.8099793390625001 0.7193980125 0.8037384125000001 0.7155763328125 0.7820645828125 0.5315677187500001 0.7735385609375001
0 1 0.8147236343750001 0.8983090328125 0.8150237234375 0.9034047671875 0.8439230671875 1 0.8409157640625 1 0.8147236343750001
0 1 0.5825976421875 0.8066527921875 0.59094746875 0.827466325 0.65618380625 1 0.638768390625 1 0.5825976421875