0 0.9636896065132922 0.15411597200341337 0.06263055404758582 0.1525170738632619
0 0.9215320047496984 0.288323376629796 0.13155097241038013 0.12718188311602727
0 0.9054677549768411 0.7139955324739946 0.056721390773174465 0.09933752678536116
0 0.1935774231124926 0.32756807224170414 0.16970606965141816 0.14033644805083528
0 0.7191030455683013 0.2785876866933402 0.25850297602842465 0.2261842191541537
0 0.4926534102221938 0.23570826014956503 0.1686216044771271 0.20900462743398435
0 0.34112853177349134 0.22274243019722317 0.18030937697836452 0.1639375892845374
0 0.05793425147033804 0.4246084878251354 0.11586850294067608 0.1476580243497292
0 0.7843672766851087 0.13539106575217763 0.11510710085908257 0.1112841477265238
0 0.506833260403908 0.5757741526010831 0.15465427973732632 0.15100121266133187
0 0.39305520692214885 0.9297815884770537 0.12842597241038015 0.1271273360381265
0 0.5784327007021124 0.4457360507346439 0.14800148801421234 0.113419392044481
0 0.8584411052700969 0.4049438608014834 0.09916119629109801 0.0751011858759707
0 0.9370297727283798 0.4543068867760658 0.08139384215265544 0.0935239034085665
0 0.775639734850453 0.8231950288205467 0.12571705223856355 0.1052250624991764
0 0.23935251130841909 0.5562464513005415 0.10515889077317438 0.10018300649282175
0 0.5856488206715303 0.9037843299556372 0.12406602103089917 0.13329551542127546