0 0.13457426244600615 0.9650755541565303 0.15632404160312507 0.06984889168693939
0 0.27291071704315895 0.930619782686508 0.12333101006798622 0.13038745764913032
0 0.6904248721534019 0.9525827037403058 0.09818423328249999 0.05681360226293606
0 0.34111139000826374 0.21607601453613534 0.1349231267092362 0.15857609016268787
0 0.2714248714878119 0.7258959212501894 0.21486650626826406 0.23715560811666875
0 0.23838055461781207 0.5006732074527388 0.20189242116215295 0.14959197560311138
0 0.23171559337114553 0.3506141201187213 0.156979964665139 0.16651585518980258
0 0.44207709080569446 0.07445666197861144 0.14222648043270852 0.13674654195808597
0 0.12880030718326324 0.777416993753484 0.10556162860909732 0.10528746369925468
0 0.5694298796559372 0.5447924087571576 0.1454242156150695 0.13988972267624522
0 0.9212846268061454 0.467141149190992 0.1245662017473613 0.11633404800821019
0 0.8088840375190625 0.025802556003241984 0.15410692496187509 0.04307835518980254
0 0.43990472739548564 0.6042032493126289 0.109450348023889 0.1381181444174139
0 0.389063700325659 0.8750379240788598 0.07245818787965286 0.09259656615858276
0 0.43630041660631863 0.9590169725780495 0.09102634992374999 0.08196605484390104
0 0.800274610469895 0.8321116433372595 0.0995662017473613 0.11618860226293641
0 0.5614953187698608 0.281429345525441 0.09760365824437507 0.09899201190385672
0 0.8865063172512496 0.6521201371889394 0.1291445989738193 0.11167381908544911