0 0.9464372824850693 0.057508822092209644 0.10617987765916688 0.11501764418441929
0 0.810408210296736 0.09029882848081923 0.10901393692972228 0.12307935574121864
0 0.4106465592705556 0.005082794943353392 0.09433188145888885 0.010165589886706784
0 0.5702240877684716 0.7853725424347144 0.11744468597979178 0.1499601907221905
0 0.7619667910344441 0.2936440043742622 0.191028962765278 0.2263263725471326
0 0.7386701889264926 0.5232824248304977 0.19044577488562506 0.13420253954332714
0 0.7086527677643397 0.6728022637658023 0.13942878875333342 0.15553902866891214
0 0.4370823198167006 0.9055324866169461 0.1294355397032641 0.12859452669174587
0 0.9131299007418401 0.2710938892415034 0.09440592306201409 0.09906885277546902
0 0.427444361038576 0.4142044910655704 0.13107077488562507 0.13178319368794006
0 0.06743358140329825 0.42262973368837764 0.11333776101791675 0.10764535672980173
0 0.06564378395841977 0.9232836496959889 0.13128756791683954 0.11673119665368965
0 0.5679063600886455 0.38194379490617236 0.09364351006798621 0.13338018577927474
0 0.6839905274510762 0.12276777167446773 0.06293771751493064 0.08842051285158128
0 0.6636981708778125 0.033344434012073106 0.08012521751493065 0.06668886802414621
0 0.27354464314239574 0.0848565251716899 0.08688436379145843 0.11125051779449716
0 0.37138915710701326 0.6763980849437908 0.0880104526972918 0.09256418479069169
0 0.14572550161552061 0.24460555136914403 0.11951502583555565 0.10477502471457933