0 0.0765625 0.0828125 0.14609375 0.13046875
0 0.13359375 0.22890625 0.109375 0.09609375
0 0.0296875 0.621875 0.05546875 0.08671875
0 0.8015625 0.40859375 0.134375 0.1015625
0 0.32890625 0.2609375 0.2 0.1671875
0 0.54921875 0.265625 0.1125 0.1734375
0 0.69296875 0.284375 0.1390625 0.1234375
0 0.91875 0.528125 0.1125 0.115625
0 0.30546875 0.1171875 0.0859375 0.084375
0 0.44765625 0.57265625 0.115625 0.11796875
0 0.459375 0.91875 0.09453125 0.1015625
0 0.94296875 0.89296875 0.10546875 0.13359375
0 0.415625 0.440625 0.11953125 0.08046875
0 0.165625 0.34765625 0.07890625 0.05390625
0 0.06796875 0.37734375 0.0859375 0.07109375
0 0.134375 0.7453125 0.0984375 0.0765625
0 0.7 0.60859375 0.08046875 0.078125
0 0.2890625 0.85625 0.0890625 0.10703125