0 0.2120627674649485 0.9705676444801128 0.1647715720082723 0.05886471103977442
0 0.3460377781269487 0.9375426846581547 0.12494655068427196 0.12491463068369058
0 0.7608542561266305 0.9459037986961633 0.09756589067472685 0.06106595941492117
0 0.3502925433640895 0.23263086241645065 0.1362294960216353 0.16172052434972928
0 0.327295226766359 0.7399388019458695 0.22000560669954394 0.24597852191409722
0 0.27472256806967865 0.5179722986994586 0.20336245202099903 0.15820578652459397
0 0.25581693204963407 0.3700160397710047 0.15977608402290802 0.17150462743398426
0 0.43999883867759043 0.08813261444504553 0.14538632001909005 0.14313416558343126
0 0.19125827677431323 0.7961461172877147 0.1075045120146357 0.10966710064862309
0 0.6062634694064057 0.5487542889569305 0.1485658640197265 0.14787621266133186
0 0.9412806226925443 0.4570163969091543 0.1174387546149113 0.12087733603812652
0 0.7931778353357726 0.031810071017297534 0.15823067067154514 0.038692127433984334
0 0.48279924474854174 0.6114297926103786 0.11099313868554468 0.14097164772652385
0 0.45626620611867635 0.882005345370322 0.07607269867918127 0.0934966298696164
0 0.5095644761298121 0.9602046631477993 0.091643154678545 0.07959067370440139
0 0.858618499442995 0.8226356684195097 0.10134541868236298 0.11737050649282174
0 0.5758925273710892 0.28812075202529963 0.09803860534690845 0.10169095941492108
0 0.9283753740849505 0.6418590012112254 0.12947041868236298 0.11786143019392785