0 0.05831827453740211 0.9229428550429543 0.11663654907480422 0.15411428991409154
0 0.20323579036837697 0.8755200576656306 0.11428158525525038 0.129087713703953
0 0.6328646573971187 0.9857637174913396 0.10154921189493056 0.02847256501732076
0 0.42806968905500914 0.143077129126071 0.12348616689245624 0.1560596494796016
0 0.2450459113538476 0.6607106071906607 0.19929175033868426 0.23482645861557022
0 0.2601640575540889 0.41708343792335534 0.20046474672063966 0.13827900723608924
0 0.2857040473773236 0.25860919662978266 0.14881371551297518 0.1636198439616777
0 0.5619301119403591 0.055301569424275554 0.13238977611928177 0.05835913387576941
0 0.08654069256151206 0.6806059481001207 0.10038950361804462 0.10187011646291495
0 0.5952207310052657 0.5411848377416413 0.1396091338757694 0.13664790818602893
0 0.9469846268668227 0.5408185040682706 0.06017393939369349 0.10755355042954129
0 0.447861052127022 0.5726318323145744 0.09758540818602893 0.1375619549975255
0 0.33571077566905594 0.8440763851189649 0.06560506784239592 0.09225609905006031
0 0.364435561965103 0.9515823900380053 0.0847645036180447 0.09683521992398951
0 0.7740805568767203 0.8952526192879899 0.09175148801421233 0.11544129353213642
0 0.6442535317734913 0.2632988551544958 0.0922494549975255 0.09521068068726608
0 0.9027422246736876 0.727298236655416 0.1255532779283044 0.10630531094499088