0 0.13252160850945222 0.04966364532940927 0.15058178298109554 0.09932729065881854
0 0.2752403736347627 0.089759744629229 0.1116556383672898 0.12472837468172657
0 0.6856920603048503 0.034205894573549736 0.09407725292686617 0.05734088001272669
0 0.37039118794663384 0.7878239799490933 0.11961358411256366 0.14981928134945371
0 0.28266146731349207 0.291222247294729 0.19660333098930574 0.22414766669318062
0 0.25948200078556694 0.5156955359643653 0.19141586123992677 0.13815562269254436
0 0.2586184166730032 0.6641330359643652 0.1415249455488822 0.15632382001909004
0 0.47664521224532647 0.9201723086012302 0.13200449980360815 0.13121473201781733
0 0.1407103166495621 0.2522517486473645 0.09743860226293632 0.09800224267981754
0 0.5832922055078312 0.4478694999204582 0.13514768052176757 0.13437609468490824
0 0.9314115429400445 0.498502562539824 0.11469882513557295 0.11070223734881743
0 0.8412526129092563 0.956551967218369 0.1472658854404237 0.06889654535327168
0 0.45311434699837905 0.39938764127150284 0.09607609016268803 0.13235906134627218
0 0.3921506176828344 0.13605239461332064 0.06613406010845857 0.08826361600890867
0 0.43410683440715125 0.04380290197327395 0.08178633118569749 0.0876058039465479
0 0.7983006237329586 0.14851274789150498 0.08969882513557312 0.11041133601209037
0 0.5856894559006147 0.7071990465865946 0.08958974082661779 0.09166133601209037
0 0.8902739794137405 0.31852470854555104 0.12091246369925486 0.10452496268299924