0 0.58542585 0 0.579494646875 0.1232820625 0.5795201890625 0.352694903125 0.563071659375 0.6014570984375001 0.561558440625 0.8792832328125 0.571679834375 0.9712593343749999 0.6147678 0.9690011890625 0.607728490625 0.7916642687500001 0.6298158953125 0.6077508203125 0.6393408234375 0.315361065625 0.6439890390625 0 0.58542585 0
0 0.35934581772302115 0.3635059000454285 0.3780666354460423 0.727011800090857
0 0.7487706872140627 0.2775507948909327 0.05308993882958344 0.06832727611928177
0 0.672203614741389 0.046120410449336444 0.041679660144236054 0.04744156603337355
0 0.749820774885625 0.0874204398479786 0.02427395459715278 0.0371658073269463
0 0.7634825781722571 0.035861261874245966 0.03219555737069442 0.042262743102595035
0 0.6766138914299659 0.7397033141128097 0.19957273385118093 0.46147084577069997
0 0.7472601257593057 0.14543765773580297 0.02271145459715278 0.0370839201718165
0 0.8737739532659725 0.439173290368377 0.04135365824437507 0.10048467887824372
0 0.66408721589941 0.30232614484550424 0.03194098423243048 0.03132524310259503
0 0.7933150014217023 0.9479108825210323 0.14429551386770836 0.030971118271937215