0 0.62286591875 0.37223774375 0.5826291734375 0.195336709375 0.5703493500000001 0.006636615625 0.5293687593749999 0.006159762500000001 0.5288673234375 0.1149089625 0.5587400984374999 0.38558244375 0.6001348171875 0.6263099234375 0.62356469375 0.849954240625 0.64497875625 0.98938059375 0.7003139671875 0.976189590625 0.6620022890625 0.656243096875 0.62286591875 0.37223774375
0 0.3879503687539505 0.6440232673456359 0.4067463694302683 0.7119534653087284
0 0.7726617234245413 0.6807747627704952 0.05390679734245403 0.06780566534054522
0 0.721482673456358 0.9145225067631774 0.044313621339908946 0.048946577339272324
0 0.7927940521164492 0.8669213481062676 0.026980670671545148 0.036246582670272434
0 0.8113173327895853 0.9147866834420405 0.033285214672181596 0.041006808004454595
0 0.6518459526973167 0.23333559408813231 0.22556690539463348 0.4541260680299077
0 0.7843270241088132 0.8105804414385407 0.025399989337999786 0.03466590133672724
0 0.8769117767345425 0.5101360934515855 0.044877242679817894 0.0973840773392725
0 0.688132182089405 0.6665117207590412 0.031613626670908876 0.031613626670908876
0 0.7408068133354544 0.02424295210054083 0.15036362667090888 0.0329954080203627