0 0 0.5410725000000001 0.325 0.585715 0.5946425 0.6178575000000001 0.7660725 0.623215 0.9785725 0.664285 0.9974999999999999 0.6410725 0.9589275 0.6214275 0.8517849999999999 0.5928575 0.5964275 0.5553575000000001 0.36607249999999997 0.5357149999999999 0.15535749999999998 0.5035725 0 0.4875 0 0.5410725000000001
0 0.36015625 0.33046875 0.71953125 0.21796875
0 0.27734375 0.68203125 0.05546875 0.0390625
0 0.07421875 0.57890625 0.0375 0.03203125
0 0.10234375 0.65546875 0.03046875 0.01796875
0 0.0546875 0.66171875 0.03359375 0.0234375
0 0.73671875 0.68359375 0.4625 0.1
0 0.15625 0.66171875 0.03046875 0.01640625
0 0.4125 0.81953125 0.0890625 0.02109375
0 0.31015625 0.60703125 0.0234375 0.025
0 0.94375 0.82421875 0.1125 0.1234375