0 0.368104865625 0 0.380913990625 0.2025761578125 0.363651053125 0.3809831171875 0.3610065609375 0.6637530921875 0.36373842500000003 0.9841047968750001 0.4198024375 0.9890308125 0.42333297031250006 0.847277034375 0.41814034062500005 0.6256656046875 0.428477578125 0.3848056015625 0.42368564375 0.1163750015625 0.40841019218749997 0.0025818046875 0.407473478125 0 0.368104865625 0
0 0.632763721411562 0.6285388681050841 0.31832795953423665 0.7255762930174156
0 0.2553822973996175 0.7038481542226409 0.04832970364722229 0.06331820616851011
0 0.33457491565638814 0.9250316331193226 0.03848192496187508 0.042842064934808376
0 0.2596846716403117 0.888073149758414 0.02263871941479172 0.03319432954530477
0 0.2468203425181242 0.9374964513005416 0.028997822188333355 0.03799092370110628
0 0.3131857585493748 0.23694880073134864 0.16425348290125044 0.47389760146269727
0 0.2602126549228118 0.8318367865278891 0.01951371941479163 0.03313978246740419
0 0.1308395051309023 0.5521783344165687 0.03346842306201401 0.09585797077900686
0 0.3364147450629161 0.6782248169666983 0.028779616641249995 0.028615923701106105
0 0.19607491299402774 0.03327042167251123 0.1422251740119445 0.06654084334502246