0 1 0.40778674531250003 0.9991458078125 0.40455567812500004 0.864556975 0.44804034843749996 0.6652355859375 0.5236615703124999 0.4432411796875 0.5908415234375 0.20130738125 0.6810323171875 0.1031891953125 0.731705075 0.0724680296875 0.7575148109375001 0.0736147234375 0.7618522921875 0.0951401328125 0.7786000734375 0.2938627609375 0.69368651875 0.46151799374999997 0.6529479593749999 0.7189560046875 0.5651640828125 1 0.46347693124999995 1 0.40778674531250003
0 0.610585358252186 0.3170901550133338 0.761641915964067 0.39554507617548673
0 0.790875581295162 0.651486604860834 0.06586310217691818 0.05305357123840295
0 0.9645709977225654 0.5064319440510078 0.04516865626060209 0.041643292553055565
0 0.9565253739461006 0.5889898709127438 0.035248019237293704 0.025800087005972118
0 0.9923611479078998 0.5853752148525703 0.015277704184200403 0.0320500870059723
0 0.33917172675599105 0.7486979520317016 0.49001490870767295 0.21748758567479207
0 0.9056176383740709 0.6065397404037854 0.03513889183263217 0.022675087005972296
0 0.6943974292957291 0.8170732776385075 0.09522321996293322 0.04436955547083343
0 0.7393105920949352 0.5831535257386464 0.029161710344286364 0.030342116641250173
0 0.17370796177986664 0.9258546383927431 0.14117561542376214 0.14829072321451378