0 1 0.6464235109375001 0.9784155421875 0.6357640640625 0.8679883281249999 0.6072354734375 0.6060731625 0.5704711812500001 0.3703919140625 0.5517877437500001 0.15421589687499998 0.520227378125 0.0029409203125 0.5055013921875 0.0029596906249999997 0.50872751875 0.005064165625 0.5604380171875001 0.330592475 0.603072809375 0.60684975625 0.6342832046875 0.7818588234375 0.6387341453125 1 0.679355278125 1 0.6464235109375001
0 0.36285556576579936 0.3401897086298393 0.7233112767345796 0.2678794172596787
0 0.2860673694313503 0.701956271245394 0.05805793969514976 0.0438696719450391
0 0.07455717680933435 0.597381116851332 0.03926248789975158 0.035511602665567035
0 0.10625714958377544 0.6756341489837856 0.03136817466803503 0.021221782132453626
0 0.05786510137917352 0.6820372616784824 0.03608294574527389 0.026045674452321775
0 0.7539497610200939 0.7007290211788869 0.4756908672900508 0.13257108841329507
0 0.16174862548147448 0.6811543747688907 0.03134999394987581 0.018096782132453627
0 0.429826980671277 0.8420537370013694 0.09077044574527396 0.027636918184115445
0 0.3160816014773694 0.6247178213245362 0.025154536104353475 0.02728992570596276
0 0.9545163458200285 0.840210372986524 0.09096730835994293 0.13402331050398358