0 0.959497540625 0.82250799375 0.9692689359375001 0.792993940625 0.935382971875 0.7749570859375 0.9091294937500001 0.8153131046875 0.97520343125 0.8681607687499999 0.9756288515625 0.8666790656250001 0.97667854375 0.83060346875 0.959497540625 0.82250799375
0 0.078895625 0.1046142953125 0.196362190625 0.20856021249999998 0.2764362171875 0.23388924531250002 0.5604745609374999 0.4845626328125 0.6937419921875 0.5483985390624999 0.7478057640625 0.624533553125 0.8324055140625 0.7543461046875 0.97499558125 0.8884431546875 0.976472853125 0.837672640625 0.8993556546875 0.754878946875 0.8217098828125 0.654191159375 0.783833484375 0.5546688546875 0.69140633125 0.44804901406250003 0.5274597671875 0.324268246875 0.3655544890625 0.1983461265625 0.2472144359375 0.1467149671875 0.078895625 0.1046142953125
0 0.1324732171875 0.0699011125 0.372846665625 0.15215806406250001 0.7400225859375 0.37997971875 0.9131104109375 0.537016590625 0.9833347296875001 0.601845221875 0.985832453125 0.5160040546875 0.9850109890625 0.48071061562499995 0.9144681578125 0.41566441562499995 0.8100335578125 0.332331859375 0.6506103390625 0.22308912187500002 0.5276496515625 0.15273995 0.41145095468750004 0.1031500765625 0.142001325 0.029934381249999996 0.1324732171875 0.0699011125
0 0.8002574046875001 0.181954928125 0.879217309375 0.24914325937499998 0.8914680468749999 0.2363086546875 0.82301211875 0.1709642453125 0.7997707625 0.161046853125 0.8002574046875001 0.181954928125
0 0.199474046875 0.25241499375 0.247800746875 0.2617485203125 0.297103384375 0.312895415625 0.4045524859375 0.43590005156249995 0.5240603375 0.5377046140624999 0.61298634375 0.583744296875 0.6582498984375 0.5513157515625 0.5608152046875 0.4991980171875 0.47937601875 0.41533295625 0.2702635296875 0.238215165625 0.2155668453125 0.22484765312500002 0.1642228609375 0.17583939531249998 0.13490616875 0.1744306234375 0.199474046875 0.25241499375
0 0.1005690543687914 0.7895291644231918 0.17102320533113408 0.08303512351524951
0 0.09504281690520372 0.8988359682632577 0.176574523356965 0.1128590158351173
0 0.7583504621280657 0.7828655712580292 0.06211956677218957 0.04239810015828453
0 0.5306816986672165 0.03498904625171158 0.10738660266556703 0.04215405925034231
0 0.7887800405122307 0.22077474821763335 0.05926735141192587 0.05168217194503919
0 0.6578692734375 0.07616619062499999 0.55145294375 0.0543136828125 0.4094727171875 0.0418736921875 0.353746959375 0.017266882812500002 0.1593552296875 0.0217914 0.1543917625 0.027775128125 0.42387849062500005 0.1073748234375 0.4797973203125 0.1117973765625 0.5594711859375 0.15288034374999998 0.583287971875 0.130857303125 0.6393066859375 0.139571271875 0.695860809375 0.171171815625 0.7416340859375 0.17010643125 0.7085998124999999 0.1036085421875 0.6578692734375 0.07616619062499999
0 0.20151205806320807 0.3569416364473733 0.05274456677218975 0.0421253155185485
0 0.9297086365803873 0.7518836588799015 0.03881845909205772 0.04640363855894449