0 0.24615499999999998 0.071155 0.21922999999999998 0.08077 0.2076925 0.0576925 0.1769225 0.06730749999999999 0.2269225 0.1269225 0.26346250000000004 0.1019225 0.24615499999999998 0.071155
0 0.12115499999999998 0 0.15577000000000002 0.065385 0.284615 0.196155 0.40576999999999996 0.271155 0.47692249999999997 0.31923 0.5384625 0.440385 0.775 0.696155 0.8 0.7692300000000001 0.8980775 0.875 0.85577 0.721155 0.8057700000000001 0.6134625 0.6865375 0.4673075 0.56923 0.31923 0.46923000000000004 0.23653749999999998 0.3769225 0.203845 0.2826925 0.13461499999999998 0.196155 0.0576925 0.159615 0 0.12115499999999998 0
0 0.36923 0 0.4826925 0.11730750000000001 0.6307699999999999 0.2730775 0.8480774999999999 0.6057699999999999 0.9288449999999999 0.825 0.965385 0.815385 0.8923075 0.56923 0.8442299999999999 0.4634625 0.7769225 0.3519225 0.6730775 0.2076925 0.59423 0.1134625 0.48461499999999996 0 0.36923 0
0 0.83077 0.21346250000000003 0.8211550000000001 0.19230750000000002 0.7596149999999999 0.13077 0.7480775000000001 0.1423075 0.8115375 0.21346250000000003 0.83077 0.21346250000000003
0 0.7019225 0.678845 0.75 0.7230775 0.7596149999999999 0.7673075 0.8326925 0.825 0.83077 0.7980775 0.784615 0.7519224999999999 0.771155 0.7019225 0.603845 0.5134624999999999 0.525 0.440385 0.475 0.3519225 0.44615499999999997 0.39422999999999997 0.490385 0.475 0.5865375 0.5826925000000001 0.7019225 0.678845
0 0.26796875 0.86875 0.06484375 0.1515625
0 0.16796875 0.87734375 0.090625 0.15546875
0 0.26015625 0.26484375 0.03515625 0.05390625
0 0.59609375 0.03984375 0.02890625 0.03125
0 0.95390625 0.45859375 0.034375 0.09609375
0 0.7765625 0.225 0.0421875 0.05
0 0.93421 0.43947250000000004 0.9118425 0.342105 0.8855275 0.2960525 0.823685 0.26710500000000004 0.823685 0.30921 0.8539475 0.3605275 0.8631575 0.4118425 0.8434200000000001 0.43421000000000004 0.8828950000000001 0.50658 0.8881574999999999 0.557895 0.9671049999999999 0.8039474999999999 0.9973675 0.7776325 0.9894725 0.65658 0.948685 0.5697375 0.93421 0.43947250000000004
0 0.66328125 0.76796875 0.034375 0.04609375
0 0.28515625 0.10703125 0.03984375 0.03359375