0 0.89462185 0.18586018124999998 0.8812924703125 0.1550752265625 0.8249006015625 0.2137545296875 0.854819228125 0.2487499046875 0.8848497859375 0.2272725734375 0.8719396375 0.200472696875 0.89462185 0.18586018124999998
0 0.3832863828125 0.8696587953125 0.52190464375 0.7292697375 0.6627271593749999 0.5906546609375 0.737607546875 0.477499090625 0.7614575718750001 0.3780679421875 0.8230013265625 0.27244121875 0.8933638796875 0.1739023515625 0.9371249046875001 0.1390378890625 0.9327898031249999 0.09782995 0.8809805109375001 0.132930953125 0.7593704531250001 0.28151291875 0.694776725 0.41570930781250004 0.652662575 0.494984246875 0.5336884625 0.5727031328125001 0.29414771875 0.8472801984375 0.22106685937499998 0.8815970625 0.122036671875 0.995414778125 0.2770197828125 0.9338686203125001 0.3832863828125 0.8696587953125
0 0.32986461875 1 0.438607846875 0.95426078125 0.5430870999999999 0.8922649343750001 0.651457934375 0.8096744765624999 0.7897569859375 0.6854549515625 0.87891249375 0.5928953015625 0.9730141937499999 0.48018885781250004 0.9604349359375 0.360614865625 0.8627624640624999 0.47773660937500007 0.7173148390625 0.6491275843750001 0.3958793671875 0.9126227328125 0.22051411875000002 1 0.32986461875 1
0 0.7988680328125 0.8296230234375 0.8009650140625 0.84955619375 0.8218624765625 0.8371573703124999 0.878990465625 0.76629649375 0.8657636999999999 0.7556658625 0.7988680328125 0.8296230234375
0 0.2634929703125 0.824466396875 0.21865791875 0.83951961875 0.166776634375 0.9218960203125001 0.1944959359375 0.9168064921875001 0.237343871875 0.86366061875 0.287745384375 0.843958575 0.46500804531249995 0.648873984375 0.5322206031250001 0.5587501703125 0.6185383453125 0.4967524375 0.57150424375 0.471723346875 0.49253744062499993 0.526855971875 0.39130299687500003 0.6388997125 0.304136925 0.7695491343749999 0.2634929703125 0.824466396875
0 0.07203105099536819 0.34121150496239877 0.14406210199073638 0.09804800992479752
0 0.06490462573516902 0.23917597001621066 0.12980925147033803 0.1252269400324213
0 0.6847557010407967 0.2637074747692124 0.06331222749876275 0.04815070967712849
0 0.9545204879026707 0.5856189778695843 0.036258404567984216 0.03753854135632899
0 0.5607439959317295 0.9876542233237249 0.10558161465389268 0.024691553352550244
0 0.7830638104947649 0.793784580641234 0.06207727611928178 0.05432793507002263
0 0.5010166953125 1 0.5777847078125 0.9827634015625 0.6763531984375 0.9483804953125 0.7212580234375 0.915809215625 0.74454475 0.848383759375 0.70086578125 0.8532272453124999 0.6509295500000001 0.8904954890625 0.5987004875 0.9059439656249999 0.5733448015625 0.888060409375 0.502573553125 0.9372985203124999 0.4499140828125 0.9486556859374999 0.3349233828125 1 0.5010166953125 1
0 0.20793433570953562 0.7395870006191726 0.05377345318850333 0.04458906203449331
0 0.8519432010407968 0.2714943577295391 0.042999727498762755 0.04720463978475227