0 0.9241948640625001 0.1552457515625 0.9096095046875 0.12496856406250001 0.856597371875 0.1836206765625 0.887765815625 0.21786903125 0.9164461906250001 0.1962936609375 0.9024583890625 0.1699508453125 0.9241948640625001 0.1552457515625
0 0.45048690625 0.8370507484375 0.5809746109375 0.696684178125 0.713721640625 0.5580458109374999 0.782492715625 0.445332103125 0.8014799109374999 0.346771621875 0.8574215125 0.24165343906249998 0.9224017984374999 0.14344008125000002 0.9594253796875 0.11234242812499999 0.9531655125 0.07112698437500001 0.9082823125000001 0.1030828671875 0.7949748609375 0.2513524171875 0.7373347031249999 0.384746365625 0.6993759625 0.46359276562499996 0.5854118546875 0.5417849015625 0.3613926234375 0.8159549078125 0.2907715453125 0.8507170265624999 0.198172153125 0.9643629718750001 0.3484555453125 0.9017432453125 0.45048690625 0.8370507484375
0 1 0.3794888359375 0.9929100468750001 0.33280804375 0.906150396875 0.4441276421875 0.7703422093750001 0.6152176828125 0.464905171875 0.879375146875 0.253933175 0.9895636890624999 0.25839890312499997 1 0.3277771265625 1 0.5090347734375 0.9200423734375001 0.6094022078125 0.8575589171875 0.7126666421875 0.7746732390625 0.843583040625 0.65029368125 0.927404959375 0.557774578125 1 0.46474495625 1 0.3794888359375
0 0.85921834375 0.79269690625 0.862207303125 0.8123764343750001 0.8822823953125001 0.7998800671875 0.9354612328125 0.729178184375 0.9219046750000001 0.7188220671875001 0.85921834375 0.79269690625
0 0.3300574765625 0.793756325 0.28645539375 0.8091518000000001 0.23898993906250002 0.8911762734374999 0.26614101093750003 0.8858265859375001 0.3060270484375 0.8327999390624999 0.3549145921875 0.8127451578124999 0.52106414375 0.6178684640625 0.5833196218750001 0.5280094859375 0.6657443109375001 0.46573301718750004 0.618125246875 0.44153301093749997 0.5426470109375 0.49693889062499996 0.44778829531250003 0.6088566296875 0.3676845796875 0.7390040328125 0.3300574765625 0.793756325
0 0.10614967775102695 0.31875 0.1649550617576248 0.084375
0 0.08678826082055267 0.2171875 0.16421091567683305 0.1125
0 0.7208821159934022 0.234375 0.062210494985435 0.04375
0 0.9921266301791671 0.54921875 0.01574673964166564 0.0328125
0 0.6313127461060624 0.96875 0.10453438730530315 0.0484375
0 0.8416040737653117 0.75859375 0.057704851411925516 0.05
0 0.48260552343749996 1 0.5172790640625 0.97779404375 0.647846075 0.94661629375 0.7436446109375 0.911495790625 0.7865095140625 0.8787831718750001 0.8064129718749999 0.8118663187499999 0.7634832296875 0.8171563265625 0.7158636875 0.8545696859374999 0.6649748859375 0.870440896875 0.639101815625 0.8530548484375 0.57144913125 0.9025398421874999 0.5199468406250001 0.9143718015625 0.3370299046875 1 0.48260552343749996 1
0 0.27066343646000857 0.71015625 0.051136602665567035 0.0390625
0 0.8858849903665815 0.23984375 0.040335494985435004 0.04375