0 0.7409012484375 0.0086211671875 0.731576540625 0.035497453125 0.7765014328125 0.05632448125 0.8035162671875 0.0093497578125 0.7409012484375 0.0086211671875
0 0.191954490625 0.9975222203125 0.2780829671875 0.8638734250000001 0.2908462078125 0.7792432 0.49843019218749995 0.45617115625000004 0.5415528609375 0.3122374984375 0.609748496875 0.24670203281249997 0.7272359015625 0.142633009375 0.8189340062499999 0.009529159375 0.7693052359375 0.0089516765625 0.717071959375 0.074809428125 0.6278664875 0.16769963593749998 0.53348028125 0.2201808984375 0.44065076562499994 0.328872221875 0.341934059375 0.512375609375 0.24072995000000003 0.6941179234375 0.20753855781250002 0.8212106515625001 0.191954490625 0.9975222203125
0 0.14835685781250002 0.94824303125 0.19295008593750002 0.6933075125 0.3641822921875 0.28935723593749996 0.49500076406250004 0.09187415 0.5526879328125001 0.0064311062500000005 0.4562556703125 0.005309015625 0.43953323749999995 0.008065876562500001 0.37231185 0.10775836093749999 0.3049038296875 0.22528838750000002 0.22013625625 0.4021470046875 0.16879273125 0.5365774062499999 0.1373191734375 0.661212965625 0.1064983265625 0.944285284375 0.14835685781250002 0.94824303125
0 0.15470205937499998 0.2565669140625 0.2098889203125 0.16711104999999998 0.1949776609375 0.15653963125 0.13997271875 0.235104134375 0.133678853125 0.2600328015625 0.15470205937499998 0.2565669140625
0 0.321844975 0.854487675 0.3235397984375 0.804257828125 0.3672778015625 0.7470939140625 0.47424209843750004 0.62087149375 0.557883171875 0.48546162812500004 0.59013320625 0.388928584375 0.550170253125 0.347737584375 0.5131461625 0.45374508125 0.4415250015625 0.5480814484375001 0.2961987203125 0.78487421875 0.29145090625000003 0.8421236406249999 0.25019757343750004 0.9010490734375001 0.2534619546875 0.9309154 0.321844975 0.854487675
0 0.8792275378528693 0.8711099561186764 0.0994192587805987 0.16989542401336308
0 0.962365207256347 0.8549224294636758 0.07526958548730604 0.16967724801081766
0 0.7683783370394299 0.21361453477081338 0.050381795081344015 0.06620680267345422
0 0.3571994216429729 0.03306068471513414 0.03766362646343317 0.02856135200509067
0 0.04773105639602544 0.5505181680060451 0.05533291549465287 0.11157384667409058
0 0.19526354478675634 0.26241073535963516 0.056622704722264314 0.06471702800763594
0 0.0706973671875 0.415696271875 0.065653434375 0.5264882359375 0.0757936078125 0.6719292109375 0.0485168984375 0.7745002296875 0.0544594265625 0.82594430625 0.0701778890625 0.9124178828125 0.10233859062499999 0.932054303125 0.1395964125 0.6480365390625 0.1351213796875 0.5908225234375 0.16384787812499998 0.5043567765625 0.137814621875 0.48338824375 0.137654634375 0.425462846875 0.1605068140625 0.36374084375 0.1521149296875 0.3175737234375 0.090283859375 0.360458590625 0.0706973671875 0.415696271875
0 0.4267201613894363 0.8377214600572701 0.04563975292686635 0.05677725867281787
0 0.708807373438371 0.04496398476285921 0.050254530054229286 0.044331802673454226