0 0.6319268078125 0.039720759375 0.6217081609374999 0.076388103125 0.667066253125 0.0956150203125 0.6966330000000001 0.036508989062500004 0.66517823125 0.0348605140625 0.6630211140625 0.044427549999999996 0.6319268078125 0.039720759375
0 0.1754896953125 1 0.22917947500000002 0.9053092078124999 0.2363695859375 0.8215850328125001 0.41957719375 0.497420265625 0.45280337031249995 0.3544139765625 0.5155449796875 0.28790943125 0.6241920140625 0.18203810625 0.7124155953125 0.03733611875 0.667101303125 0.034961298437499996 0.6099597953125 0.11552491250000001 0.5283393421875 0.20957509531250001 0.439097221875 0.26397199374999997 0.3549174984375 0.373689684375 0.269671840625 0.5572639171875 0.1818765515625 0.7391748109375 0.157328340625 0.8653086953125 0.15408823437500002 1 0.1754896953125 1
0 0.105988234375 0.9920424750000001 0.10729338906250001 0.9921277859375 0.1349784421875 0.7397455203125001 0.27745596875 0.3369593875 0.39329727187499997 0.138695778125 0.4615980140625 0.0241913265625 0.43860772031249995 0.022986456250000002 0.3431412625 0.0417857328125 0.2740026828125 0.157856465625 0.21530422031250002 0.27555168750000003 0.143317375 0.45218134687499995 0.101432990625 0.5860627203125001 0.0784145 0.7097271390625 0.0720128078125 0.8539939109375 0.105988234375 0.9920424750000001
0 0.07000229999999999 0.3106636359375 0.118484284375 0.2209708546875 0.1031990796875 0.210985515625 0.0542103046875 0.28994538593749997 0.0496075328125 0.3146797765625 0.07000229999999999 0.3106636359375
0 0.2714967390625 0.8948106656249999 0.269998584375 0.8452870609375 0.309286653125 0.7877290046875001 0.40622236718750004 0.6603386796875 0.4797121875 0.5245672015625 0.505259890625 0.4285607546875 0.4634858015625 0.3891337078125 0.4338532671875 0.49460901718750006 0.3695648296875 0.589579821875 0.24197184843750003 0.8269780796875 0.24091820312499998 0.8835032453125 0.20417711718749998 0.9427251640625001 0.2092566234375 0.9720491640625 0.2714967390625 0.8948106656249999
0 0.8203125 0.8961157564431197 0.1078125 0.177525213703953
0 0.9265625 0.8782465829919428 0.134375 0.18047979534115868
0 0.66796875 0.2506317588179689 0.0515625 0.06988977611928178
0 0.25234375 0.07884977555345493 0.0390625 0.042672178878243795
0 0.11015625 0.3151480444366475 0.059375 0.06717421189493056
0 0 0.5613922828125 0.0699267375 0.845517809375 0.079818371875 0.6966834703125 0.07183144218750001 0.64045741875 0.0945577125 0.554467940625 0.0677135578125 0.53456038125 0.0639126859375 0.4775100109375 0.08243590625 0.4160607578125 0.0713035328125 0.3708278234375 0.0133773265625 0.414839790625 0 0.46158948437499997 0 0.5613922828125
0 0.3734375 0.8758210300760106 0.0484375 0.06035100180902227
0 0.6 0.08613216756982471 0.0515625 0.049577276119281824