0 1 0.7790918484375 0.97910628125 0.769698209375 0.9876410546875001 0.7395895828125 0.952344215625 0.7216606796875 0.9275697125000001 0.7629821421874999 0.9972315953124999 0.8159062328125 1 0.804361028125 1 0.7790918484375
0 1 0.7878624234375 0.9147741859374999 0.7016826828125 0.8310854484375 0.600278834375 0.78787495 0.49958911562499997 0.6888810359375 0.392331725 0.5163797140625 0.2684805859375 0.3458518546875 0.1424291984375 0.2231223421875 0.0913594015625 0.0500437484375 0.05056576875 0.17436206875 0.15480975 0.2569513921875 0.17960301875 0.557525725 0.43098623593749996 0.6960057671875 0.49428235625 0.754562525 0.5710137796875 0.8466983515625 0.701932871875 1 0.8383168890625001 1 0.7878624234375
0 1 0.431776109375 0.9140762312499999 0.3567838203125 0.803979953125 0.27333366406250004 0.636764575 0.16420302656250002 0.5084523421875 0.09416605156249999 0.387996021875 0.045145348437499996 0.21648081874999997 0.00110291875 0.1047044328125 0.00500861875 0.10285863749999999 0.014655623437500001 0.3510772921875 0.09540525 0.7350739125 0.3225827453125 0.9184411390625 0.48012165781249994 1 0.5513856625 1 0.431776109375
0 0.7869240625 0.12063164062500001 0.8703626296874999 0.18797677968749998 0.8822071265625 0.1747889984375 0.8095324875 0.10919350000000001 0.78543960625 0.09938997031249999 0.7869240625 0.12063164062500001
0 0.179601215625 0.1993395203125 0.22916413124999999 0.20825307343750002 0.2816985234375 0.2596471125 0.396736984375 0.3833776 0.523028765625 0.48542133125 0.6155960421875 0.531156721875 0.6600683890625 0.49766660468749996 0.558564825 0.4458551296875 0.47181672812500003 0.3615919078125 0.2508820375 0.184072140625 0.1946534609375 0.1711344515625 0.1401454109375 0.1219379 0.11028014531250001 0.12085293281250001 0.179601215625 0.1993395203125
0 0.11652675372958628 0.7463062098219582 0.15236808344622807 0.07759098620028233
0 0.12164137889892841 0.8588198465914335 0.1477558265488231 0.10873189204448082
0 0.7726129794193268 0.7317263234628154 0.06150406603337366 0.04166139448011297
0 0.9885501235296619 0.35171767492551265 0.022899752940676164 0.03185001785690744
0 0.7770582242194024 0.1600325556059079 0.06035100180902227 0.04944662094116259
0 0.24804496718750002 0 0.2272738125 0.0007257874999999999 0.4008278359375 0.0492917109375 0.45787518125000004 0.0531248109375 0.5408035796874999 0.0939324359375 0.5639692453125 0.07127031874999999 0.621321275 0.0794633046875 0.6803009999999999 0.11090799375 0.7267762234374999 0.109284053125 0.6900508640624999 0.04209749375 0.6371873 0.014809625000000002 0.5599890937499999 0 0.24804496718750002 0
0 0.186485213138126 0.30562093425441295 0.05204717887824382 0.039935253246410875
0 0.9452349298942966 0.6982165738698525 0.03979284034363317 0.0444045649348082