0 0.27952581431187107 0.7041688973194867 0.01738748789975162 0.034675008928453724
0 0.32626900410521664 0.7276433534879969 0.015806807181592396 0.03152273538950325
0 0.3818650191323313 0.706736564120734 0.023555674668035032 0.020721603084255236
0 0.3644411697962612 0.7470615551922802 0.017369307181592398 0.03155000892845372
0 0.29864397385459557 0.6412149297868908 0.020467036104353475 0.0269170560063543
0 0.41869739862082656 0.687846242286067 0.04546703610435347 0.027353432629559825
0 0.46445935051442044 0.7456820616851021 0.040788626463433175 0.028834112012708957
0 0.25143263056864973 0.6982092236183807 0.020421584308955333 0.0191045560063543
0 0.620791065625 0.9271209062500001 0.7577360953125 0.9690180421875001 0.7085511921875 0.893265665625 0.61495749375 0.8657445218750001 0.49711655156249995 0.8291395859374999 0.381949296875 0.8073419546875 0.257635603125 0.78089423125 0.10382056718749999 0.760444253125 0.11280991874999999 0.7829762625 0.2792321984375 0.8397341734375001 0.3803408203125 0.8580517390625 0.5040330109375 0.8924637859375 0.620791065625 0.9271209062500001
0 0 0.3599615953125 0.40290029374999997 0.447062365625 0.718969171875 0.541299509375 0.9525285125 0.6116022859375 0.7621245671875 0.38087549374999996 0.348471225 0.1946979515625 0.0091953609375 0.1350416875 0 0.1345055734375 0 0.3599615953125
0 0.0117453046875 0.4418580953125 0.023663725 0.5060003421875 0.156806178125 0.5301539203125001 0.3416208140625 0.5554776625 0.46208566093750003 0.5631878453125 0.6785860796875001 0.5655539109375 0.47611596875 0.502110196875 0.31916586874999997 0.45694078125 0.028682762499999997 0.400543725 0.0117453046875 0.4418580953125