0 0.45171730325461645 0.7972647216688404 0.03872830732694617 0.025184090570540718
0 0.41463670510906725 0.7589085430089587 0.03552142017181659 0.023476041356328813
0 0.41617154963657177 0.6989706168302762 0.0247476944820761 0.02609161910658777
0 0.3833114620064722 0.7262758254739474 0.035603307326946255 0.02503854135632899
0 0.504521398686632 0.7638743329175455 0.0294351944820761 0.02630994292790554
0 0.4218549836031983 0.6587094898658055 0.03691350180902227 0.05003854135632899
0 0.35245320838842764 0.6282000444567007 0.038230340343633 0.04542381596343468
0 0.46560938489182224 0.8244094185256874 0.023021420171816586 0.022893844499482084
0 0.200550384375 0.6247072453125 0.2733243328125 0.7368685421875 0.323560175 0.8309275734374999 0.4313349234375 0.9793029953125 0.45551069375 0.98260353125 0.3860802921875 0.837716984375 0.32061310781249996 0.72302158125 0.262512425 0.6161100859374999 0.1895785421875 0.5101798171875 0.1331149390625 0.425670215625 0.0456537875 0.396101253125 0.12980610937499998 0.5193601796875 0.200550384375 0.6247072453125
0 1 0.7793032531249999 0.909177178125 0.6072740999999999 0.598770265625 0.24939947343750002 0.319145134375 0.119791275 0.46157985 0.3302881359375 0.65348248125 0.615365559375 0.8604779812500001 0.9754705828124999 1 0.9468076468750001 1 0.7793032531249999
0 0.7933428 0.989262609375 0.8193506328125 0.9686441312499999 0.6714683921875 0.6993275718749999 0.57770841875 0.5573731546875 0.45187704218749997 0.375500825 0.5246939125 0.5858315546874999 0.571239015625 0.7013151609375 0.65537163125 0.8752196921875001 0.72155416875 0.9990711828125001 0.7557388671874999 0.996987834375 0.7933428 0.989262609375