0 0.6742373043782062 0.705637156254531 0.034702282467404186 0.01935001785690744
0 0.6922100085181213 0.6607786237871269 0.02996023538950343 0.016143197240056396
0 0.6678724817327601 0.6096252268713821 0.020721603084255236 0.0237920560063543
0 0.7071804435833131 0.6230058883976236 0.03001478246740419 0.019268197240056396
0 0.6138219557581779 0.691843437504119 0.02694432954530477 0.022338650162155815
0 0.6477412138758527 0.5755911461082613 0.028888659090609538 0.044240923701106105
0 0.6984991444768177 0.5285973693229 0.028834112012708957 0.0411159237011061
0 0.6716032280793123 0.7338167033324317 0.017514782467404188 0.01905000892845372
0 0.8568379390624999 0.3676516453125 0.8851095203125 0.2353824 0.8176063734374999 0.2872336203125 0.7993359515625 0.3775520203125 0.7744863234375 0.491409009375 0.76340470625 0.601682153125 0.7486853921875001 0.7209220078125 0.742068675 0.86758044375 0.7626128203125 0.8574819015624999 0.8024893453124999 0.6963236203125 0.8114442984375 0.5995703265625 0.8337390265625 0.48034699999999997 0.8568379390624999 0.3676516453125
0 0.42130962343749995 0.607696659375 0.4842350640625 0.3025956875 0.5313632140625 0.0770933984375 0.329114615625 0.273343190625 0.1873899046875 0.6771412437500001 0.1594128890625 0.9975221171875001 0.3723537015625 0.993805221875 0.42130962343749995 0.607696659375
0 0.44869670156249997 0.9773019546875 0.50830914375 0.9614597578125 0.5201319953125 0.8340501828125 0.5287929625000001 0.65778061875 0.5261283234375 0.5435152640625 0.5104838375 0.3389792140625 0.467268096875 0.5346436437500001 0.4375572375 0.686031028125 0.40826723125 0.964271325 0.44869670156249997 0.9773019546875