0 0.25859375 0.6265625 0.0140625 0.03125
0 0.29921875 0.6484375 0.0125 0.02734375
0 0.35078125 0.63203125 0.0203125 0.0171875
0 0.3328125 0.6671875 0.0140625 0.02734375
0 0.27890625 0.5703125 0.01796875 0.0234375
0 0.384375 0.615625 0.03984375 0.02265625
0 0.42265625 0.66953125 0.03515625 0.02421875
0 0.2328125 0.6203125 0.01640625 0.01484375
0 0.3428575 0.7678575000000001 0.45267749999999995 0.8026775 0.55625 0.8375 0.6776774999999999 0.879465 0.6366075 0.8098224999999999 0.5535725 0.7821425 0.44910750000000005 0.7455350000000001 0.3464275 0.7223225 0.23571499999999998 0.6946424999999999 0.098215 0.6714275 0.10535749999999999 0.6919649999999999 0.2526775 0.748215 0.3428575 0.7678575000000001
0 0.3803575 0.3991075 0.6607149999999999 0.49375 0.8678575000000001 0.564285 0.70625 0.3508925 0.34196499999999996 0.170535 0.039285 0.10625 0.0010525 0.1026775 0 0.30267750000000004 0.3803575 0.3991075
0 0.4287325 0.5053575 0.623375 0.514285 0.44390999999999997 0.4508925 0.30462500000000003 0.40535750000000004 0.0456975 0.34553500000000004 0.0287325 0.3821425 0.036767499999999995 0.4401775 0.1555175 0.4660725 0.32069749999999997 0.4946425 0.4287325 0.5053575