0 0.6820126398473382 0.28749558379444157 0.03501166996194396 0.01662521034569897
0 0.7072328157407811 0.3319275453937818 0.0317593359695552 0.013409282132453626
0 0.6899935776037791 0.3876092440609983 0.019641337946721647 0.02242056927947216
0 0.7282920736494465 0.36999584672656527 0.03188666996194378 0.016534282132453625
0 0.6219028107978652 0.306034983636157 0.025764003954332714 0.019477425705962937
0 0.6734891685162502 0.4230239068348374 0.026782675893442943 0.044477425705962935
0 0.733052510911596 0.4676748287798766 0.02809050790866543 0.038272889812585476
0 0.674616633915839 0.25918872736795084 0.016325336958138335 0.017642141066226812
0 0.878897525 0.5070054140625 0.8382486390624999 0.3859530203125 0.8146034078125 0.28700222656249996 0.7496987765625 0.1241316734375 0.72718213125 0.11533417187499999 0.7559105109375001 0.2658665359375 0.7888167828125 0.38752716875000004 0.8166610328124999 0.5002365656250001 0.8591183890625 0.6155625828125 0.89132405 0.7071588375 0.9681043421875 0.755294053125 0.9193909843749999 0.62127165625 0.878897525 0.5070054140625
0 0.10874740000000001 0.0031642265624999997 0.1110237453125 0.0227284234375 0.1885996328125 0.354763575 0.3939712140625 0.75958886875 0.630140028125 0.9459292765624999 0.5481852390624999 0.7173544781250001 0.4381586859375 0.4080310359375 0.32901986875 0.0095735 0.10874740000000001 0.0031642265624999997
0 0.50529595625 0.1671889796875 0.4741275296875 0.0368880078125 0.41080736250000005 0.025223946874999997 0.3714238078125 0.0417999328125 0.44303891718750005 0.32608364375 0.49608690937500005 0.47968416875 0.5695731640624999 0.677833228125 0.5549368859375 0.465953290625 0.5405489125 0.3480593609375 0.50529595625 0.1671889796875