0 0.310546951293951 0.695486258584207 0.03634660308425506 0.023646578258831142
0 0.2980099951254408 0.6485430808911099 0.03001478246740401 0.018922716822512696
0 0.32841451541798017 0.6002873880727022 0.023901150162155816 0.026698855386194254
0 0.2879395198822071 0.6086447887366322 0.03163182954530477 0.0220568071815924
0 0.3729651306770999 0.6911623729473917 0.030123876623205436 0.025172716822512698
0 0.35444518140844855 0.5699731741770557 0.03363070616851012 0.0470658975406721
0 0.30897299431466185 0.5158078489432866 0.03511138555165925 0.04238748789975162
0 0.3110378749950571 0.723611258584207 0.02066705600635448 0.020430674668035033
0 0.17935550312499998 0.44839934374999996 0.1869945875 0.5702198359375 0.1840761703125 0.6677496109375001 0.20412070624999998 0.8338374796875 0.2233823921875 0.8468737546874999 0.23474798125000002 0.7000518484375 0.23466965312500002 0.5793184953125 0.2371224609375 0.46803285 0.22627665000000002 0.3511772109375 0.21911175 0.258690140625 0.1581097734375 0.19728813125 0.1701142359375 0.3329540421875 0.17935550312499998 0.44839934374999996
0 0.79097760625 1 0.8001711015625 0.73827898125 0.7082294859375 0.3160385 0.5304696734375 0.091396453125 0.549866809375 0.3225335546875 0.5752744843750001 0.6351362328125 0.5767151078125 1 0.79097760625 1
0 0.4489382359375 0.8458580015624999 0.44512557187499996 0.974294534375 0.5026658390625001 0.9987345453125 0.544602709375 0.9916647578125 0.5494655828125 0.710676128125 0.538367253125 0.55578675 0.519218346875 0.354894609375 0.4785497546875 0.556035253125 0.46189185781250003 0.669288778125 0.4489382359375 0.8458580015624999