0 0.6264633956304652 0.7578125 0.035084328130301046 0.0203125
0 0.6556226167745246 0.7203125 0.03028770072563951 0.0171875
0 0.6450645734906137 0.6640625 0.022748019237293703 0.025
0 0.6795313427279075 0.6890625 0.030396828130301045 0.0203125
0 0.5707391852861787 0.728125 0.028943455534962935 0.0234375
0 0.6328175446346732 0.6265625 0.03126984736759475 0.0453125
0 0.6942535524392215 0.59609375 0.032668656260602266 0.040625
0 0.6156449467189242 0.78359375 0.019459328130301046 0.0203125
0 0.88840283125 0.489712240625 0.9496506578125 0.372125228125 0.8714034265624999 0.40181398125 0.8305755625 0.482407625 0.77735994375 0.5834768578125 0.73830275625 0.6851409953125 0.693438965625 0.79427601875 0.6493017359375 0.931846515625 0.671652184375 0.9282154265625 0.751497221875 0.786525196875 0.785027565625 0.697102078125 0.8371694062499999 0.5901856828125001 0.88840283125 0.489712240625
0 0.546973971875 0.31948239375 0.6503638890625 0.11869991718749999 0.40539036875 0.24655028437499998 0.1651383109375 0.5894109546874999 0.0543018953125 0.88984931875 0.046585415625 0.9220863578125 0.25544557343749996 0.9586886625 0.40789483281249994 0.5913816 0.546973971875 0.31948239375
0 0.339018696875 0.9508968718749999 0.40040526718749997 0.9531636171875 0.44458904062500004 0.8354156578125 0.4983187046875 0.670274909375 0.525189825 0.5608162015625 0.56283539375 0.361721753125 0.47089219218749995 0.535261575 0.4033362953125 0.6706143265625 0.3035099796875 0.92674599375 0.339018696875 0.9508968718749999