0 0.6125 0.48035750000000005 0.41785750000000005 0.5321425 0.414285 0.6410725 0.9974999999999999 0.6160725 0.9974999999999999 0.4089275 0.6125 0.48035750000000005
0 0.20892750000000002 0.5946425 0.0017850000000000001 0.676785 0 0.7821425 0.11785749999999999 0.748215 0.410715 0.6125 0.414285 0.5375 0.20892750000000002 0.5946425
0 0.514285 0.40714249999999996 0.46785750000000004 0.4714275 0.9964275 0.3714275 0.9946425 0.27142750000000004 0.7696425 0.32142750000000003 0.514285 0.40714249999999996
0 0.8296875 0.65390625 0.3375 0.05703125
0 0.2859375 0.38203125 0.11796875 0.04609375
0 0.3321425 0.49821499999999996 0.3178575 0.4785725 0.2625 0.4375 0.164285 0.44107250000000003 0.085715 0.4821425 0 0.575 0.0785725 0.5982149999999999 0.275 0.5357149999999999 0.3321425 0.49821499999999996
0 0.9946425 0.2660725 0.9964275 0.21607249999999997 0.839285 0.22857249999999998 0.6928575 0.2821425 0.5946425 0.325 0.4875 0.389285 0.501785 0.4125 0.7232149999999999 0.323215 0.9946425 0.2660725
0 0.81015625 0.1796875 0.1015625 0.03359375
0 0.41484375 0.41640625 0.04140625 0.05
0 0.34140625 0.43828125 0.08203125 0.03359375
0 0.54453125 0.67109375 0.22109375 0.0640625