0 0.49875345156249995 0.56125074375 0.578315034375 0.3548270453125 0.67311450625 0.034953921875 0.5349634046875 0.0124514109375 0.4536809078125 0.010559540624999999 0.3764605609375 0.5453578593749999 0.49875345156249995 0.56125074375
0 0.22365025312500003 0.8545731625 0.1812611859375 0.9579645781250001 0.30079992187500004 0.9774354453124999 0.4056149984375 0.7815665359375 0.49236155625 0.5642362000000001 0.408037715625 0.5545250234375 0.22365025312500003 0.8545731625
0 0.7149471843749999 0.0417677671875 0.5722473531250001 0.5168663171875 0.64933951875 0.4770945765625 0.7736114749999999 0.20952114375000003 0.8240995703125 0.0595468703125 0.7149471843749999 0.0417677671875
0 0.4046304446765233 0.14210441954663228 0.11238588935304658 0.2679888934267362
0 0.6520385687437116 0.7355862350854518 0.07591519566510634 0.13913654160312525
0 0.51782503125 0.938717371875 0.572507859375 0.85906748125 0.587411084375 0.7507961421875 0.5475963421875 0.6819171484375001 0.52720190625 0.6624945109375 0.478893265625 0.7190315578125 0.38714304843749997 0.925481815625 0.40000510624999996 0.993594315625 0.43086328125 0.9986205968749999 0.51782503125 0.938717371875
0 0.6419563421875 0.48998082031249995 0.666348521875 0.5100546265625 0.7501822875 0.40294867187500005 0.80904670625 0.30183787500000003 0.885252121875 0.149210984375 0.8993987265625 0.0718118484375 0.8311998468749999 0.0607033875 0.76645604375 0.260684409375 0.6419563421875 0.48998082031249995
0 0.9365635355889943 0.19038871675243133 0.0579636917107738 0.11998649810013892
0 0.6287708706071473 0.5859674415824658 0.06472834486680376 0.05614220364722229
0 0.5952354704168668 0.6632378031897227 0.05394735376405215 0.09803876291777769
0 0.35716383155811193 0.3946650686729517 0.11669138737588022 0.25872299620027783