0 0 0.6287510484375 0.5633873828125 0.652955496875 0.5656243234375 0.5388926703125 0.36465200625 0.48466753906250004 0 0.41634846249999996 0 0.6287510484375
0 0.5690711562499999 0.5445026171875 0.5686935828124999 0.6230366484375 0.8679029828125 0.765146596875 0.9585124421875 0.791629775 0.9644342531250001 0.6786348921875 0.7809693640625001 0.6043376968749999 0.5690711562499999 0.5445026171875
0 0 0.37660256875 0.5166001765625 0.4753167546875 0.47151277656249996 0.40800261718749997 0.208826528125 0.318248690625 0 0.271295975 0 0.37660256875
0 0.1536484639310955 0.66484375 0.307296927862191 0.0578125
0 0.7120098405707757 0.38203125 0.12597600180902227 0.0484375
0 0.9689195093749999 0.5930510859375 0.9711894328125 0.549738371875 0.91616138125 0.48653664843750005 0.8361429375 0.44353141406249996 0.73349605625 0.4397905765625 0.673276140625 0.4827984296875 0.6572400984375 0.5033664921875001 0.7150172796875001 0.5426335078125 0.9172706984375001 0.6080785343749999 0.9689195093749999 0.5930510859375
0 0 0.2653385203125 0.25734361875 0.32012041875 0.484307778125 0.413612565625 0.5005398671875 0.389303665625 0.391876553125 0.321989528125 0.291385521875 0.27711256562500003 0.140998071875 0.22101832500000002 0 0.20975559062500002 0 0.2653385203125
0 0.1747089936684219 0.16953125 0.10805151741285454 0.034375
0 0.5750111295803563 0.4171875 0.04653416327441153 0.053125
0 0.65112657225341 0.440625 0.08773901741285464 0.034375
0 0.42507092605316865 0.684375 0.23477114767057933 0.0671875