0 0.3738814765625 0.48284573281250004 0.36204758593749997 0.605224846875 0.9869223046875 0.589351134375 0.9940296234374999 0.4781722046875 0.9953822140625 0.3619307828125 0.5958693171875 0.4284528984375 0.3738814765625 0.48284573281250004
0 0 0.7256888046875 0.0219429234375 0.719848390625 0.36009752968750003 0.5730361890625 0.3694903828125 0.48879805000000004 0.1351020515625 0.54900305625 0 0.599072328125 0 0.7256888046875
0 0.43431307031250005 0.41557651562500003 0.9958694203125 0.3200604125 0.9971542515625 0.2096422359375 0.783505253125 0.2528815859375 0.490995109375 0.34422413125 0.43431307031250005 0.41557651562500003
0 0.8103507712444585 0.626123401829797 0.3525079293443632 0.09352683302444262
0 0.23690691728995655 0.3111284398410482 0.13506589067472693 0.06406747840045365
0 0 0.5471135625 0.2134284375 0.48405855000000003 0.28020118125 0.44302567187499997 0.26559391718750003 0.420665065625 0.2064690984375 0.3734089015625 0.0960768828125 0.37549766562500003 0.0050194109375 0.42012317499999996 0 0.425138140625 0 0.5471135625
0 0.9979432156250001 0.14183889375 0.868272990625 0.1498689140625 0.7002238000000001 0.20721432812499999 0.5870085328125 0.2534637234375 0.46224243125 0.3236247921875 0.47659297343749996 0.3500012796875 0.7313143296875 0.253979959375 0.9972292218750001 0.20319931093750002 0.9979432156250001 0.14183889375
0 0.8391886746499099 0.09408222814599956 0.11613407733927232 0.04778771397248334
0 0.3793393179503659 0.35222961107777484 0.05069089067472685 0.06112103847458741
0 0.29394671061427513 0.3755158328548065 0.09424089600572697 0.04546132213985139
0 0.5056087272438223 0.6414508237843138 0.2525442920114541 0.0931597560752678