0 0.5808406140625 0.6275598703124999 0.4897876484375 0.42935569687499997 0.372364909375 0.446788321875 0.48741513281250004 0.9813249687500001 0.564060434375 0.9782019109375 0.701007128125 0.9532732171875 0.5808406140625 0.6275598703124999
0 0.38463963125 0.21795170000000003 0.2622346375 0.017967678125 0.149178859375 0.038547457812500005 0.20338461093750002 0.1504545203125 0.4023420984375 0.437392184375 0.4833922140625 0.42657778906250005 0.38463963125 0.21795170000000003
0 0.8463314890625 0.92681951875 0.7799032265625 0.76472335625 0.641391865625 0.5081620203125 0.5640024375 0.47101884375 0.7411493328125001 0.945966046875 0.8463314890625 0.92681951875
0 0.4281984548024086 0.8452926649818469 0.10804714687221448 0.2806371877564409
0 0.6262204853520166 0.25841345300511814 0.07109741316955062 0.1371126808363588
0 0.366419696875 0 0.3570078875 0.0791410234375 0.45987301406250003 0.27716466875 0.510506046875 0.3310018609375 0.5289539859375 0.3118809265625 0.562874771875 0.2446218859375 0.5411116140625001 0.14020790156250001 0.48273908125 0.0641353203125 0.382378940625 0 0.366419696875 0
0 0.8079953109375 0.6748811031249999 0.7441195484375001 0.5781329625 0.65564389375 0.47601172031249994 0.63336631875 0.4958297734375 0.7695096609375 0.7153847812499999 0.8529137718750001 0.92562133125 0.9157877234375 0.9141762546875001 0.892157959375 0.821136575 0.8079953109375 0.6748811031249999
0 0.9394027277636621 0.7798786402300866 0.0564893438900782 0.1177896778706092
0 0.6132384152146146 0.40364503996325646 0.06243781551854859 0.05404551285158128
0 0.5758544239901033 0.32851504737763026 0.052727846397360875 0.09578734387822055
0 0.36373382336960025 0.5921477603429424 0.1087912929530063 0.25257585475263544