0 0.591028459375 0.6738655609374999 0.5840803734375 0.5614837953125 0.38193647343750003 0.505742471875 0.0050241421875 0.43177369062500004 0.0058687999999999995 0.5043634265625 0.0098768359375 0.6422086578124999 0.591028459375 0.6738655609374999
0 1 0.708697675 0.801269721875 0.62844689375 0.58792270625 0.567051828125 0.5938507796875 0.6444417421875 0.8997280218749999 0.7879182 1 0.817721865625 1 0.708697675
0 0.2152257515625 0.339953121875 0.00338254375 0.29069510468750004 0.004574209375 0.3931065375 0.5307316828124999 0.4982687515625 0.48095762343750004 0.43141485625 0.2152257515625 0.339953121875
0 0.17504183609163215 0.6798646594086268 0.3304329346753632 0.0736554264973858
0 0.7162277207192703 0.4082089005666313 0.12400112133990895 0.05202916442319179
0 1 0.593707790625 0.9248743203125 0.5139048546875 0.8426715703125 0.47060674062499996 0.7413478484375 0.4657438421875 0.685530153125 0.5074373796875 0.671397590625 0.5275231546875 0.731410934375 0.5668824140625001 0.9357156874999999 0.6336954765625 1 0.6152787703125 1 0.593707790625
0 0.003315628125 0.28494441875 0.2631257421875 0.3423536984375 0.4940002921875 0.43709001562500005 0.5080257328125 0.4133199421875 0.39568113125000004 0.34573745312500004 0.2931794015625 0.30036015781250003 0.14067049843749999 0.2433565609375 0.0026855421875 0.23079498593749997 0.003315628125 0.28494441875
0 0.1693783506922261 0.1931459094086269 0.10510567067154523 0.03898359514371963
0 0.583070322724361 0.44182171945039206 0.044349984006999674 0.05283549498543501
0 0.6606686113939972 0.4659471927282148 0.08479317067154532 0.038392561757624934
0 0.4572548994270866 0.7036959306540208 0.23050566000954512 0.07699572367353405