0 0.39606044549812885 0.7167381596343472 0.09619332654882315 0.11047092721213972
0 0.28046974502315897 0.7417488141014079 0.06413109905006031 0.06377570967712849
0 0.20968361148607384 0.8335317456567738 0.06198874491161739 0.08238016046291677
0 0.11261718170331891 0.7658840192304224 0.09233798620519007 0.06664815260503384
0 0.5321274202833581 0.6957985750596627 0.057226001809022264 0.050984611248705035
0 0.3170966417892272 0.7863186054577367 0.025566566033373574 0.04171661910658777
0 0.2759703527796466 0.8194735537623256 0.03124335594746528 0.03107021753501158
0 0.16942045963162303 0.8682855812649157 0.06248671189493056 0.06214043507002245
0 0.286982016619885 0.672690599047596 0.08838747060135788 0.08049232878371626
0 0.5536704703742152 0.5269051798982268 0.02540279172311415 0.038591619106587774
0 0.647199142355054 0.6014022198068136 0.09784435775648763 0.08249147642635143
0 0.4548998569635181 0.7241547074008169 0.0376571302577247 0.034486315963434676
0 0.45213230382044334 0.5969928939185815 0.06676477611928178 0.05454625889134022
0 0.7288375667107421 0.5233735731976358 0.06988977611928178 0.054691808105551944