0 0.3640625 0.68359375 0.0828125 0.09765625
0 0.2515625 0.70859375 0.0578125 0.0578125
0 0.1765625 0.79765625 0.05234375 0.075
0 0.0890625 0.73359375 0.0828125 0.0578125
0 0.49609375 0.6625 0.0515625 0.0453125
0 0.2828125 0.75078125 0.021875 0.03828125
0 0.23984375 0.78359375 0.0265625 0.0265625
0 0.134375 0.83046875 0.0546875 0.0546875
0 0.26328125 0.64296875 0.0765625 0.0703125
0 0.53046875 0.50078125 0.021875 0.03515625
0 0.61484375 0.57109375 0.08671875 0.071875
0 0.4203125 0.68984375 0.03359375 0.0296875
0 0.428125 0.56796875 0.06015625 0.046875
0 0.69921875 0.4953125 0.06171875 0.046875