0 0.3817369914722077 0.6476507694490194 0.11510833148532651 0.10416960085908258
0 0.38300263083592456 0.7635623744919735 0.0711007262518895 0.07070864767057934
0 0.31397118075121994 0.8565145143606369 0.08654371572854576 0.0684025192218769
0 0.3964644333114687 0.9274201566041491 0.07724431043863919 0.09595430913596843
0 0.3716122915992646 0.5141798501817141 0.05658319994353027 0.06215916327441171
0 0.3347625519108468 0.7425814891458662 0.04226309471009326 0.030254066033373484
0 0.3125382123918382 0.7915479336279422 0.03307010523343701 0.032887743102595124
0 0.2917013386013754 0.9046997088427128 0.06779371572854576 0.06741987336031982
0 0.4441375519108467 0.7368493882867835 0.08790879465362345 0.0918400192218769
0 0.5211425837632266 0.44443615897899846 0.03913809471009326 0.03009029172311415
0 0.4334080943571574 0.3777233717784401 0.09167083148532651 0.10294129353213632
0 0.36219105994452894 0.5946043345778819 0.03821263154179624 0.04094590456798421
0 0.47925746260359964 0.5594746607880208 0.06016322625188941 0.07013543758467104
0 0.48796752076433875 0.2784769663059447 0.06034523677523325 0.07326043758467105