0 0.6756924307991777 0.3441631077106256 0.11982702174882984 0.10581620174736121
0 0.6908783734985346 0.22096199705329916 0.07317751482874754 0.07194904160312507
0 0.777479059772101 0.1299207293858687 0.0918001808363588 0.06926045269729171
0 0.6984719920913346 0.053792680848889475 0.07805601581733086 0.07674564437666673
0 0.6667100671492937 0.4878403725282645 0.05879667984777566 0.06380923328249999
0 0.73823353456323 0.24865189237989646 0.04489600593149916 0.029143292553055568
0 0.7691452949433535 0.20010594281673674 0.032523339923887916 0.031977351823611146
0 0.8092039036503216 0.0806117136182993 0.06992518083635879 0.06875130642076395
0 0.6212052020537161 0.24201807304135467 0.0896938527754692 0.09418771751493064
0 0.49700772079961536 0.5456677902719449 0.04177100593149916 0.029070557370694416
0 0.5812925374917985 0.6266106253780561 0.09482702174882984 0.10523432028847228
0 0.6881486684418882 0.4031023498268409 0.037592841901054184 0.04146145459715278
0 0.5589094960084863 0.4274639573500352 0.0623036818249421 0.07325696846486114
0 0.5091854327391632 0.7265911351617018 0.0623036818249421 0.07325696846486114