0 0.3304924445805353 0.3677086330045366 0.11708480024766903 0.09909200585373253
0 0.3083370006191725 0.24436658177487264 0.07031680810555185 0.06757838544042354
0 0.2167252353176916 0.15659439188333124 0.08884848428423427 0.06299996974937896
0 0.28839472001621064 0.06787225946796976 0.07467897642635143 0.09415906615858279
0 0.3473075711307212 0.5106182956705192 0.05596320967712849 0.061246572208706954
0 0.26206346815418385 0.27433133772680096 0.04342466832079959 0.026807939695149673
0 0.22852106803034933 0.22529439490839334 0.032705492142117175 0.0314318071815924
0 0.18243797249741003 0.1083432442444634 0.06704625889134012 0.06443520472226431
0 0.3787779332079958 0.2634933107958296 0.08539815260503385 0.08953519867214013
0 0.5200944077723204 0.5627524465308408 0.040299668320799495 0.026789758976990364
0 0.4411753492524838 0.6468279855620606 0.09059507485477489 0.10049996974937905
0 0.3207214923470049 0.4263751058771736 0.036194365177646404 0.03926248789975162
0 0.451391449542934 0.44671435607356536 0.05952485731976367 0.07063975292686635
0 0.5190884875894939 0.7424944886853184 0.05952485731976367 0.07063975292686635