0 0.5786530157429686 0.736850280206703 0.10621019072219048 0.11760914065150559
0 0.6925271733476229 0.7838567441791863 0.07155134783255335 0.07115080290255768
0 0.7538864846025988 0.8908359196770821 0.07075285178688588 0.08984623920022657
0 0.8576773294694024 0.8396950603285879 0.09824118182494175 0.07520338584218215
0 0.44443452464021727 0.6899157381039185 0.06316584486680377 0.05681548439090349
0 0.6510917484427632 0.8215278697697495 0.029907675893442943 0.04473214664195559
0 0.690061406541709 0.8635715260303517 0.032523339923887916 0.03234127404661713
0 0.7912936427015446 0.9328250122353536 0.06992518083635879 0.06953373920022692
0 0.6915177716744678 0.7126265849233591 0.0941266847906915 0.08910219473518968
0 0.43906522821398913 0.5144792284852716 0.029780341901054184 0.04160714664195542
0 0.33736346536240785 0.5719519333872622 0.10519151878308035 0.09260914065150558
0 0.5193735162372602 0.7324331095181303 0.04052684091247105 0.037301592558271326
0 0.5332516269213947 0.6030457098809501 0.07266817885919252 0.060267866604888455
0 0.26377606813787696 0.47706353012188496 0.0742943458553869 0.06188493030721922