0 0.628125 0.7175366420565548 0.0890625 0.10883565260503403
0 0.74375 0.7526094629823881 0.0609375 0.06377570967712849
0 0.81875 0.8514151441234693 0.0578125 0.08238016046291677
0 0.91171875 0.7932452332462677 0.0875 0.06657537799792798
0 0.49140625 0.6846063639347921 0.0546875 0.050984611248705035
0 0.71015625 0.7940135589296122 0.0234375 0.04171661910658777
0 0.753125 0.8319523606250232 0.0296875 0.031070217535011223
0 0.86171875 0.8893539458188803 0.0578125 0.06050516046291676
0 0.73359375 0.6841676780362 0.0828125 0.0788570541766104
0 0.46015625 0.512838371792675 0.0234375 0.038591619106587774
0 0.3703125 0.5781850818840881 0.09375 0.08249147642635143
0 0.56875 0.7186774569865321 0.0359375 0.034486315963434676
0 0.56484375 0.5919330204687675 0.0640625 0.052983758891340216
0 0.28515625 0.49218761579681897 0.065625 0.05305653349844608