0 0.89375 0.4515625 0.9859375 0.4984375 0.996875 0.48125 0.934375 0.43125 0.834375 0.3171875 0.7484375 0.2484375 0.7015625 0.2609375 0.7828125 0.3578125 0.89375 0.4515625
0 0.85078125 0.5203125 0.0234375 0.034375
0 0.7828125 0.43125 0.05625 0.03125
0 0.690625 0.3875 0.040625 0.0375
0 0.85 0.5703125 0.025 0.021875
0 0.98203125 0.56171875 0.0359375 0.0296875
0 0.55 0.6796875 0.01875 0.040625
0 0.35078125 0.840625 0.0265625 0.046875
0 0.5375 0.86953125 0.015625 0.0328125
0 0.490625 0.778125 0.025 0.021875
0 0.5015625 0.8859375 0.015625 0.028125
0 0.89609375 0.52109375 0.0234375 0.0296875