0 0.544995284375 0 0.571446390625 0.05655210625 0.6701660703125001 0.18087825 0.7734569687499999 0.27265573593750003 0.7889849359375 0.2214566609375 0.7167663078125 0.1252467609375 0.5953158703125 0.0124220625 0.5859914203125001 0 0.544995284375 0
0 0.4942193786518003 0.10208505641385543 0.03952615016215581 0.027699102665567032
0 0.5893603291382676 0.17904471001649458 0.03861821509696384 0.06515363855894436
0 0.6341291327089901 0.2809194470843709 0.042978432629559825 0.04654003087881246
0 0.43949096834337487 0.10133255014564928 0.027080697240056396 0.030460389812585566
0 0.30762295413662005 0.4279896415284452 0.045694329545304765 0.023193459092057722
0 0.12377760835596559 0.642820334323167 0.05369774431795715 0.03435827962517113
0 0.0983025012145207 0.4372068318158845 0.03782728246740408 0.019841138558944316
0 0.1977354853862081 0.4913738430986555 0.027080697240056482 0.030460389812585476
0 0.07943945291880403 0.476056383148668 0.03313978246740408 0.019704746239076344
0 0.49490912540538945 0.05203959230723276 0.034838650162155815 0.027562710345698994