0 0.3988100015625 0.81354905 0.2885966125 0.7446983671875 0.28100153125 0.79521538125 0.3624839078125 0.8733600609375 0.49275201874999996 0.9589151906250001 0.5194189765624999 0.9844898140625 0.553526134375 0.9793169546874999 0.5092003421875 0.913637465625 0.3988100015625 0.81354905
0 0.5757559532145509 0.8579509600164947 0.03940794533736351 0.03082410266556721
0 0.4748843438892778 0.8015311269469688 0.03978975334181776 0.06363660266556721
0 0.4196797705681409 0.7133240847853853 0.04429544000636341 0.048147994985435004
0 0.6281815192155055 0.8493966624446347 0.025345445337363513 0.03041492570596276
0 0.7069723272597306 0.5214331353267461 0.044022720003181706 0.024710494985435004
0 0.8510239612905929 0.28997488367739344 0.05352498933799978 0.03592077962517113
0 0.9035024292648213 0.4782273899455996 0.03617385733609098 0.021358174452321597
0 0.8023580999363664 0.44524505687607385 0.025345445337363513 0.030414925705962936
0 0.9164569626034573 0.4388011770926181 0.031468176002545076 0.019659282132453625
0 0.5822326725414149 0.9054026215366925 0.03470226400381797 0.029125210345699058