0 0.01808544375 0.593457809375 0.10057479843749999 0.5291733609375 0.1918789296875 0.41412076718749996 0.2527333390625 0.30137773125 0.2030414765625 0.297387246875 0.1314869828125 0.38260271874999996 0.05548715625 0.5161463562499999 0.0050087125 0.5762619984375 0.00595688125 0.5807503703125 0.01808544375 0.593457809375
0 0.1578125 0.5905293747688908 0.03125 0.03997178213245363
0 0.2078125 0.48807797618081655 0.0625 0.04400606426490725
0 0.290625 0.42642507383181866 0.046875 0.04667642319868044
0 0.16953125 0.6408703555685609 0.0296875 0.02742631802583091
0 0.0390625 0.653480352665567 0.040625 0.03868206677218975
0 0.49375 0.6963979076927672 0.0265625 0.044522889812585655
0 0.728125 0.8219675236861693 0.0375 0.05421613855894449
0 0.54765625 0.8854664193712498 0.021875 0.038136497492717324
0 0.57421875 0.7846768091838353 0.0296875 0.02742631802583091
0 0.58671875 0.8951967720368167 0.021875 0.031886497492717325
0 0.11328125 0.6001711477301443 0.03125 0.036846782132453626