0 0.535419728125 1 0.5678693671875 0.96093333125 0.6913182390625 0.858859759375 0.76556335625 0.769474809375 0.7516686906250001 0.7178746046875 0.646798403125 0.8005704640625 0.5455155046875 0.91567383125 0.5018793671874999 1 0.535419728125 1
0 0.4700775974126238 0.8646269305976697 0.04014483893530461 0.02724433847375849
0 0.5664631660819733 0.7968275503210163 0.038484179847775656 0.06312729139585774
0 0.6139828118236295 0.6985088271063775 0.0440338428896375 0.04604888555165907
0 0.4160758469183321 0.861342243503883 0.026209672927693363 0.03012387662320535
0 0.42770570809675823 0.9915199827503528 0.03364017095052709 0.01696003449929435
0 0.29561086072131554 0.5297865060857847 0.04464133794672147 0.022638659090609536
0 0.11935081376361474 0.3042119874180983 0.05277217292769345 0.030587526785361162
0 0.08850135627269126 0.5050926489443398 0.03670150395433269 0.01937729139585791
0 0.18812201288876232 0.45920917897611185 0.02620967292769345 0.03012387662320535
0 0.07047159786973427 0.46496252678536115 0.032014003954332695 0.01929547077900686
0 0.4697393577927471 0.9138047702892443 0.03389483893530461 0.02713524431795733