0 0.53900306875 0 0.4925893828125 0.0423383390625 0.360515065625 0.12610445625 0.27663977812499996 0.2026150828125 0.28149363437499997 0.2520757546875 0.3930539625 0.184664784375 0.5063897328125 0.0866692796875 0.5685269890625 0.0013175578125 0.5598989921874999 0 0.53900306875 0
0 0.5686949369646752 0.14043656411547936 0.0376727168225127 0.02990566861791084
0 0.4675955243968886 0.19571039227611467 0.040988614363184794 0.06273634933607006
0 0.40772055464750956 0.2819933259211401 0.04401362041330899 0.04556703005422928
0 0.6186403948101974 0.14952067262493157 0.025163626463433175 0.028270445745273865
0 0.6295375090751862 0.02211783529091406 0.03453862646343318 0.028324987899751592
0 0.680053576019336 0.47024626308220707 0.04389544574527378 0.025254530054229285
0 0.8091951335937118 0.6976122180990589 0.05177157825883114 0.036237481849627426
0 0.8696473411446466 0.5121105344540335 0.036055674668035206 0.020521578258831143
0 0.7694564436039746 0.545504817435129 0.025163626463433175 0.028270445745273952
0 0.8811342869881162 0.5518861067609364 0.029805674668035208 0.020485216822512697
0 0.577552307377984 0.09507406714054144 0.034547716822512696 0.029887487899751597