0 0.7239625640625 0.24619729375000002 0.8061953640624999 0.35042756875 0.8312085281250001 0.302351246875 0.7799497609375 0.19805119531249998 0.68421568125 0.07067890624999999 0.6555107703124999 0.012270878124999999 0.6269695953125 0.0075216328125 0.6524949015625 0.1106739484375 0.7239625640625 0.24619729375000002
0 0.5685617422486665 0.14406324725495817 0.04244510523343692 0.031722714672181594
0 0.6460959370716993 0.23372463657704962 0.04757222099021767 0.0661340773392725
0 0.6695950792780135 0.33962919123968616 0.04978716837349921 0.05054544000636332
0 0.5159372711878618 0.13608766259550328 0.02994510523343692 0.031577264003817974
0 0.5570389552757893 0.010140424630024413 0.03748458944842135 0.020280849260048826
0 0.32493575568519484 0.43966829061904755 0.04851309471009326 0.028670440006363408
0 0.10413189006958852 0.6249261799809099 0.056780621018452535 0.03657384667409058
0 0.12078658197943667 0.4194028859802737 0.040427578925077735 0.023892033338636053
0 0.20515460572754715 0.485563140634956 0.02994510523343701 0.031577264003817974
0 0.09373896359182007 0.45485003731700074 0.03564907366340588 0.022274989337999783
0 0.5791954053604939 0.09553484058723091 0.03610409997176518 0.030087489337999783