0 0.9911899189755383 0.9114994962663545 0.017620162048923405 0.1411915660333733
0 0.9259001689090314 0.9104891949323018 0.14093855172849495 0.17899918249628827
0 0.8310937857603633 0.9728171997955716 0.0766821719450391 0.05436560040885681
0 0.7410227152272499 0.9639849298942966 0.046903743731793845 0.05706222749876275
0 0.993564761216264 0.818694520576614 0.012870477567471995 0.05805151741285428
0 0.9639807297106311 0.7520901967413243 0.0720385405787379 0.07769563206674697
0 0.9133881455520664 0.8021853720015233 0.04153428213245362 0.0333790660333733
0 0.8730359301918025 0.80943130596815 0.02756271034569906 0.035767081637205676
0 0.7499106672596787 0.7600753578680293 0.038954851411925874 0.05196529172311415
0 0.9527197670222518 0.6794372687675916 0.03743781551854859 0.05344590456798422
0 0.8967365399835053 0.6320399683380502 0.0902733105039836 0.099898180687266
0 0.9005254665473981 0.494168154113699 0.12021687476889084 0.1638721494796016
0 0.803773801661988 0.6809920454527003 0.053335600158284535 0.06363977611928177
0 0.6488195287007343 0.717334579939725 0.0746937746106063 0.10064180913596861
0 0.7236590896669363 0.5012802120064722 0.0796253155185486 0.055656857756487634
0 0.7149085638026889 0.41501516338595323 0.08798338479802066 0.07481629353213641
0 0.8094816147397609 0.28736155415912756 0.053381064264907255 0.06520227611928178
0 0.6929556927947218 0.2235303482570908 0.09486988229073816 0.09701884215265535
0 0.4956655041566352 0.14532570386587182 0.0617391335443795 0.08436171189493055
0 0.6068089072970558 0.3726871432595652 0.07326766693047429 0.10524742198083885
0 0.5540476201500373 0.38240297998515366 0.06430184389007838 0.11881859905006031
0 0.5980824281467383 0.5017195460185272 0.03206835391920819 0.029762743102595125
0 0.5959322771178888 0.10611711894930571 0.03881845909205772 0.04727779172311406
0 0.6728600854437942 0.8465241129564121 0.0307331744523216 0.03749335594746554
0 0.4122332270387464 0.06606757179912473 0.10562552586424748 0.09134205223856362
0 0.8830270441401407 0.750670459631623 0.05200042069139812 0.07137038896415202
0 0.4111557073096911 0.8601108208946137 0.1776489415410804 0.20744508706427284
0 0.46522474485242105 0.9901690558566083 0.07461956677218975 0.01966188828678348
0 0.4809417069139797 0.7116567107632769 0.13572220282385156 0.10696040818602892
0 0.40877353872986416 0.6173877323600029 0.06280152837152997 0.06725609905006032
0 0.424690392253361 0.49419257179912474 0.07831887978345584 0.11799308344622812
0 0.3215343000126353 0.5145283259829962 0.08852895407749291 0.09356629353213641
0 0.22671485965868898 0.7677584673219975 0.05150031551854841 0.0541828889641522
0 0.38925431208682915 0.7240128686106214 0.06839831050398351 0.0987517605154494
0 0.572616044535852 0.886513947872978 0.06243781551854859 0.05475609905006031
0 0.5422215023742685 0.9410852611928181 0.05448892319868044 0.04965916327441171
0 0.3336050203209571 0.9293720759829963 0.06146634890464338 0.07498671189493038
0 0.38791208709314684 0.9711800384437538 0.05949467194503919 0.0576399231124924
0 0.34509410127891177 0.9936348925821967 0.046130853919208195 0.012730214835606546
0 0.47793741270733214 0.47436142865110115 0.03523881802583091 0.031489017412854634
0 0.2301233529947714 0.6704297659425166 0.07360263605166181 0.06314180913596842
0 0.2926985946815012 0.4350112443457904 0.05779577962517113 0.056072937584671044
0 0.2996950892712249 0.32694976085413385 0.08098923871722885 0.10253185775648763
0 0.34820811177026006 0.6001725768875075 0.040471887305303156 0.050484678878243726
0 0.6194332762599588 0.27038101481086274 0.027108069279472246 0.020142081637205766
0 0.4556830133278352 0.21889600067736853 0.059676528371529966 0.0670923247398008
0 0.21353158339873013 0.5291496687014785 0.06252874373179385 0.057881099050060315
0 0.29303619312392615 0.8219380342598821 0.0902733105039836 0.09989818068726634
0 0.2637419027447093 0.08324734848423344 0.09000052586424748 0.0905231806872661
0 0.3411742324490228 0.17077168193046152 0.09464256175762475 0.08920634215265535
0 0.3826212495377816 0.3351960300760107 0.11117684389007838 0.12127521370395282