0 0.970719338294229 0.9076931088672662 0.05856132341154208 0.18461378226546757
0 0.885901460086904 0.8793063137361818 0.1252654813887503 0.1768473079967013
0 0.793410053138644 0.9510135483632827 0.07660534946188058 0.09797290327343475
0 0.7422863548340549 0.9903344611371218 0.03880994292790554 0.01933107772575653
0 0.7062888887467859 0.9091887273679508 0.04139128742738727 0.05113660266556721
0 0.9746876505358646 0.7926905153063922 0.05062469892827082 0.049330061757624576
0 0.9357644112869771 0.7270595036279097 0.07642125889134022 0.06619931301126591
0 0.880770850285941 0.7691500637361818 0.03710189371369381 0.026045674452321775
0 0.8411818114108115 0.7734594790173034 0.023330492142117264 0.03188649749271768
0 0.728696773983424 0.7202542595004044 0.03485018899896417 0.044704746239076346
0 0.9255310785743195 0.6581049151481076 0.033433238213175544 0.04778428213245363
0 0.8765092276646966 0.6106472419494272 0.08049232878371626 0.08660274122451135
0 0.8884376852749103 0.481482579175588 0.10513276385373871 0.14661423871722884
0 0.7847241420565547 0.6501068955520664 0.04629711124870504 0.055960494985435004
0 0.6360704722880131 0.674648591316289 0.06657537799792798 0.08931856426490725
0 0.7221405971855692 0.4789844018202725 0.07383991439185814 0.044278848904643196
0 0.7191375676160645 0.39775713387358386 0.07940070967712849 0.06316524122451135
0 0.8168408593866783 0.2843515149106808 0.046369885855811074 0.057522994985435096
0 0.7115497377988909 0.21809236592689513 0.08354455417661058 0.08513116943775678
0 0.5297132328364922 0.1332219577719095 0.05349318114108108 0.07645485141192579
0 0.6194436286171006 0.35116562720966626 0.06359592721213972 0.09235263605166182
0 0.5698075016526298 0.3575232757977404 0.05338617328319835 0.10765938730530315
0 0.6039171360606985 0.4700831117702601 0.03077911910658777 0.02430131802583091
0 0.6274037160872693 0.10329642854244976 0.0330693651776464 0.03997178213245363
0 0.6503406416422699 0.7967736439027137 0.02809076674922295 0.03358538981258548
0 0.45725172787409357 0.051534037080511554 0.09575345574818712 0.07924488229073819
0 0.8550773374656593 0.7200306021368416 0.04509848428423453 0.06372753087881229
0 0.5517705167447138 0.9843679544732042 0.048985463606069854 0.031264091053591514
0 0.40364757816003455 0.7934965650563301 0.15658825599585596 0.17931909012915453
0 0.44477349999549076 0.9553306665015093 0.07289815260503385 0.08933866699698143
0 0.47927466273471914 0.6583834306540208 0.12431510339082212 0.08943823620994636
0 0.41731401012968516 0.5676387587089816 0.0557448858558109 0.05779577962517113
0 0.4408713265074047 0.45363609468150123 0.06730312406898661 0.10494356426490725
0 0.34234393527491036 0.46559287391096105 0.08020123035529281 0.08035274122451135
0 0.236072626340789 0.69655806591426 0.04586046360606986 0.046585494985435
0 0.3914300603773543 0.6651897086298393 0.06025260339082221 0.08757420783841656
0 0.5542854329985988 0.8283071372387962 0.05672518899896399 0.04534124373179367
0 0.5214579704259862 0.8772841948397858 0.048767139784752445 0.04198892319868044
0 0.3252721751407159 0.8528511815119508 0.054473484284234354 0.06400031551854823
0 0.37411208953257413 0.896402604710631 0.05240156203449331 0.05301735141192587
0 0.33154575392443225 0.9372943776718847 0.0401198858558109 0.057341138558944495
0 0.49163330582924036 0.4379489102000497 0.03241439371369381 0.025909282132453627
0 0.24587781182509633 0.605560992873864 0.06802656203449331 0.05347199247815269
0 0.3201007541338292 0.3900473046314888 0.05211046360606986 0.046767351411925874
0 0.3341567919755014 0.28981162391096094 0.07289815260503385 0.09106292069139794
0 0.36100835214796784 0.5480560329238765 0.03633991439185813 0.04318771034569906
0 0.6384782648871962 0.2573163388090065 0.025800520678164497 0.017914925705962936
0 0.488347678245597 0.19989498073316309 0.0526198858558109 0.05770485141192579
0 0.23891072022109844 0.4727257608205527 0.05687073821317572 0.04846624373179385
0 0.29554182567883525 0.7505612558059878 0.07892982878371627 0.08655727711788863
0 0.31557365012383454 0.05833430337784756 0.08027400496239867 0.08191524122451137
0 0.3829302781217625 0.14767559969606614 0.08616013192686953 0.07428459765100212
0 0.41122871422524243 0.3029768651354724 0.09848034946188075 0.10429034639736087