0 0.9387294890429514 0.15788981738811064 0.12079551542127547 0.12341092378986115
0 0.9126015913164276 0.26599556648359945 0.16956029788867966 0.14469942559888346
0 0.9590753965120029 0.38103406829262176 0.07170345048646709 0.08337242198083886
0 0.9170867195644862 0.4570300022592482 0.05388865909060954 0.04653416327441153
0 0.8578613185882562 0.13175668532136353 0.056187544642268605 0.08880355042954133
0 0.7798493668839728 0.1659845211424408 0.07326595048646745 0.0834543091359686
0 0.8114754679396331 0.23567290140016559 0.03036933847375849 0.04061835594746528
0 0.807627719157449 0.2769153770899061 0.034838650162155815 0.028364017412854547
0 0.7308549391256769 0.374547293643678 0.04909206493480802 0.04003850180902226
0 0.7088783478092493 0.15522740558403708 0.050600017856907445 0.03699538896415207
0 0.650411282874441 0.18969758084423627 0.0921250446422686 0.09068695499752559
0 0.5230908522734762 0.13688908412359663 0.15508869480442442 0.12052494120271566
0 0.6720214557647683 0.29561338817118255 0.06024775324641087 0.05311171189493056
0 0.6668958047918337 0.45486555743848794 0.09651253571381488 0.07374511646291496
0 0.48574303652788914 0.3054000667107421 0.04977390340856669 0.07910100180902227
0 0.40324418222581804 0.2830912974888652 0.06866027110331849 0.08789614767057934
0 0.30942777272817146 0.14758648744838548 0.061782979707460585 0.05163109905006032
0 0.22190840746905174 0.23370769391624915 0.09376936525911965 0.09545634215265535
0 0.09874582264874118 0.39068363297125824 0.08223184740221226 0.06050813206674706
0 0.33762709050564865 0.3687964241285454 0.09807503571381489 0.07382700361804462
0 0.33280717695081224 0.420935456240721 0.11345457386326192 0.06058337516934209
0 0.4539691107981881 0.4233754607632768 0.025545470779006863 0.0325601944820761
0 0.08890894683631465 0.2822569793077851 0.04278751785690749 0.03658595318850333
0 0.7915821590939048 0.4793852798488681 0.03489319724005639 0.031489017412854634
0 0.023126034092257164 0.4427983316372058 0.04625206818451433 0.09809666327441154
0 0.75576125608908 0.24682840739305942 0.06803297970746058 0.05195864767057934
0 0.9647042390462467 0.6409413348009652 0.041497753246410696 0.05212906603337366
0 0.737177482553425 0.729108640884716 0.19507849512873604 0.17569712008095947
0 0.9098200957839497 0.7389384215265536 0.09823867694751698 0.08320200361804453
0 0.6172661773578494 0.6102214427845954 0.09911143019392803 0.13320200361804452
0 0.5126644521146158 0.6446196969684669 0.06356366801906325 0.06421298620519007
0 0.4034627759778776 0.5841591525318194 0.11221935633066593 0.07925148801421233
0 0.39461783563768 0.6876969103337356 0.08741027110331831 0.08887879353213642
0 0.6057075198920929 0.8692279505865115 0.04925570616851012 0.049413501809022264
0 0.6063093120987297 0.7003551198538169 0.09330571509696384 0.06889384215265544
0 0.8030088084452818 0.586331320667471 0.05103639448011279 0.0619953889641522
0 0.8459269655072962 0.6362804110111041 0.047747753246410694 0.05245661465389269
0 0.781593909907979 0.8276180619610436 0.06973184740221221 0.05985303482570927
0 0.8353871116122622 0.7921209752354552 0.057231847402212564 0.05919793758467105
0 0.8680126509795253 0.849350299070745 0.06170115909060954 0.04694359905006031
0 0.3982218969190402 0.5260191039113004 0.03028751785690744 0.03593085594746519
0 0.5164637877490004 0.8301444391665507 0.059067082791715644 0.0749048247398008
0 0.3148757885597793 0.6866456654221181 0.05095457386326192 0.05730788896415202
0 0.21636615057248818 0.6408208310713789 0.09664890340856669 0.08155761646291496
0 0.48207692532925445 0.6946263410210015 0.04593979139585791 0.03831222749876275
0 0.24621688636573333 0.31943383197589004 0.019213650162155815 0.027545145861557076
0 0.15705715462967795 0.4547328448661888 0.06348184740221222 0.05952548620519007
0 0.38179846145010654 0.7949362002478273 0.05259889448011297 0.06207727611928178
0 0.672918339291128 0.826614404679526 0.0936602711033185 0.08920634215265544
0 0.011633380683690504 0.5883598151288624 0.023266761367381008 0.0829696302577247
0 0.08353210552318237 0.5454972857302203 0.08126936525911972 0.09480124491161739
0 0.24582755398105482 0.5657322998637144 0.11273755357072242 0.10893898801421234