0 0.0984375 0.0625 0.19609375 0.1203125
0 0.14296875 0.184375 0.1609375 0.10390625
0 0.075 0.28203125 0.0953125 0.0640625
0 0.0296875 0.3390625 0.03984375 0.03515625
0 0.12109375 0.3609375 0.0453125 0.03515625
0 0.22265625 0.0703125 0.03984375 0.07890625
0 0.2890625 0.11796875 0.0578125 0.06640625
0 0.25 0.1765625 0.02265625 0.03359375
0 0.246875 0.21484375 0.02890625 0.0203125
0 0.303125 0.31796875 0.04140625 0.02890625
0 0.35546875 0.1203125 0.04375 0.0265625
0 0.403125 0.16328125 0.0765625 0.06875
0 0.52734375 0.13671875 0.1328125 0.0859375
0 0.36875 0.25625 0.05 0.03984375
0 0.35078125 0.403125 0.08125 0.05390625
0 0.53671875 0.2984375 0.0359375 0.06640625
0 0.615625 0.2921875 0.05390625 0.07109375
0 0.7203125 0.184375 0.0515625 0.0390625
0 0.7890625 0.2796875 0.075 0.0734375
0 0.878125 0.4453125 0.06875 0.04375
0 0.6640625 0.3828125 0.08515625 0.0515625
0 0.66015625 0.43203125 0.1 0.0390625
0 0.54921875 0.41171875 0.02109375 0.0265625
0 0.903125 0.34765625 0.0359375 0.02734375
0 0.2328125 0.403125 0.0296875 0.0234375
0 0.96171875 0.5078125 0.07109375 0.0859375
0 0.2984375 0.19609375 0.0578125 0.0375
0 0.040625 0.521875 0.05390625 0.04140625
0 0.2453125 0.6421875 0.1609375 0.1328125
0 0.0859375 0.6203125 0.0828125 0.0609375
0 0.37265625 0.5546875 0.075 0.1109375
0 0.46328125 0.6046875 0.0515625 0.0484375
0 0.571875 0.56875 0.09609375 0.0546875
0 0.5640625 0.665625 0.07109375 0.06875
0 0.3453125 0.79453125 0.04140625 0.0390625
0 0.3703125 0.6390625 0.0796875 0.0484375
0 0.20625 0.5 0.03984375 0.05
0 0.16015625 0.5375 0.0375 0.0421875
0 0.19140625 0.725 0.0578125 0.0453125
0 0.146875 0.6828125 0.04609375 0.04609375
0 0.10859375 0.7296875 0.05234375 0.03359375
0 0.58515625 0.5171875 0.02265625 0.02890625
0 0.4328125 0.775 0.0453125 0.06015625
0 0.63828125 0.67890625 0.04140625 0.0453125
0 0.734375 0.65390625 0.08125 0.06015625
0 0.484375 0.65625 0.0390625 0.0296875
0 0.75390625 0.35390625 0.01484375 0.02265625
0 0.815625 0.49375 0.0515625 0.0453125
0 0.5609375 0.76640625 0.0421875 0.05
0 0.290625 0.74296875 0.07734375 0.06796875
0 0.9609375 0.6453125 0.07734375 0.0703125
0 0.8703125 0.58984375 0.06484375 0.075
0 0.71875 0.5796875 0.0921875 0.08515625