0 0.9688919214448187 0.16661471359396518 0.062216157110362505 0.17723711179556506
0 0.8834557816346615 0.18063751885877555 0.1323217045623551 0.18405259618646846
0 0.7881167653230392 0.10007451042125506 0.07894735376405215 0.09949405771188106
0 0.7316465894295963 0.0544147808396751 0.039826503954332716 0.02011409255827139
0 0.7012998562355103 0.1329291612395617 0.044224843878220454 0.05147321996293312
0 0.9771447732317047 0.27849715470095776 0.045710453536590735 0.05034722958157989
0 0.9430111482502952 0.3403051847380246 0.07767401384016423 0.0682440577118811
0 0.8841017218625605 0.29221985960294844 0.037019838935304604 0.02781746515360961
0 0.8447208868815886 0.283043267044677 0.026273339923887917 0.0321230192372937
0 0.7341627302655176 0.3267709304768554 0.0362850098858317 0.048075401451278844
0 0.9356880795809456 0.40948177067287406 0.0347861768820259 0.049583337748947895
0 0.8882838389724856 0.45229426404945217 0.08325285178688588 0.09028274881887377
0 0.9077262001509119 0.5848165873704299 0.11067219764227261 0.1505307680561673
0 0.7942181625847512 0.40298125561193165 0.04766817885919252 0.05939484736759475
0 0.6420362386684746 0.363340858337004 0.06769151878308026 0.09129961179556503
0 0.7386260316718427 0.5703299575186974 0.07365767589344294 0.0462599303072194
0 0.7404378824701454 0.6530878938163666 0.08386034684397004 0.06689981252120454
0 0.8453402411771135 0.7768924707655414 0.04766817885919252 0.05939484736759475
0 0.7423226705305976 0.8333656708582087 0.08787668479069151 0.08888393992586643
0 0.5633156028498312 0.901227749536664 0.05624468281352524 0.07841766587924895
0 0.6420613908731024 0.6894395668671918 0.0662563527754692 0.09437004809323427
0 0.591679388895936 0.6783185283926043 0.05589185574121878 0.10805060217691817
0 0.6199078651699399 0.5669643661415524 0.030706171939110405 0.02603671034428636
0 0.6640623607584966 0.9421925446346732 0.03290534190105419 0.04171627404661713
0 0.6503196294672148 0.24114839980681632 0.029525673916276675 0.03535714664195542
0 0.4930296191614536 0.9672495313030112 0.09855951680591382 0.06550093739397767
0 0.8610753987445868 0.33978434036565475 0.04785917984777584 0.06408234736759474
0 0.5398265039543327 0.03757447730414526 0.04840300790866543 0.03913691106992567
0 0.3998102934976597 0.21991820743387938 0.16213653855474383 0.18821430653075472
0 0.43384575939154024 0.05961811369448163 0.07706651878308043 0.09162699400955024
0 0.4836971566532521 0.36405264255042213 0.12706651878308045 0.09337303248413757
0 0.42557559193823524 0.45017862630835337 0.05704317885919252 0.05972222958157989
0 0.45531878315471735 0.5674578955456471 0.06989068874502422 0.10697917549789597
0 0.3545866126984819 0.5459970685964723 0.08306185079830275 0.08559524881887377
0 0.23618814528454557 0.3015798912844778 0.047286176882026076 0.050019847367594836
0 0.39571965418179417 0.34927832521989427 0.06144151878308035 0.0910813569862416
0 0.5511353715585494 0.20023816841113778 0.0596588428896375 0.0473313569862416
0 0.5154406106841345 0.14750254881102443 0.04865767589344294 0.04538691106992569
0 0.31823002965749525 0.15153774046617116 0.05573534684397004 0.06591766587924912
0 0.36501218775644106 0.1126042152384277 0.0552896778706093 0.054980165879249074
0 0.3194158448668037 0.06576393157316374 0.042980678859192524 0.05923115626060225
0 0.5084583706071473 0.5888170295737307 0.03233233893530461 0.02765377404661713
0 0.2501007480600147 0.3941220553496284 0.06935217787060939 0.055471239200226743
0 0.3365488785158127 0.6202604586150058 0.053536176882026075 0.050238102176918174
0 0.35631223326844813 0.7223685956383143 0.07400518577927473 0.09308036660488846
0 0.3699940953982764 0.46462058302444265 0.03772017589344294 0.045004965153609786
0 0.6670706611390574 0.7862699268486584 0.025764003954332714 0.019623019237293704
0 0.5175136715191808 0.8301959977225654 0.05391817885919252 0.059613102176918176
0 0.25010735973273235 0.5283060823914705 0.059786176882026074 0.0504563569862416
0 0.2926808844101306 0.2520635301218849 0.08331651878308026 0.0918452488188736
0 0.35098669919950964 0.9554439904661711 0.08468801779449713 0.08721231252120454
0 0.4131100144088181 0.8717981659640671 0.08749468281352524 0.07950893992586608
0 0.4341507317855734 0.7180655307548571 0.1012043557412186 0.10963294954451293