0 0.10338862041330892 0.04473975568204286 0.07552724082661784 0.08947951136408572
0 0.1894806565176624 0.07085224228936225 0.14458631303532482 0.1417044845787245
0 0.3040471505657341 0.02192777272817144 0.0830943011314682 0.04385554545634288
0 0.38470679810640607 0.050321959418216364 0.04563975292686626 0.05704093262955985
0 0.07723518657189171 0.11428859659143335 0.04090680113146814 0.04914661201270887
0 0.09018061416679299 0.19063290827983065 0.08167724687674205 0.07485572402541765
0 0.1610925569852006 0.15814196225759014 0.04080680718159235 0.03195911201270887
0 0.20330278288289966 0.16131182670593097 0.02676248789975162 0.034838650162155815
0 0.30455218637549997 0.24002143344363405 0.03935339149054773 0.05068183847375849
0 0.0804470658639952 0.2634664362830078 0.036246572208706994 0.05375229139585782
0 0.11829249950902068 0.3221868713481997 0.08962610226293628 0.09842959172016937
0 0.06670324931262896 0.4527880349030361 0.11811471662612101 0.16142051542127547
0 0.22521012002052548 0.30078738393010135 0.05347952400410509 0.06186480032431163
0 0.38776011699546337 0.3065446858792661 0.07401019262201594 0.09971935633066593
0 0.23959584864869904 0.49039930884902355 0.07843407220870695 0.05448867694751698
0 0.2182117280389984 0.5751561383943283 0.08791815651766247 0.07340231818121908
0 0.08281510440423563 0.6704976862830078 0.05348861436318471 0.06342730032431163
0 0.17240939041039324 0.7603493445628384 0.09430451190385672 0.09694891233702059
0 0.3364405950344617 0.8864055097425279 0.06141928903121974 0.08387616801906325
0 0.3076742038385015 0.6423515466741588 0.07246587334017515 0.10281708279171564
0 0.36161227009528024 0.6468793595803721 0.06317268657189175 0.11671594155801372
0 0.36089413172799045 0.523441859580372 0.031413626463433174 0.028670470779006862
0 0.2255530920093996 0.8969356810080023 0.03776362041330898 0.04596706493480838
0 0.4096755027304745 0.17880546956448612 0.02989657825883114 0.036455697240056484
0 0.3915871581679824 0.9643571858792661 0.09871930113146812 0.05015573295387128
0 0.17314310509160666 0.2149686607154626 0.05196247579950315 0.06965002678536117
0 0.5704124939498758 0.012037642453165675 0.05019089754067192 0.02407528490633135
0 0.6662709363755 0.23370760917663036 0.1746010659621911 0.20302736282348768
0 0.6714937257995032 0.05703601502082898 0.08184087334017516 0.10298072402541769
0 0.5474396440246305 0.3561065349063314 0.13496587334017515 0.10390802434972919
0 0.5855668788011241 0.46326446997152326 0.06287270472226432 0.06515344155801372
0 0.526056044295777 0.5752520012211113 0.07723518657189174 0.11696140340856669
0 0.6323696768093343 0.5843349005724882 0.0880272408266178 0.09215231818121908
0 0.8123833879745064 0.3686711700542487 0.051862481849627426 0.05246252678536116
0 0.6404856620768073 0.36776500933878614 0.06774201190385672 0.09648526217486468
0 0.518991415396457 0.1667400718379623 0.061246572208706954 0.05418866801906326
0 0.5687414305217675 0.12289856859155142 0.05340680113146803 0.049364800324311585
0 0.7652397015008106 0.18900698945328376 0.05978406615858276 0.07134889448011288
0 0.7281936985739443 0.13339791761861675 0.05814884328594587 0.05882162094116259
0 0.785038596212812 0.10037118344692933 0.04724770472226432 0.0648807061685102
0 0.4682708153730159 0.5809486221622738 0.034547716822512696 0.03028751785690744
0 0.7754060836215844 0.4591694849890569 0.07379202400410492 0.06221935633066593
0 0.6328423754814745 0.6655849005724882 0.05812157220870695 0.054134120941162676
0 0.5881116584625701 0.766375833202048 0.08026019262201593 0.09982845048646745
0 0.6373202763417961 0.4951769431861619 0.04090680113146803 0.04914661201270896
0 0.259773035024199 0.7353845263816193 0.02668067466803503 0.020776150162155817
0 0.40016220656897605 0.8266935446455641 0.059747704722264317 0.06509889448011279
0 0.7418310352205907 0.5972695028459644 0.06282725292686635 0.057340941558013725
0 0.7674476169954634 0.2999172159143334 0.08962610226293641 0.09842959172016937
0 0.5416735165792388 0.9765826761400334 0.08141362646343317 0.029543224025417914
0 0.49435763416387735 0.9016196323085435 0.09267837939029935 0.08598413879807013
0 0.5113673512809777 0.7364622366106147 0.11004768657189175 0.11753414772652385