0 0.85546875 0.07987362702614356 0.1328125 0.10463791469812274
0 0.75 0.10353432711881079 0.140625 0.15959823320977704
0 0.6359375 0.05658242684865833 0.084375 0.0716964399258662
0 0.565625 0.09709581024376981 0.046875 0.054761911069925694
0 0.88359375 0.14804327366809897 0.0875 0.05930556733052792
0 0.85 0.2249951540679856 0.0796875 0.07465774881887359
0 0.78203125 0.19605913301659333 0.0390625 0.03105159255827141
0 0.7421875 0.19935525860715653 0.028125 0.03379464664195542
0 0.64921875 0.27579621831847057 0.0375 0.04974702885594055
0 0.86171875 0.29415438183546694 0.0375 0.051309528855940555
0 0.82890625 0.350821044086519 0.0875 0.09524306733052797
0 0.88203125 0.4737699599657681 0.1171875 0.15721727767481414
0 0.7265625 0.33162212158384796 0.0515625 0.06273810217691826
0 0.57265625 0.3403100969042587 0.071875 0.0962599303072194
0 0.7203125 0.5118726167745246 0.075 0.054181557711881115
0 0.74375 0.5923785723094873 0.084375 0.07325893992586607
0 0.87578125 0.6805829551564446 0.0515625 0.06273810217691818
0 0.79375 0.7675621107840748 0.090625 0.0953521947351895
0 0.64375 0.8896677453603126 0.059375 0.08176092068857273
0 0.6609375 0.658236696085952 0.0703125 0.09933036660488845
0 0.6109375 0.6627406576113646 0.0609375 0.11150298439090331
0 0.60703125 0.5454167483555376 0.0328125 0.027708337748947896
0 0.74921875 0.8972570452676454 0.0359375 0.04344246515360979
0 0.546875 0.21909729581579956 0.03125 0.03702877404661713
0 0.59765625 0.9689509297590652 0.0984375 0.06209814048186964
0 0.77265625 0.24963800080260823 0.05 0.0673710384745874
0 0.3875 0.048688048178052244 0.053125 0.0534176658792491
0 0.30625 0.27553823565684776 0.1703125 0.19969744355406327
0 0.29375 0.10869547603820089 0.08125 0.09971231252120454
0 0.42421875 0.38981404518282736 0.1296875 0.10452878729346109
0 0.3921875 0.4918204892850448 0.059375 0.06457342068857255
0 0.4515625 0.5970189099736173 0.0765625 0.11204862141421187
0 0.3515625 0.6068080830244427 0.0859375 0.0920635036281972
0 0.1734375 0.406056570958725 0.0484375 0.05325397477225664
0 0.3359375 0.40313744600113405 0.0671875 0.09453373920022692
0 0.44296875 0.2100000596107976 0.0609375 0.05369048439090331
0 0.39453125 0.16846483483854108 0.0515625 0.04867560217691826
0 0.21015625 0.23468256796350012 0.0578125 0.0692063569862417
0 0.24375 0.1811681875636135 0.0578125 0.059831356986241646
0 0.18828125 0.15110617613086813 0.0453125 0.06251984736759483
0 0.50859375 0.6013542351086936 0.034375 0.030887901451278843
0 0.21171875 0.4909871316658309 0.0703125 0.061830366604888456
0 0.3546875 0.6858234604291044 0.0546875 0.055034729581580066
0 0.40078125 0.7796205896478645 0.078125 0.09804068511654282
0 0.34453125 0.5229687963639537 0.0390625 0.04823909255827132
0 0.7109375 0.7451389845605394 0.0265625 0.021240082939624472
0 0.58125 0.8335789472670785 0.05625 0.06290179328391084
0 0.2484375 0.6219568786706061 0.0609375 0.055252984390903495
0 0.2140625 0.3410689772193273 0.0875 0.09680556733052796
0 0.45625 0.9806671905588384 0.084375 0.038665618882323116
0 0.4953125 0.9071404436388815 0.090625 0.0859771947351895
0 0.471875 0.7500719881039185 0.10625 0.11621033175849824