0 0.7140776249019047 0.7481060112943444 0.0532446719450391 0.05991351087441501
0 0.7898398060181441 0.6115835794694024 0.021221782132453626 0.03207767095052709
0 0.7790183147936327 0.6884962479484715 0.030369461599340043 0.02464717292769336
0 0.721734663698276 0.6190405938038583 0.03363085391920819 0.029462006920082117
0 0.6593757530360079 0.7776462726630509 0.030460389812585476 0.02777217292769336
0 0.6000629375174593 0.8315644515222435 0.024119461599340218 0.02439250494291585
0 0.6008729312492532 0.7769087850203406 0.027335389812585476 0.027644838935304606
0 0.6557399391668121 0.6880571906478286 0.024574102665567032 0.04001750494291585
0 0.6879410222363378 0.7881871832334546 0.028761497492717503 0.02302100593149916
0 0.7561180238856904 0.6441705863894847 0.027335389812585476 0.027644838935304606
0 0.7932809870678763 0.012567042453304932 0.024255853919208193 0.025134084906609865
0 0.9000190688837607 0.09676239270154453 0.03358538981258548 0.02789950692008223
0 0.011140633413030716 0.9417909105704038 0.022281266826061432 0.03603034190105418