0 0.2756831968254284 0.7013079046719485 0.056604524004105095 0.0635573858558109
0 0.24132689842443478 0.5621704760120666 0.02363748789975162 0.03546661910658777
0 0.23076158226585192 0.6320099410658786 0.031386355386194255 0.024892992142117088
0 0.30215531411547936 0.5837586856891951 0.034556807181592396 0.03285104135632881
0 0.3176570733870574 0.7399915690638066 0.031413626463433174 0.029580492142117266
0 0.35871334456249204 0.8020763461521119 0.025145445745273953 0.026164393713693813
0 0.37306673605303986 0.7527313176160646 0.026717036104353477 0.027799668320799498
0 0.34546897687965766 0.6607963746881591 0.02836134933607006 0.04193494292790554
0 0.2895093474893583 0.7425878761359013 0.029823855386194253 0.024820217535011225
0 0.26455986534514336 0.5984183451186545 0.026726126463433086 0.0293621683207995
0 0.39446761748644266 0.02931308829422899 0.02668976502711464 0.023112168320799577
0 0.27385059045727544 0.07605319354707799 0.034547716822512696 0.03128854135632886