0 0.2843229586150057 0.3053544215434026 0.0583779843909034 0.06224673328249999
0 0.253187064420121 0.44369087614055536 0.024583337748947897 0.033358013867708355
0 0.24135669781523253 0.3735965816876387 0.03206845553496285 0.024164851823611146
0 0.31422376814098535 0.4227231062889233 0.03384921034428627 0.030451219414791807
0 0.32447424346139603 0.2684531803771178 0.032232146641955416 0.028852351823611143
0 0.36375250907049267 0.20655193921083304 0.025873019237293703 0.025581881458888935
0 0.37877979754508007 0.25624281468579835 0.02749008293962447 0.027180749050069508
0 0.35457346042910426 0.3467229975314581 0.02954365626060227 0.041279616641249996
0 0.29618555235440347 0.26442029701836783 0.030505955534962846 0.02412848423243057
0 0.2745883492665114 0.40722604606843726 0.02754464664195542 0.02874324905006951
0 0.42117572802193537 0.9777177711828122 0.02749008293962447 0.027180749050069508
0 0.29978931214268634 0.9273748919081248 0.03541171034428627 0.030487587005972115
0 0.876944445916316 0.0009727800165274192 0.04138889183263217 0.0019455600330548384