0 0.7328125 0.31328125 0.05 0.0453125
0 0.6109375 0.25234375 0.02890625 0.01640625
0 0.67890625 0.2578125 0.01875 0.0265625
0 0.6171875 0.3140625 0.02421875 0.028125
0 0.75859375 0.3609375 0.02265625 0.02578125
0 0.8078125 0.4109375 0.01953125 0.02109375
0 0.7578125 0.4140625 0.021875 0.021875
0 0.67890625 0.3703125 0.03515625 0.01953125
0 0.76796875 0.33515625 0.01796875 0.02578125
0 0.6390625 0.28125 0.02265625 0.021875
0 0.06953125 0.28515625 0.0265625 0.0203125
0 0.14765625 0.1828125 0.02265625 0.02890625
0 0.903125 0.9453125 0.02890625 0.03515625