0 0.2977712249271754 0.21535918129377457 0.053199207838416564 0.05684998400699968
0 0.23127770988348056 0.34742734130331954 0.021221782132453626 0.0314863573360908
0 0.23771191481890322 0.2731085939688196 0.028761497492717503 0.022202264003817973
0 0.2983288175636125 0.34195804396086543 0.03363085391920819 0.02850680800445433
0 0.35012333511458976 0.18817851595322943 0.030460389812585566 0.026907945337363424
0 0.40565426959604134 0.1359523972788207 0.024119461599340218 0.02371022000318166
0 0.4088080133278352 0.19062171594527524 0.027335389812585476 0.026871582670272565
0 0.3605045571387713 0.2763688592855022 0.024528638558944316 0.0377727200031817
0 0.32168008636823103 0.17756827995704744 0.028716033386094873 0.020639764003818017
0 0.2632036598043383 0.3165767832988652 0.027335389812585653 0.02687158267027261
0 0.263375088346788 0.9402233686346377 0.02430131802583091 0.029960220003181704
0 0.15218988426929525 0.8524244713160464 0.03358538981258556 0.026944308004454597
0 0.984966033386095 0.04557700986636978 0.030067933227810074 0.03317612667090889