0 0.7874294952424891 0.3306742650109431 0.062285984284234354 0.06353639448011297
0 0.8362758717926748 0.47437940056260236 0.025038541356328638 0.03478410308425524
0 0.8406315779551468 0.400297018257354 0.03241439371369381 0.025545470779006863
0 0.7705952138109577 0.45527879869616317 0.03739299214211726 0.03187729139585773
0 0.7396255419755015 0.2931509456119081 0.03419521753501122 0.030260244317957152
0 0.69143844499482 0.23064126298234822 0.02772689371369381 0.025463650162155814
0 0.6813763943328663 0.28276682467074554 0.031070217535011223 0.030205697240056395
0 0.7185553707592177 0.37708956898870266 0.030017139784752445 0.0411159237011061
0 0.7690947181541838 0.28898164285196454 0.03234161910658777 0.023982970779006862
0 0.8088208058292403 0.43799188716992166 0.031070217535011223 0.030205697240056395
0 0.8468283056198433 0.9853612832765354 0.03575771753501158 0.02927743344692928
0 0.1249828833746115 0.018574496346552026 0.04371576674922299 0.03354888555165918