0 0.7349416103878557 0.23924815112308967 0.060329573863261744 0.05606946846486114
0 0.5942114703719696 0.1917218005337495 0.03319432954530477 0.02263871941479172
0 0.6683893100635443 0.18765058995267303 0.023955697240056396 0.03023301386770836
0 0.6086245722384088 0.2562564260087148 0.03028751785690744 0.03506598423243057
0 0.7693808400953163 0.28690374791270773 0.028670470779006862 0.031904616641249994
0 0.8288473433417272 0.3355399632434368 0.023873876623205347 0.02554551386770836
0 0.775872347805954 0.34537021134357576 0.028615923701106105 0.028779616641249995
0 0.6837978961016707 0.3092164654276383 0.03949887662320535 0.02590918977951393
0 0.775907529624735 0.25783384375239515 0.022393197240056395 0.030196646276527784
0 0.6290637573036006 0.21826546352777726 0.028615923701106105 0.028779616641249995
0 0.015420043017415615 0.3013261106573264 0.02074887662320544 0.025472778685347208
0 0.08286486728771461 0.18017650284979161 0.028725017856907488 0.03502961664125
0 0.9930383027566482 0.900507733760659 0.0139233944867037 0.04131598423243048