0 0.7711527677643397 0.70234375 0.054288762917777865 0.05
0 0.9002467346136802 0.3921875 0.03201371941479181 0.0328125
0 0.08591278410059 0.33671875 0.03212282218833336 0.0375
0 0.48519839038951335 0.6359375 0.03499324905006951 0.0265625
0 0.6294055981207982 0.48203125 0.06657055737069442 0.040625
0 0.7783509379765621 0.52734375 0.025509146276527873 0.021875
0 0.6932713424212149 0.32265625 0.047529616641250175 0.028125
0 0.8210092570307633 0.6078125 0.016170513867708534 0.0234375
0 0.42277439162378433 0.46484375 0.05247168977951393 0.0390625
0 0.3503246954790971 0.1203125 0.033358013867708355 0.0234375
0 0.5849334719802428 0.24453125 0.047529616641250175 0.028125
0 0.8108751100886454 0.40546875 0.04160692496187508 0.0421875
0 0.8938350400845136 0.2984375 0.031904616641250175 0.028125
0 0.17324978315065948 0.31015625 0.028706881458888934 0.025
0 0.10107731031739528 0.65859375 0.025654616641249996 0.028125
0 0.48810322521128413 0.74609375 0.033358013867708355 0.0234375
0 0.5931920751350341 0.66171875 0.04934668977951393 0.0390625
0 0.7074182292953466 0.6546875 0.03499324905006951 0.0265625
0 0.26938828638170065 0.81171875 0.0320500870059723 0.034375
0 0.23023682703489526 0.71484375 0.048002395326597204 0.0484375
0 0.28490549002892296 0.74921875 0.03691942496187508 0.0421875
0 0.7588657476283672 0.96171875 0.03826371941479163 0.0328125
0 0.08076023784472147 0.89375 0.052508057370694486 0.040625