0 0.2109375 0.6546875 0.04375 0.040625
0 0.13671875 0.346875 0.0265625 0.028125
0 0.9109375 0.40234375 0.025 0.0328125
0 0.48984375 0.63046875 0.0296875 0.0203125
0 0.37734375 0.4671875 0.0578125 0.03125
0 0.23046875 0.48984375 0.0203125 0.0171875
0 0.3421875 0.30859375 0.040625 0.0203125
0 0.178125 0.559375 0.0125 0.021875
0 0.57421875 0.478125 0.0453125 0.03125
0 0.69609375 0.16484375 0.0296875 0.0171875
0 0.45625 0.25 0.040625 0.021875
0 0.21875 0.37109375 0.034375 0.0359375
0 0.15703125 0.26015625 0.0265625 0.0234375
0 0.83359375 0.365625 0.0234375 0.021875
0 0.84765625 0.70234375 0.0203125 0.0234375
0 0.46953125 0.73359375 0.0296875 0.0171875
0 0.38359375 0.640625 0.0421875 0.03125
0 0.27734375 0.61796875 0.0296875 0.0203125
0 0.665625 0.82421875 0.025 0.0296875
0 0.7171875 0.7375 0.0375 0.040625
0 0.66015625 0.76328125 0.0296875 0.0359375
0 0.18203125 0.89921875 0.0328125 0.0265625
0 0.83046875 0.92578125 0.0453125 0.0328125