0 0.3137771954506863 0.22862407132453622 0.04402271077238851 0.048147994985435094
0 0.6178692769309713 0.13514582211595905 0.03143180718159222 0.03215928213245363
0 0.6349553630866385 0.9237907849689405 0.03610112646343318 0.029170674452321778
0 0.36462311972593786 0.5097436906831507 0.02362839754067192 0.03349446159934022
0 0.5193419151018694 0.3853611192921075 0.0363011143631848 0.0635456744523216
0 0.48255901170746485 0.23900294483978576 0.01887726502711473 0.022420569279472245
0 0.6760913639704013 0.3414927620076869 0.023682939695149584 0.04286946159934022
0 0.4072817557555366 0.1891644177218971 0.023519313231716587 0.01474446159934022
0 0.5267600262436003 0.5863242257185982 0.036228391490547726 0.051045674452321776
0 0.8546628333269968 0.6919427060560499 0.020503397540672097 0.03340353338609479
0 0.7462634842855144 0.45367216475239613 0.025245439695149585 0.04291492570596276
0 0.6011726563212707 0.2190207169431096 0.04084316861791084 0.03868206677218975
0 0.7077857498036083 0.1502600082467632 0.026735216822512696 0.030460389812585566
0 0.6649468692349585 0.8426460850480829 0.023582945745273955 0.025681961599340043
0 0.3261434444687276 0.8773116239109608 0.025127265027114643 0.02260242570596276
0 0.25830494203284077 0.49493338143280835 0.02050339754067192 0.03340353338609496
0 0.34446918012898403 0.4021441393503672 0.034647710772388506 0.04787521034569906
0 0.35711410499341084 0.29315558425665994 0.02362839754067192 0.03349446159934022
0 0.18528611943135026 0.6990238363682311 0.032976126463433134 0.029079746239076342
0 0.27851394466511936 0.7462602007122806 0.04398634933607006 0.041897994985435005
0 0.24616453209733277 0.6906406865265156 0.04082498789975162 0.035557066772189574
0 0.0645129936552882 0.21356004631821857 0.03145907825883121 0.036846782132453626
0 0.09802753482780727 0.8722363643440495 0.03935339149054777 0.05113660266556721