0 0.6058640449433534 0.16775697046163143 0.055353344866803766 0.05592399810013893
0 0.2718392134224225 0.1669458849742706 0.035775673916276673 0.03517508700597225
0 0.467062963842352 0.9499356504574997 0.040399506920082116 0.03372168977951375
0 0.6306133996588078 0.46065233206888834 0.029525673916276675 0.03502961664125
0 0.44011041646472177 0.3854744133752774 0.04805018083635879 0.06824216014423615
0 0.4371339495822581 0.22866136892236075 0.024456171939110226 0.02554551386770836
0 0.26833091695901334 0.38713109840513865 0.03316000988583179 0.047602351823611146
0 0.5001233809129084 0.15772996666190928 0.025700336958138337 0.017769381458888935
0 0.4858354574537424 0.5850009814795482 0.04435217787060921 0.05410692496187508
0 0.1810020829294435 0.787223323803854 0.026400673916276585 0.034956881458888846
0 0.22704538927868442 0.5192175530022914 0.03322367688202608 0.04916485182361115
0 0.31077969661650856 0.24565146001239557 0.04553267589344294 0.04476829255305557
0 0.18427820501946557 0.2087898524892012 0.031024506920082205 0.03350348423243057
0 0.41527231216919686 0.8801147661488191 0.029334672927693362 0.030342116641250173
0 0.7692541580245837 0.8125570581331939 0.030769838935304605 0.02725348423243048
0 0.7339585755522509 0.4145384386421521 0.026400673916276672 0.034956881458888846
0 0.6218843398867067 0.3492427065939231 0.04266234387822045 0.050945557370694505
0 0.5793068621298282 0.24486498432933979 0.029525673916276675 0.03502961664125
0 0.8639777034994097 0.5949318406182631 0.037274506920082474 0.03364895459715278
0 0.7828921881763705 0.669406470177291 0.053536176882026255 0.04963763050895835
0 0.7995968685184378 0.604235411856666 0.04534167490485963 0.040080792553055564
0 0.8561452292397533 0.07841714105510345 0.03596667490485998 0.03986258700597225