0 0.20436765162091483 0.6780728923807862 0.0516369110699257 0.04862103847458741
0 0.08983883783376598 0.35511159673462267 0.030833337748947986 0.03384921034428627
0 0.9289559015360969 0.32737338858295306 0.030942465153609787 0.036974210344286274
0 0.5019494905509891 0.6207489433844273 0.03363095553496294 0.024583337748947897
0 0.36251742440158763 0.45822663993371543 0.06542659255827132 0.04129961179556503
0 0.20749510770403184 0.4988392601668011 0.024146828130301133 0.021130955534962935
0 0.30662454454985516 0.29122267840830285 0.04618551923729371 0.02658234736759484
0 0.15790682467174005 0.5795733941948846 0.014935519237293703 0.02549107332097762
0 0.5749082969969259 0.4476809764167191 0.052872028855940556 0.03930060217691818
0 0.6713616232283105 0.09623254910472456 0.033521828130301044 0.021458337748947988
0 0.42286461424263583 0.21520083703115778 0.04624008293962447 0.028144847367594837
0 0.1811731659640671 0.37225940199943297 0.04209821996293313 0.04360615626060227
0 0.10216273384274921 0.2600347097113141 0.03061508293962456 0.027599210344286272
0 0.8410640319359833 0.29680792406231554 0.027435519237293704 0.02592758293962456
0 0.8951017790255765 0.6570807359505478 0.02436508293962447 0.027380955534962937
0 0.49181557711881074 0.7337400167054049 0.033521828130301044 0.021458337748947898
0 0.38932300497895944 0.6434548118034142 0.04818452885594056 0.039136911069925694
0 0.2723438361044855 0.6311135576270631 0.03363095553496285 0.024583337748947897
0 0.7127034851935117 0.8097221302302506 0.0308333377489479 0.03384921034428636
0 0.7585120037978331 0.7103471236068286 0.04538691106992552 0.04840278366526398
0 0.6994470278444502 0.7436978261465665 0.03579365626060227 0.041825401451278846
0 0.20117076286832578 0.9449156519994328 0.036974210344286274 0.030942465153609787
0 0.9019966528868592 0.8993227996528788 0.052872028855940556 0.03930060217691818