0 0.8026579941129857 0.6101712455147871 0.051127395326597026 0.05134966837349921
0 0.8603679234432636 0.27600907714128786 0.031977351823611146 0.03307010523343701
0 0.0464119133752774 0.45292830794897754 0.030523954597152812 0.03766659997176518
0 0.5065642441129855 0.6274167426016024 0.033394381458888844 0.026911110495108657
0 0.6147073184855204 0.4393336427004245 0.06493532218833345 0.041231215728545934
0 0.7715203629384371 0.4395626139024037 0.02391027868534721 0.021677578925077868
0 0.6405463859242012 0.26774706903701856 0.04589438145888884 0.02763915258848364
0 0.8316207551309024 0.5054991560663655 0.014644381458888845 0.02581904735504672
0 0.40700326804868014 0.48029808987194444 0.050872822188333264 0.040412168373499216
0 0.2573910066495137 0.17069411866996526 0.03332164627652787 0.023786110495108835
0 0.5167647002287498 0.2226837399707665 0.04593074905006951 0.02920165258848364
0 0.7760104540284719 0.31369035864073175 0.041570557370694414 0.04299113680346807
0 0.8327715599361458 0.187894427113053 0.030342116641249816 0.02985409997176509
0 0.12560975731510382 0.40228429486538503 0.027144381458888932 0.026547089448421525
0 0.13372419652593687 0.7575787396178306 0.024055749050069464 0.02792757892507769
0 0.5353230641171175 0.7326278873681654 0.03332164627652787 0.023786110495108835
0 0.619027876521805 0.6224268637612292 0.04771145459715278 0.03866765785015538
0 0.7299842135277773 0.581635992813364 0.033394381458888844 0.026911110495108838
0 0.33346766375652703 0.8575123082313262 0.03045121941479172 0.03454159997176518
0 0.27374913127145767 0.7751695160673642 0.04484102773541672 0.049423147326811724
0 0.33573998499492985 0.7934043056004902 0.035320557370694415 0.042627115756780756
0 0.8498368929549646 0.8625458166179442 0.03666485182361114 0.03334312101845249
0 0.16600544719152693 0.9796133633377062 0.050436411094166675 0.021662168373499213