0 0.3426885963561045 0.7841837495377815 0.04862103847458741 0.05136392319868044
0 0.6521677784774224 0.9079157323825158 0.03234127404661713 0.03215928213245363
0 0.6648561628840242 0.10909779915470545 0.038536710344286185 0.03077863855894436
0 0.392996098085385 0.5039028676427548 0.026200401451278842 0.03510242570596276
0 0.5500868901881695 0.6442731180384662 0.03968254809323426 0.06359113855894431
0 0.5145908782072699 0.7899660512662765 0.022693455534962936 0.02407399749271768
0 0.7106176516209148 0.7043564748606684 0.02814484736759475 0.046085389812585476
0 0.4380209437236993 0.8322240959351426 0.023983137023308565 0.01630696159934004
0 0.5570561088851582 0.4415572949980703 0.03924603847458741 0.051091138558944496
0 0.8899926052569611 0.3653945779219468 0.0230208377489479 0.0334489974927175
0 0.7809896606065895 0.5963597699252456 0.02814484736759475 0.046085389812585476
0 0.6350769929980599 0.8207878054229116 0.043551592558271325 0.04029003087881229
0 0.7440006144122718 0.9004418646732539 0.02921627404661713 0.03206835391920819
0 0.6967088528098905 0.19431388512722506 0.025982146641955417 0.028852425705962893
0 0.35096727767481417 0.12728053167023523 0.028998019237293705 0.02581835391920828
0 0.2854564165970393 0.5085783442857899 0.023020837748947986 0.0334489974927175
0 0.3732962116950486 0.6102521560434147 0.03757441106992569 0.047920674452321774
0 0.38738104826287023 0.7230476727364621 0.026200401451278842 0.035102425705962934
0 0.20928575308004288 0.2940779235943919 0.03535714664195542 0.029125210345699058
0 0.3039335649682752 0.25546771615168673 0.04834821996293304 0.04355142319868044
0 0.27224954454985517 0.30917773785929914 0.0418799651536097 0.03711956677218975
0 0.08872778265377364 0.7752333322115958 0.03412202885594055 0.03845474623907634
0 0.12014386360966363 0.11041832594338974 0.04080853847458736 0.051136602665567035