0 0.045555169504833376 0.40825739532940925 0.04014483893530466 0.027017033338636053
0 0.0512334610253267 0.6051596673297274 0.030706171939110273 0.025345445337363513
0 0.20529356132933785 0.6838739186425921 0.04352450692008229 0.03330339600572714
0 0.47270260132977543 0.475196163271821 0.04170733893530461 0.027035214672181597
0 0.6208390123944707 0.446897345918231 0.03402217292769336 0.030069308004454242
0 0.7464531191242726 0.556425792568459 0.08704901384016459 0.06660679201145392
0 0.8680893330781677 0.779335486553187 0.12541117688202624 0.04987382535009015
0 0.6580975677551285 0.7090882632479585 0.024519838935304607 0.026835220003181705
0 0.5781528107978653 0.28169051658977623 0.01964133794672147 0.022093176002545255
0 0.6263010811010014 0.7727695025859582 0.08149935079830276 0.08372156667727229
0 0.3617571255500632 0.591385331954184 0.05962435079830275 0.08346702800763595
0 0.5342343034206725 0.6425285665977304 0.0432698389353046 0.027053396005727138
0 0.5986867811775511 0.5362598379217308 0.029271005931499162 0.02845226400381797
0 0.048705321709461194 0.7349380739974547 0.025283842889637354 0.0455852200031817
0 0.1159538997331699 0.3136437819860006 0.04964717292769345 0.03025112133990877
0 0.15899292840208196 0.44914492998090993 0.02276633794672147 0.022129538669636163
0 0.4464518246380297 0.3488791112746845 0.05009284190105419 0.04118862133990877
0 0.9070617193911026 0.2395639145449147 0.11380251482874755 0.07160337468172653
0 0.8579728923559772 0.6653366212205961 0.05334517589344294 0.044349984006999674