0 0.07381952870073434 0.6865715113687065 0.04153428213245362 0.03290534190105419
0 0.028406425639455897 0.4935417529657496 0.028897889812585575 0.02770850593149916
0 0.1518319022824909 0.3908862796574953 0.04640363855894432 0.03934634288963732
0 0.4661026539318436 0.544930428402082 0.04153428213245362 0.03290534190105419
0 0.6159662616119755 0.5463549600367436 0.036892246239076346 0.03427684091247105
0 0.7058972766556704 0.41892497980840704 0.09280727711788864 0.07869268577927464
0 0.7613958042357775 0.18084665965618268 0.12842652837152996 0.06921952669174569
0 0.579490237859299 0.28502087060714726 0.02742631802583091 0.030769838935304605
0 0.6192911530739137 0.7142600430405491 0.02260242570596276 0.025891337946721472
0 0.531850708234128 0.23001769421941276 0.08852895407749273 0.0925641847906915
0 0.32764189601428473 0.45267264973316995 0.06977895407749282 0.0918001808363588
0 0.47904762015003727 0.3730063488583174 0.044659282132453626 0.03303267589344294
0 0.5698975921742188 0.4648847841433005 0.03215928213245363 0.032523339923887916
0 0.16821203787193437 0.7661091141441757 0.051045674452321686 0.037974843878220456
0 0.1711742503292044 0.6265518656270503 0.02572742570596289 0.026018671939110227
0 0.4752767286215921 0.6724970128887623 0.05444345909205772 0.047477177870609386
0 0.9437447860579795 0.6971931957394686 0.11251042788404106 0.08915002471457925
0 0.9639334340192331 0.3030267016709676 0.033477741224511345 0.07783583992388783
0 0.9951546902874393 0.4738631250929526 0.009690619425121482 0.030515170950527092
0 0.7833737558059877 0.2925481636105154 0.05770485141192587 0.052292011862998145