0 0.945415482814288 0.43194577184062644 0.04209896879233525 0.029307066772189572
0 0.921611733380115 0.6331134667469192 0.03107958163720568 0.02742631802583091
0 0.7585108678217113 0.7088445556224326 0.04571529172311415 0.038772994985435
0 0.5041010860482199 0.4876899358015997 0.04530585594746519 0.030960494985435006
0 0.35606637777133393 0.45455449003737713 0.03757524310259504 0.032295674452321774
0 0.21937088195520546 0.5622797249936824 0.09447369629109836 0.07607441818411545
0 0.07731509950434555 0.7871697278966762 0.13271732473980083 0.061586020849682656
0 0.2967921178217113 0.7222791991294348 0.028118355947465278 0.030460389812585476
0 0.4140061097926525 0.2867161206787627 0.0231851944820761 0.025636497492717503
0 0.3237806637286968 0.7877988990502927 0.08748006784239584 0.09147209765100221
0 0.6076654200602748 0.6102659662847008 0.065523180687266 0.08927310015828453
0 0.42819260402690135 0.6560511423863751 0.04530585594746519 0.030960494985435006
0 0.3715884791962435 0.5453697066512823 0.032887743102595034 0.03215928213245363
0 0.9170360187716508 0.7650765205869852 0.0338703889641522 0.050909282132453625
0 0.8804256478977219 0.332429156638647 0.051719630257724705 0.03426735141192579
0 0.8256042718238685 0.4705345618906388 0.02466580732694652 0.024119461599340218
0 0.5412436391912946 0.3594596357224574 0.05549972749876275 0.046858279625171126
0 0.0821253459978426 0.23396817154932775 0.12292624491161734 0.08314277210332381
0 0.0966559989839472 0.6711582829903835 0.057226001809022306 0.05002874373179385