0 0.015965840393517415 0.5027782435898592 0.03193168078703483 0.036412688998963993
0 0.05687315947513388 0.297724716501554 0.035284282132453625 0.03285104135632881
0 0.2302030108870597 0.23971950971990968 0.0512729949854351 0.04607878742738745
0 0.4605735063347131 0.5004963821362665 0.04631271034569906 0.03648546360606986
0 0.6065021202830513 0.5529941817647629 0.041716138558944314 0.03939213978475227
0 0.75824412820061 0.45932545678615355 0.10245506175762475 0.08903257485477489
0 0.9252056223281153 0.24479842225425016 0.13504024122451136 0.08274834160399784
0 0.6977793043022844 0.28503824028459956 0.03220474623907634 0.034267992142117086
0 0.5275551031942924 0.7189509756022912 0.02586381802583091 0.03085189371369381
0 0.6795581532069277 0.21410931017697568 0.09978470282385157 0.10451202564056317
0 0.37100620414399976 0.3611128585626179 0.07777331050398359 0.09880568114108126
0 0.558202327263538 0.33601004301346793 0.04943771034569906 0.03663101282028158
0 0.6022669128403462 0.45722791749673924 0.03537521034569906 0.035976041356328814
0 0.0779933046979958 0.16176794582338955 0.04056281551854848 0.05338186517764645
0 0.0625331599373523 0.6126583577340483 0.055869566772189704 0.043172111248705035
0 0.13356237694696885 0.47749779962849653 0.027335389812585563 0.027799668320799498
0 0.4084988778048987 0.627752394956548 0.05931281551854841 0.054255160462916764
0 0.8485686336773934 0.8140064946278258 0.11986988229073817 0.09764559553293921
0 0.8944747963847256 0.3624782278786027 0.06252874373179367 0.057525709677128486