0 0.03288765886339745 0.5828943455534963 0.005997694482076032 0.02516369110699266
0 0.1531813902073475 0.30402035580511527 0.04390713025772479 0.03428571996293304
0 0.44536332541716933 0.5224355722246694 0.042017081637205675 0.02798115626060227
0 0.5983179070543752 0.5542907513507623 0.03436835594746519 0.0308333377489479
0 0.7151192254625979 0.44685525198373455 0.08954053482570909 0.07175100362819702
0 0.8164040072360892 0.2219048704027216 0.12753850180902226 0.05280259618646852
0 0.6093152035271876 0.2879762705880561 0.02647396879233561 0.028998019237293705
0 0.5688804698083884 0.7217039406436564 0.021540807326946344 0.024146828130301046
0 0.5716237737444325 0.2234946191367772 0.08254690637700648 0.08710318511654283
0 0.321253038782438 0.40112851269868977 0.06067190637700666 0.08633929328391084
0 0.49116606908559124 0.35481405180624936 0.043579581637205676 0.028035719962933036
0 0.5663065892119793 0.4642733865599724 0.02959896879233561 0.029107146641955416
0 0.09795713817118257 0.6787450480932342 0.049993355947465276 0.03137897477225664
0 0.12821012494219952 0.5417733269491748 0.02302142017181654 0.022638891832631812
0 0.430203072137809 0.6497966803920374 0.05212906603337366 0.04237103847458741
0 0.907687342264197 0.7733061684959559 0.11626680913596843 0.07580358656782167
0 0.9940852719354103 0.38521094617077 0.011829456129179405 0.08066964664195542
0 0.9978249652300619 0.5632813824684392 0.004350069539876244 0.03234127404661713
0 0.8177761567156908 0.33736617929572904 0.05393722749876275 0.04711310217691818