0 0.39296875 0.04765625 0.0234375 0.03515625
0 0.57890625 0.03984375 0.021875 0.0265625
0 0.66015625 0.17890625 0.0296875 0.03828125
0 0.475 0.446875 0.0234375 0.03671875
0 0.4546875 0.58828125 0.0265625 0.0296875
0 0.56328125 0.69921875 0.06015625 0.078125
0 0.77890625 0.79765625 0.04140625 0.11484375
0 0.70390625 0.60390625 0.025 0.021875
0 0.29765625 0.559375 0.021875 0.01796875
0 0.7625 0.5703125 0.075 0.0703125
0 0.5796875 0.33359375 0.0765625 0.05
0 0.63515625 0.4921875 0.0234375 0.03828125
0 0.5375 0.5609375 0.025 0.025
0 0.70234375 0.01953125 0.04140625 0.03828125
0 0.30703125 0.121875 0.0265625 0.04296875
0 0.43671875 0.1515625 0.0203125 0.0203125
0 0.3546875 0.43046875 0.03671875 0.0453125
0 0.271875 0.8734375 0.06328125 0.103125
0 0.6390625 0.97890625 0.07265625 0.0421875
0 0.475 0.98046875 0.0265625 0.03828125
0 0.671875 0.796875 0.03984375 0.046875