0 0.010899495305546732 0.42233879146981224 0.021798990611093465 0.025927582939624473
0 0.008977366625570072 0.6184871051721432 0.017954733251140144 0.025709328130301044
0 0.15128430657227707 0.7008779976377474 0.04256930800445433 0.03428571996293321
0 0.4224433332670484 0.5032317044386545 0.03937158267027243 0.027926592558271325
0 0.5688734379376392 0.47942716060658946 0.03315794533736351 0.0308333377489479
0 0.6895030165897763 0.5907143793883962 0.08515679734245403 0.07013393992586625
0 0.8010110392266412 0.8142287796585487 0.1208943026734545 0.054201405079475865
0 0.5963331772358681 0.7390849028020412 0.02374658267027261 0.027380955534962937
0 0.5317017966263655 0.31556306804831813 0.020585220003181703 0.024146828130301133
0 0.5627934238940503 0.8004390650530933 0.0775079293443632 0.08392362141421188
0 0.3093791645846856 0.6149553997219983 0.058776110677908555 0.0848313569862416
0 0.47679338391154946 0.6684772477225653 0.04249658267027243 0.028035719962933213
0 0.5436365332590943 0.5660814232204613 0.026871582670272433 0.02749008293962447
0 0.0773955572883657 0.3340873125212045 0.04722044533736345 0.031324411069925694
0 0.11413139393700292 0.4682366232283105 0.023710220003181702 0.024255955534962938
0 0.40123249928391136 0.3782217807548571 0.048910214672181596 0.04231647477225655
0 0.8579921239656378 0.2831895999843016 0.11177384134309065 0.07574902286549072
0 0.9762757632479584 0.6632541006172736 0.033703385343726924 0.07770833774894789
0 0.9743694599379573 0.4912426913614466 0.0394261266709087 0.03261409255827132
0 0.7952888452419133 0.7014832429980599 0.050509077339272325 0.04549603847458741