0 0.719418904394062 0.23584583011403568 0.030642246239076344 0.03384921034428627
0 0.6747178213245363 0.3357441371929446 0.04006271034569906 0.035739092558271325
0 0.6773393337944416 0.6940650686812904 0.038909387305303154 0.04974702885594055
0 0.8159672954602888 0.2548264978073833 0.04180706677218957 0.04204365626060227
0 0.8514802127864745 0.5097148944493387 0.03367631802583091 0.0308333377489479
0 0.8987079361308041 0.1211360332867458 0.027335389812585476 0.02749008293962456
0 0.9639370971887835 0.4316940765706566 0.02613660266556721 0.0399355192372937
0 0.09571726075404567 0.6878025895630465 0.027335389812585563 0.02749008293962447
0 0.21429846153283322 0.49839040389834954 0.03358538981258556 0.027708337748947896
0 0.42091555674305986 0.1426935085223385 0.030642246239076344 0.03384921034428627
0 0.3822658968722146 0.28963050670824 0.032659387305303156 0.04952877404661713
0 0.21993807845067223 0.10211560462398897 0.03872753087881246 0.043497028855940555
0 0.24948317445232168 0.04461312867060608 0.030642246239076344 0.033849210344286264
0 0.1128469924781526 0.06949902286549077 0.030278533386094875 0.021349210344286274
0 0.7358993622324784 0.29261418528617883 0.027517246239076344 0.03374008293962456
0 0.9159077403000746 0.7390775014355804 0.03367631802583091 0.0308333377489479
0 1 0.0685604953125 0.665518384375 0.033562117187500004 0.6761911406250001 0.1907547734375 0.73191724375 0.6326998578125 0.7530904359374999 0.7818826546875 0.7792459953125 1 0.996735640625 1 1 0.9202447749999999 1 0.0685604953125
0 0.728724409375 1 0.638730340625 0.539019534375 0.531735325 0.0195637671875 0.5174603953125 0.018070115625 0.067805828125 0.00236783125 0.12716255781250002 0.5794969125 0.160868140625 0.9801481015625001 0.350593925 1 0.728724409375 1
0 0.1118232970431344 0.8389930673305279 0.09710964687221457 0.2796726310328587
0 0.04664692643087871 0.7984747055349628 0.04901181301126602 0.0750744110699257
0 0.09561299452321666 0.36234872177703165 0.0275172462390763 0.03374008293962456