0 0.007317091845014352 0.3732193116883973 0.014634183690028705 0.03481137662320544
0 0.01483877216983077 0.7118999821430926 0.02967754433966154 0.028670470779006862
0 0.04066154229459749 0.9909738275167099 0.027017141066226814 0.016088650162155816
0 0.31827131221984317 0.22557710389832933 0.02742631802583091 0.030151150162155815
0 0.360833233769171 0.3193174212687694 0.03845474623907634 0.0334670649348082
0 0.35891641495191723 0.6535560535740178 0.03569345909205772 0.04591251785690744
0 0.40931516402748047 0.021746946025535757 0.03206835391920819 0.028670470779006797
0 0.22879963526023905 0.2411941956184987 0.04019910266556703 0.03974433847375849
0 0.19534932310690287 0.4783765957806544 0.030505853919208282 0.028643197240056394
0 0.1520362099499876 0.11525503287444117 0.027335389812585563 0.02702615016215577
0 0.09054581433141425 0.40368233319875274 0.02296613855894436 0.037881829545304765
0 0.9022799700456243 0.6573461120192994 0.027335389812585476 0.027026150162155815
0 0.7911248243605441 0.47890924067109975 0.03202288981258565 0.02710797077900686
0 0.5986467854976659 0.14337866396516877 0.027471782132453625 0.03171365016215581
0 0.6352482120615586 0.2809508019524599 0.031005959092057722 0.045830697240056485
0 0.785516299683431 0.10810186283007832 0.035557066772189574 0.041225017856907444
0 0.7589825434152246 0.053905286531184426 0.02898881802583091 0.030178423701106107
0 0.8862891894960164 0.07979385633725655 0.027153533386094608 0.02077615016215577
0 0.30427099670129476 0.277357792209932 0.02430131802583091 0.030096603084255057
0 0.1360412046062182 0.6918038961049661 0.03202288981258557 0.02710797077900686
0 0 0.8857743843750001 0.0046454296875 0.9994110234375 0.25687121875 0.99500840625 0.288124684375 0.73479225 0.3079006609375 0.595728871875 0.3599494078125 0.18364768125 0.3723462 0.0011865953125 0 0.033656840625000004 0 0.8857743843750001
0 0.50025100625 0 0.3949381765625 0.5097077062500001 0.30006788281249996 0.9942544046874999 0.48836335000000003 0.9909676953125001 0.8386829015625 0.9604182734375 0.8727476781249999 0.5558869890625 0.9299935078124999 0 0.50025100625 0
0 0.8868415234899789 0.8122245267919517 0.09278585972519622 0.2905352711033181
0 0.9484298928485935 0.7619557455423637 0.04731292069139812 0.06954093262955982
0 0.902528988783736 0.3535898664835263 0.02586381802583091 0.030123876623205436