0 0.3598432372253022 0.9944078826931598 0.04012703301668683 0.011184234613680389
0 0.7060498518791947 0.9605524803357992 0.034695904567984215 0.036701219414791805
0 0.20525307101021456 0.6954625428373961 0.03280585594746528 0.030414851823611144
0 0.30022473428462615 0.6444832307170489 0.03971095318850324 0.043060322188333444
0 0.639730969585305 0.6140573804120492 0.05196529172311415 0.038663762917777865
0 0.006811085482393013 0.6233290504368403 0.013622170964786027 0.036701219414791805
0 0.2232008095902538 0.7858336229095141 0.04439845318850324 0.04316942496187508
0 0.4651426481248645 0.7961580995425004 0.034532130257724704 0.03357621941479181
0 0.09645352386003359 0.8759657007974309 0.029598968792335523 0.028779616641249818
0 0.3911142486452629 0.9102011093261462 0.041935194482076096 0.025945557370694417
0 0.6341802481909777 0.06325729340607691 0.02959896879233561 0.028779616641250016
0 0.4553448400049488 0.1920693583762157 0.031489017412854634 0.03506598423243057
0 0.11802082315792113 0.4196611494106598 0.03593085594746528 0.030487587005972296
0 0.2559612364323327 0.369681946047778 0.050239017412854546 0.0355023953265972
0 0.0777653946183616 0.23255988649288203 0.04571529172311404 0.03851829255305557
0 0.023661070783071936 0.2649353221883334 0.034532130257724794 0.03357621941479172
0 0.04702772896910084 0.13250468189572923 0.023348968792335535 0.028634146276527783
0 0.2587089416570009 0.7053109747331252 0.032642081637205854 0.027289851823611145
0 0.682831437134445 0.8364239961033686 0.031489017412854634 0.03506598423243048
0 0.5806282875 1 0.951415875 0.9503156 0.9653063015625 0.6852704578125 0.7235694515625 0.678752659375 0.5819686234375 0.6718155218749999 0.1624846703125 0.657911928125 0 0.6619892734375 0 0.8070549093749999 0.020372575 1 0.5806282875 1
0 0 0.5358187015625 0.4930494484375 0.59157459375 0.967671496875 0.64013985625 0.9758584015625 0.48392440625 0.9351638109374999 0.0985130484375 0.53146963125 0.10208621874999999 0 0.09683348593749999 0 0.5358187015625
0 0.7888268046134128 0.06763893493295205 0.29422139077317444 0.10516550436840302
0 0.737953701379481 0.02343368683281312 0.07409259724103805 0.014209276785486174
0 0.3252655936229934 0.0920485617390975 0.034286468792335524 0.028888719414791673