0 0.1568520472226433 0.6326000587972842 0.03299430718159235 0.0329696302577247
0 0.2637014900410509 0.5957407886708964 0.03461134933607006 0.042426517412854636
0 0.6171037459929792 0.6248905416115724 0.05022725897699054 0.04168288896415202
0 0.15741110430603975 0.7286938087972843 0.040861349336070066 0.04275406603337366
0 0.40233323974646334 0.7830659690194781 0.03144089754067192 0.034450243102594945
0 0.014033809028304084 0.8002899270692214 0.018904536104353505 0.027545145861557076
0 0.30448206790709864 0.8890061097926525 0.039198855386194255 0.025484678878243728
0 0.7176965601084586 0.049913795795443895 0.026717036104353477 0.027954581637205787
0 0.5096391412941561 0.15303323100526578 0.028315897540672097 0.034286468792335524
0 0.11914647238165763 0.3305772133652686 0.032994307181592394 0.03296963025772479
0 0.2713720477136226 0.3022807157401178 0.04862839754067192 0.035351001809022266
0 0.11562552088084713 0.12835629409796323 0.04396816861791084 0.03979284034363308
0 0.05402949072842197 0.15268458672558843 0.03299430718159235 0.03296963025772479
0 0.10327044574527389 0.019595447761436378 0.02204771682251274 0.030833920171816527
0 0.20854635742929775 0.6525540326780025 0.032976126463433175 0.029844630257724703
0 0.6169275257526209 0.8632536787667021 0.0314408975406721 0.034450243102595125
0 0.9639834171875 0.9497846687499999 0.9790377234375001 0.7646104578124999 0.689769315625 0.7066008140625 0.5461884828125 0.6744417031250001 0.119548428125 0.5860855953125 0.0033110671875 0.569124 0.00557444375 0.9581655874999999 0.48398735625 0.974940196875 0.9639834171875 0.9497846687499999
0 0.041656171874999995 0 0.0059668265625 0.438993725 0.470757628125 0.575325046875 0.978645815625 0.7183246359375 1 0.4770593515625 1 0.13731982812500002 0.6051059953125 0.0730120890625 0.20504162343750001 0 0.041656171874999995 0
0 0.8619414637974506 0.07905798394594184 0.2761170724050988 0.1098065264579661
0 0.8370232770291672 0.017708763286783523 0.07372839149054791 0.035417526573567046
0 0.3955806655928487 0.025376299752172777 0.032976126463433085 0.02984463025772479