0 0.30592164131127375 0.1714564290046682 0.02848862667090888 0.03206835391920828
0 0.3476722419637289 0.27739419193679193 0.03786362667090888 0.03234113855894431
0 0.33331610391473115 0.6380361752437445 0.03650112133990877 0.049483174452321775
0 0.20891937197645563 0.17957515439406196 0.03793635200509069 0.03859113855894436
0 0.16456774594209356 0.4314953555685609 0.031577264003817974 0.029034282132453626
0 0.1308772826623184 0.03585023495630522 0.025290901336727158 0.02572742570596289
0 0.054648400620638485 0.34076740399835054 0.022311352005090667 0.038136497492717504
0 0.9156104359086861 0.6995255370140046 0.025290901336727244 0.02572742570596276
0 0.8031029872692755 0.49540267517723746 0.031540901336727246 0.025909282132453627
0 0.6098284386537278 0.11308896568946833 0.028488626670909057 0.03206835391920828
0 0.6432210992998197 0.26567440808847864 0.03025112133990877 0.04930131802583091
0 0.8116636586569095 0.09551633544379419 0.0348477146721816 0.04162521034569897
0 0.7842204586648638 0.03610423152458593 0.02843408267027243 0.027380853919208258
0 0.9213113786600913 0.07526132290738187 0.028343176002545434 0.019568353919208258
0 0.28886995397041043 0.22644780588513003 0.025363626670908877 0.03197742570596294
0 0.0924092932447768 0.6552534528238516 0.031577264003818016 0.029034282132453626
0 0.2095193359375 1 0.253801903125 0.71720860625 0.2802654234375 0.569613421875 0.35164808125 0.1315529875 0.3639176125 0.0128883953125 0 0.008652540625 0 1 0.2095193359375 1
0 0.8386994 1 0.88824870625 0.5868296328125 0.965948578125 0.0281062328125 0.49563657968749997 0.014421551562500001 0.49305738125 0.01439153125 0.37695393906249997 0.48627464531250003 0.2563482453125 1 0.8386994 1
0 0.893370714552869 0.8544017985611383 0.07703740404199806 0.2911964028777234
0 0.9626934265595505 0.8173411743193076 0.04613066000954476 0.07163095909205772
0 0.9272410159532296 0.3716278575471179 0.0253636266709087 0.03197742570596294