0 0.04714017748832954 0.7731752284032739 0.04341503087881239 0.04439845318850324
0 0.39761153892938517 0.8290998383074681 0.03220474623907625 0.034450243102595125
0 0.41476559817972747 0.723586822703636 0.04488660266556703 0.041355340343633175
0 0.3266340785171792 0.3911251255080264 0.04373327962517113 0.05533595318850333
0 0.537968451307513 0.994428848936489 0.03850021034569906 0.011142302127021964
0 0.30579611196978107 0.8383719397323777 0.04663095909205772 0.04768722749876275
0 0.21303326511020176 0.6112971053816384 0.035375210345698974 0.03617651741285464
0 0.2639770218406263 0.9846112350177656 0.030551318025830908 0.0307775299644689
0 0.1294274917532368 0.7148924168924562 0.027699102665567032 0.04045458163720568
0 0.8554136110453442 0.23496357247649327 0.030551318025830908 0.03124335594746528
0 0.7930259566512824 0.44295313489182214 0.036846782132453626 0.03313340456798421
0 0.6917252517823667 0.8319946234718614 0.032295674452321774 0.03757524310259512
0 0.6921153598582099 0.6841336555840372 0.04056281551854859 0.05360967887824373
0 0.883949855701575 0.8139007999752561 0.04198892319868044 0.049004066033373664
0 0.8719977734899789 0.8750872834669128 0.03537521034569906 0.036176517412854284
0 0.890173460478713 0.9495893164835995 0.04300585391920819 0.03033595318850324
0 0.37085046212806566 0.7807508695151325 0.029079746239076342 0.034286468792335614
0 0.09902590406485753 0.41518898801421233 0.036846782132453626 0.03313340456798421
0 0.4956233484375 1 0.4485794375 0.8587018499999999 0.29116590625 0.4631482421875 0.2358872359375 0.33028577187499997 0.1386744328125 0.0816239890625 0 0.10873510625 0 0.6365328921875 0.0790142578125 1 0.4956233484375 1
0 0.68278648125 1 0.974084940625 0.94305059375 0.9814311046874999 0.6905793296875 0.852444365625 0.3435679359375 0.7456167046875 0.039076115625000005 0.43860772187499997 0.022986456250000002 0.182509159375 0.073054215625 0.3983264203125 0.524244603125 0.6319931265625 1 0.68278648125 1
0 0.8003744215493278 0.13662124773669246 0.13675115690134448 0.19594102103089917
0 0.8729541152019793 0.11616930687266105 0.06004024122451135 0.0795923247398008
0 0.9334714487337233 0.5371645595861946 0.03225021034569906 0.03601274310259513