0 0.65546875 0.97109375 0.03359375 0.03359375
0 0.31796875 0.96796875 0.0265625 0.0296875
0 0.034375 0.95234375 0.025 0.025
0 0.77109375 0.64765625 0.028125 0.025
0 0.675 0.61015625 0.0296875 0.03515625
0 0.3453125 0.62578125 0.04375 0.03125
0 0.96484375 0.5515625 0.0265625 0.0296875
0 0.76328125 0.73671875 0.03515625 0.03515625
0 0.53203125 0.77890625 0.0265625 0.028125
0 0.89375 0.80703125 0.0234375 0.0234375
0 0.61484375 0.87890625 0.03515625 0.01875
0 0.2953125 0.09296875 0.0234375 0.0234375
0 0.48125 0.19375 0.0234375 0.0296875
0 0.828125 0.36953125 0.0296875 0.025
0 0.68984375 0.33984375 0.04375 0.0265625
0 0.846875 0.184375 0.03828125 0.03125
0 0.90234375 0.20859375 0.028125 0.0265625
0 0.9765625 0.2078125 0.01796875 0.03671875
0 0.86640625 0.084375 0.01796875 0.025
0 0.72109375 0.6640625 0.028125 0.021875
0 0.32734375 0.8453125 0.025 0.0296875
0 0 0.9941175 0.9974999999999999 0.9974999999999999 0.9974999999999999 0.585295 0.8088225 0.6058825 0.4073525 0.67353 0.27206 0.69853 0 0.7426475 0 0.9941175
0 0.3980775 0.11730750000000001 0 0.1673075 0.003845 0.7 0.48461499999999996 0.584615 0.9974999999999999 0.45576999999999995 0.9961550000000001 0.03077 0.3980775 0.11730750000000001
0 0.14453125 0.1140625 0.28046875 0.06328125
0 0.18828125 0.05078125 0.065625 0.040625
0 0.5953125 0.08046875 0.02890625 0.0234375