0 0.2980440101553408 0.7390625 0.026798849336070064 0.040625
0 0.37030482953537747 0.80703125 0.07991475897699045 0.0390625
0 0.07498882611753188 0.5390625 0.0455761204133089 0.0453125
0 0.43587737090428824 0.27890625 0.0597204336450254 0.059375
0 0.7956619579437183 0.07421875 0.05822156615858276 0.0703125
0 0.8931954880961435 0.0953125 0.06125566256778683 0.0546875
0 0.5262205697728201 0.32734375 0.07375566256778647 0.0546875
0 0.4242626391528567 0.3953125 0.04240566861791084 0.0375
0 0.4067297055078313 0.4546875 0.09248748184962743 0.0515625
0 0.25832402176460995 0.44921875 0.07844316256778665 0.0546875
0 0.275225175453602 0.4984375 0.05654998184962743 0.0515625
0 0.29219450683569115 0.5359375 0.04862839754067192 0.0328125
0 0.16068997678146185 0.5796875 0.06121021077238851 0.046875
0 0 0.5240381390625 0.0189562765625 0.532322871875 0.04371956875 0.45377910468750005 0.022722670312500002 0.44427234687499995 0.0197989 0.4476134 0 0.4833444453125 0 0.5240381390625
0 0.0160107515625 0.706536271875 0.056603709375 0.703698890625 0.076262396875 0.6678372125 0.049620632812499996 0.6681324171874999 0.031285025 0.6756847546875 0.039910984375 0.6390245718750001 0.0103481015625 0.6426606453125 0.0052778515625 0.6467456640625 0.0077810484375 0.6857916375 0.0160107515625 0.706536271875
0 0.7266710634281083 0.115625 0.07996930113146802 0.0484375
0 0.1713280158126816 0.496875 0.04249657220870704 0.053125
0 0.0779052687395478 0.440625 0.028270445745273865 0.025
0 0.08543596760807966 0.4890625 0.050272710772388506 0.046875
0 0.5541415575743758 0.228125 0.06752384328594588 0.0578125
0 0.3871307986955812 0.33203125 0.04402271077238851 0.046875
0 0.6455841690106943 0.221875 0.0298602168225127 0.0296875
0 0.6012892683467643 0.18125 0.042460210772388506 0.046875
0 0.37441769613805737 0.234375 0.053434072208706954 0.053125
0 0.31268024453905097 0.371875 0.05490566861791084 0.0375
0 0.10554795882748094 0.6578125 0.03298521682251274 0.0296875
0 0.061289419599869464 0.6109375 0.034547716822512745 0.0296875
0 0.5658183591968233 0.50390625 0.0376818071815924 0.03125
0 0.8079604074014253 0.51171875 0.02989657825883114 0.0359375
0 0.24476395317014016 0.9 0.06756929508134402 0.065625
0 0.12016340808879625 0.965625 0.1019624757995032 0.06875
0 0.433982031036188 0.6046875 0.05020907825883114 0.0359375
0 0.3101445552366847 0.6734375 0.07219316256778666 0.0546875
0 0.1813332331261736 0.79140625 0.048610216822512695 0.0296875
0 0.47141996116517204 0.2125 0.05812157220870695 0.053125
0 0.6686449399897373 0.15234375 0.03779089149054773 0.05
0 0.6933540484991895 0.20234375 0.06891362646343317 0.028125
0 0.7449709515625 0 0.7388697859375 0.06867895 0.8439961359374999 0.0205725140625 0.83946208125 0 0.7449709515625 0
0 0.6193117859374999 0.06292743125 0.5763157234375 0.150586025 0.6281985828125001 0.1281473703125 0.630279234375 0.0872436609375 0.6645893625 0.059762601562499996 0.6721728453125 0.10469450312499999 0.69721375 0.0794283609375 0.7012203703125001 0.019577900000000002 0.6193117859374999 0.06292743125
0 0.4207659761922867 0.190625 0.036137487899751616 0.034375
0 0.34043306069763374 0.3015625 0.04395907825883114 0.0359375
0 0.46752071800086314 0.7484375 0.02668067466803503 0.0203125
0 0.5998792209277293 0.6921875 0.031404536104353474 0.0265625
0 0.7153648830045366 0.31328125 0.0392352168225127 0.0296875
0 0.9266518409482547 0.3875 0.05029998184962707 0.0515625
0 0.9295006267580206 0.16640625 0.09729315651766228 0.071875