0 0.2890625 0.7390625 0.021875 0.03671875
0 0.353125 0.80703125 0.0734375 0.03203125
0 0.0921875 0.5359375 0.03984375 0.03984375
0 0.4453125 0.31640625 0.053125 0.053125
0 0.7953125 0.14765625 0.05 0.06328125
0 0.8859375 0.1734375 0.0546875 0.046875
0 0.52734375 0.36796875 0.06640625 0.046875
0 0.428125 0.425 0.03828125 0.03203125
0 0.4078125 0.47890625 0.08359375 0.04296875
0 0.26875 0.46484375 0.0703125 0.046875
0 0.28203125 0.5109375 0.05 0.0453125
0 0.2953125 0.54765625 0.04375 0.028125
0 0.16953125 0.58046875 0.0546875 0.03984375
0 0.048530000000000004 0.44411750000000005 0.045587499999999996 0.44706 0.005882500000000001 0.5088225000000001 0.039705000000000004 0.52647 0.0676475 0.4544125 0.048530000000000004 0.44411750000000005
0 0.064705 0.689705 0.085295 0.6573525 0.060295 0.6558824999999999 0.0426475 0.661765 0.05294 0.6279399999999999 0.025 0.6294125 0.010295 0.639705 0.02647 0.689705 0.064705 0.689705
0 0.72890625 0.18203125 0.071875 0.04140625
0 0.184375 0.503125 0.03671875 0.046875
0 0.10078125 0.44453125 0.025 0.021875
0 0.1046875 0.48984375 0.04375 0.04140625
0 0.559375 0.2765625 0.06015625 0.05
0 0.396875 0.36328125 0.03828125 0.04140625
0 0.6453125 0.2765625 0.0265625 0.0265625
0 0.60625 0.23515625 0.03671875 0.04140625
0 0.39140625 0.2703125 0.046875 0.046875
0 0.325 0.3953125 0.05 0.03203125
0 0.11328125 0.65 0.0296875 0.0265625
0 0.07421875 0.603125 0.03125 0.0265625
0 0.55390625 0.53515625 0.03359375 0.0265625
0 0.78125 0.55859375 0.0265625 0.03203125
0 0.2296875 0.8859375 0.05859375 0.05703125
0 0.10859375 0.94296875 0.09140625 0.06484375
0 0.42421875 0.62109375 0.0453125 0.03125
0 0.3046875 0.678125 0.06484375 0.046875
0 0.1765625 0.78046875 0.04375 0.025
0 0.4828125 0.25625 0.0515625 0.046875
0 0.671875 0.2125 0.03203125 0.0453125
0 0.6921875 0.2609375 0.06328125 0.021875
0 0.8323525 0.024030000000000003 0.7573525 0.0431475 0.7426475 0.138735 0.8441175 0.10049999999999999 0.8323525 0.024030000000000003
0 0.85147 0.00197 0.839705 0.046087499999999997 0.87647 0.07844 0.8941174999999999 0.0005 0.85147 0.00197
0 0.6352949999999999 0.187265 0.639705 0.14903 0.67353 0.1255 0.67794 0.1681475 0.70294 0.14608749999999998 0.710295 0.09020500000000001 0.6308825 0.1255 0.585295 0.2049125 0.6352949999999999 0.187265
0 0.43671875 0.23203125 0.03203125 0.03125
0 0.35546875 0.33125 0.03984375 0.03125
0 0.446875 0.75859375 0.0234375 0.01796875
0 0.57421875 0.71484375 0.028125 0.0234375
0 0.70625 0.3671875 0.03515625 0.025
0 0.9 0.45078125 0.04375 0.0453125
0 0.915625 0.24296875 0.08671875 0.06171875