0 0.26875 0.7218771893698165 0.0265625 0.04093408267027243
0 0.33125 0.7999481927116344 0.0796875 0.03998974801081765
0 0.07578125 0.49072554467695406 0.0453125 0.045839758672817865
0 0.46484375 0.28900269672976986 0.059375 0.060065890674726855
0 0.84765625 0.1418946234484038 0.0578125 0.07098520934118144
0 0.940625 0.17657016279435775 0.0609375 0.055396572008272395
0 0.54765625 0.3509038074076784 0.0734375 0.05554202267663584
0 0.4390625 0.40276520472627003 0.0421875 0.03799089600572696
0 0.4140625 0.4571618033895429 0.0921875 0.052635198679181275
0 0.26796875 0.43046184870304377 0.078125 0.05559656667727229
0 0.278125 0.4805800273710892 0.05625 0.052217028007635946
0 0.28984375 0.52056013737268 0.0484375 0.03337612133990877
0 0.1546875 0.5439874520209991 0.0609375 0.047584072008272395
0 0.033428362499999996 0.39304140468750004 0.00347954375 0.43282031718749997 0.00131478125 0.463752675 0.0213569 0.47629376562500003 0.056172678125 0.4026959203125 0.0367517390625 0.3901911109375 0.033428362499999996 0.39304140468750004
0 0 0.6477090875 0.0356980671875 0.6506207234375 0.05982149531249999 0.6182692515625 0.033539421874999996 0.61456625625 0.014476084375 0.6192514625000001 0.027837926562499997 0.5844602390625 0 0.5836585796875 0 0.6477090875
0 0.77421875 0.1722901007717679 0.0796875 0.049364748010817694
0 0.17578125 0.4637641500238626 0.0421875 0.05361589600572714
0 0.09140625 0.3955948580124085 0.028125 0.025327264003817972
0 0.0921875 0.44247894867918125 0.05 0.04745680267345413
0 0.5890625 0.2576356127466327 0.0671875 0.05859429734245412
0 0.4109375 0.33525044072245197 0.04375 0.0473840773392725
0 0.67890625 0.26493103942549573 0.0296875 0.030032945337363514
0 0.64140625 0.21840093742040506 0.0421875 0.04736589600572696
0 0.41171875 0.2368220313892247 0.053125 0.05374316534054513
0 0.33203125 0.363238533378407 0.0546875 0.038136346674090583
0 0.08984375 0.6127641766788632 0.0328125 0.030069308004454242
0 0.05234375 0.5599840746737723 0.034375 0.030087489337999783
0 0.56328125 0.5299918707431328 0.0375 0.03168635200509069
0 0.8015625 0.5741707741088131 0.0296875 0.036282945337363516
0 0.1953125 0.8718039166931806 0.0671875 0.06640679734245403
0 0.06328125 0.9210488440085906 0.1015625 0.0761817866804538
0 0.4203125 0.6095782787237246 0.05 0.036519302673454136
0 0.2890625 0.6588322967059073 0.071875 0.05552384134309048
0 0.146875 0.7556152953532719 0.0484375 0.030251121339908947
0 0.509375 0.229364614735815 0.0578125 0.053797709341181485
0 0.71171875 0.1996878474299501 0.0375 0.05043635200509065
0 0.7296875 0.2530219327657227 0.06875 0.02892497867599957
0 0.901957065625 0.09625542031249999 0.8970401812500001 0.0369808125 0.8141618796874999 0.030221020312500003 0.7920205953125 0.127847803125 0.901957065625 0.09625542031249999
0 0.937737509375 0.07577285624999999 0.9481987125 0.041153448437500004 0.901702075 0.03736105 0.9013156609375 0.0384831375 0.937737509375 0.07577285624999999
0 0.6750158140625 0.10426506875 0.6210306437499999 0.1841014765625 0.675114484375 0.16979250625 0.682592153125 0.12984328750000002 0.7200355109375 0.1079370046875 0.7215427265625001 0.1532997671875 0.7495616984375 0.13218415781249998 0.7614508515625 0.073874546875 0.6750158140625 0.10426506875
0 0.4625 0.19991292472945163 0.0359375 0.034793170671545234
0 0.36875 0.298040794716725 0.04375 0.0364465773392725
0 0.43359375 0.756607820058861 0.0265625 0.02062158267027243
0 0.571875 0.7207168680776328 0.03125 0.02692612667090888
0 0.73671875 0.36560374876667723 0.0390625 0.030142033338636055
0 0.93515625 0.47103777812694875 0.05 0.052144302673454136
0 0.959375 0.2517883387969031 0.08125 0.0728204293443631