0 0.27054801362536207 0.7625444302583094 0.026364092558271414 0.03978992570596276
0 0.3378148699786315 0.8294113330030187 0.07787202885594055 0.03972774122451135
0 0.06163434901205733 0.5640828835443794 0.04527778366526396 0.04502299498543501
0 0.4148957913849943 0.32410771905468055 0.05821429328391083 0.05788670783841656
0 0.7662747860275166 0.1380388045649818 0.05708830290255769 0.07034124373179385
0 0.860123989748381 0.160320633015654 0.06112103847458741 0.051727636051661904
0 0.4999776303150686 0.3735059769722394 0.07211310217691817 0.05360838479802066
0 0.4008109548171726 0.43631220236163315 0.04187996515360979 0.03711956677218975
0 0.38244041153326186 0.49208482924209507 0.08924603847458741 0.05254598997087001
0 0.2404166026402544 0.48326009553943106 0.07680060217691817 0.05374477711788863
0 0.25521322342149416 0.5298312186589692 0.05487103847458741 0.051545779625171304
0 0.27033722641671903 0.5670273417785073 0.04796627404661713 0.032613923198680436
0 0.14311003830495136 0.6047737311953816 0.060902783665263985 0.045477636051661816
0 0 0.5517657375 0.00851385 0.5557861609375 0.0344589484375 0.4811266359375 0.0145844484375 0.4714203546875 0.0116867484375 0.4745439828125 0 0.494262884375 0 0.5517657375
0 0 0.7205633687499999 0.0008253703124999999 0.7228348875 0.039840676562499996 0.72124578125 0.0596980515625 0.6873906859375001 0.034135464062499996 0.6869303343750001 0.016337425 0.6936639046875 0.025634675000000003 0.6587348484375 0 0.661133828125 0 0.7205633687499999
0 0.6992311297669145 0.17675431208682918 0.0781994110699257 0.049102741224511394
0 0.155267787123825 0.5253590158351177 0.04237103847458741 0.051182066772189574
0 0.0680604530030741 0.46964256175762475 0.027380955534962847 0.024210389812585477
0 0.07348207378431386 0.5159409002374268 0.050019847367594815 0.046721887305303154
0 0.5298412343060853 0.279747616784825 0.06753472958158006 0.0565969924781526
0 0.367001439208076 0.37432902790931155 0.04376984736759475 0.04654003087881238
0 0.6183407391154088 0.2760663388090065 0.03072421034428636 0.030551318025830908
0 0.5767360816736802 0.23575357587688278 0.04220734736759475 0.04649456677218975
0 0.35777526134792736 0.28021531505633007 0.051746038474587405 0.05145485141192578
0 0.29535212850097003 0.41056439311129084 0.0528174651536097 0.03743781551854859
0 0.08736598059307028 0.6782279515702103 0.032286710344286276 0.030596782132453627
0 0.04595229610949968 0.6324464386380866 0.033849210344286264 0.030642246239076344
0 0.5339285004633362 0.5434153116911178 0.03697421034428618 0.0307331744523216
0 0.7656869319516819 0.557979231524586 0.030887901451278843 0.03523881802583091
0 0.21517348894577273 0.9149958288463835 0.06629961179556502 0.06592652837152997
0 0.09351425455486939 0.969886602665567 0.10062004809323422 0.060226794668865935
0 0.40476430091882304 0.6366304511079919 0.049637901451278846 0.03578438730530316
0 0.28369534356976167 0.6995814290046682 0.07055060217691818 0.05356292069139794
0 0.15711050700194013 0.8085124966347876 0.047857146641955416 0.02948892319868044
0 0.4506993713293939 0.26180394734706824 0.05799603847458741 0.05163670783841656
0 0.6425619783156356 0.209515336301724 0.03762897477225646 0.049483174452321685
0 0.6643352853945445 0.25785354790106424 0.06811508293962447 0.028517456584775315
0 0.8141641546875 0.0878668421875 0.8019001250000001 0.0233329109375 0.7600051171875 0.022113890625 0.7235847734374999 0.03297374375 0.7119857828125 0.1310835484375 0.8141641546875 0.0878668421875
0 0.809784034375 0.023562309375 0.8077226984375001 0.032549828125 0.8463908359375001 0.0640211609375 0.853827859375 0.024843853125000002 0.809784034375 0.023562309375
0 0.59746825625 0.1222290578125 0.5537801390625 0.20512399218750002 0.60417170625 0.1850455765625 0.6073092609375 0.1458628328125 0.6409861140625 0.1204565625 0.647005790625 0.16377345625 0.6717299203125 0.14023335625 0.6772437375 0.0829278765625 0.59746825625 0.1222290578125
0 0.4029984813108605 0.23930081004176512 0.035520837748947896 0.03381271034569906
0 0.3234796177011968 0.3441270508705651 0.04338790145127884 0.03560253087881247
0 0.4319666632625424 0.775843715293757 0.027271828130301046 0.021085389812585655
0 0.5604116109929569 0.7256200579301941 0.03061508293962447 0.02742631802583091
0 0.6824726717848809 0.36552129539378175 0.038482146641955414 0.029216138558944317
0 0.8838962733288269 0.44254811130804167 0.05018353847458741 0.05140938730530316
0 0.8921254686969888 0.22928959336135302 0.09458830290255733 0.07143238229073816