0 0.7236936017125238 0.7075020078968359 0.029780341901054184 0.040788626463433175
0 0.6688840849066098 0.7868895260472085 0.0815338428896375 0.0457761083130606
0 0.8942448181378768 0.47250081488203655 0.0487850098858317 0.04714771077238851
0 0.5092371012554133 0.31319242993259233 0.06342051285158128 0.06129202400410509
0 0.13622270699663191 0.20474710821486464 0.06386618182494201 0.0722295240041051
0 0.049379281597480534 0.24565793364502547 0.06479201186299809 0.056613614363184704
0 0.4346880874152489 0.3783992734149299 0.07735567885919252 0.05824883723582168
0 0.541690162510389 0.41809355337096327 0.04377917490485981 0.039307939695149584
0 0.5693084851340713 0.46904752019347606 0.09298067885919252 0.05833974082661779
0 0.7068058265408339 0.43155713143340274 0.0821068458553869 0.05983860831306061
0 0.699395233156905 0.47918156517662414 0.060040844866803764 0.055023843285945874
0 0.6907723082520452 0.5182031585607658 0.04990184091247087 0.03621930113146821
0 0.8216084727767816 0.5291229987234537 0.06297484387822046 0.050354524004104916
0 0.9069903984375 0.3866700078125 0.94470438125 0.45368365624999996 0.9762111250000001 0.43037390468750003 0.9281007406249999 0.3756068625 0.924755790625 0.37317588437500004 0.9069903984375 0.3866700078125
0 0.97759191875 0.5557515296875 0.9733211109375001 0.5536971171875 0.9451293640625 0.556969875 0.9600033890624999 0.5889062296875001 0.9415289484375 0.5860418578125001 0.916679646875 0.5917460203125 0.9416721671875001 0.6204694843749999 0.9751860484374999 0.6147958250000001 0.97759191875 0.5557515296875
0 0.20792395205371603 0.22860730991206685 0.0802896778706093 0.0535795179539809
0 0.7965076550960153 0.4547406222600207 0.047477177870609386 0.05338862041330898
0 0.8721244204190544 0.38250707395722283 0.029207338935304604 0.026726126463433177
0 0.8749655775294171 0.4278468450344617 0.0519100098858317 0.04716589149054791
0 0.3905016887078432 0.29296576746300157 0.0711693458553869 0.05977497579950315
0 0.5647085098486506 0.35180547803899836 0.0456600098858317 0.047129530054229284
0 0.30395935224399645 0.3073095477136226 0.032523339923887826 0.0314318071815924
0 0.3371511956279254 0.25983510489521494 0.0456600098858317 0.047129530054229284
0 0.558340446122217 0.2587776407049809 0.05691584486680377 0.05500566256778665
0 0.6412564223962208 0.37178670081343945 0.05634284190105419 0.04094316256778665
0 0.8879391269213948 0.588897974522957 0.035648339923887565 0.03144998789975162
0 0.9198231382901014 0.5351644413454697 0.03721083992388756 0.03145907825883114
0 0.43162280133196307 0.5495157493126289 0.040399506920082116 0.03303975897699054
0 0.20638803798609012 0.6115016231437834 0.03277800790866543 0.0376818071815924
0 0.8033108230436119 0.8439349324666751 0.07148768083635879 0.06758747579950324
0 0.9222226491273352 0.8790098901158057 0.08768568380210837 0.08174087939029917
0 0.5720130379860902 0.613628767168414 0.05315417490485981 0.03936248184962743
0 0.7002680305717164 0.6495395169720222 0.07579317885919253 0.05823974687674216
0 0.8415840972638996 0.7292866251868869 0.04821200692008247 0.033085210772388504
0 0.46374552912602257 0.25979017398066395 0.06316584486680377 0.05504202400410509
0 0.26884686460128615 0.24849762909571177 0.042726010874414924 0.05179884933607006
0 0.2558083537268712 0.29999649658215444 0.0685245069200823 0.03320338544042354
0 0.1605063953125 0.09412652031249999 0.08278535625 0.08781089375 0.0813114078125 0.165953384375 0.1881311625 0.1868160484375 0.1605063953125 0.09412652031249999
0 0.0783937421875 0.1110223109375 0.0608693625 0.06959048125 0.018452834374999998 0.07677129375 0.0459221515625 0.1494740375 0.0783937421875 0.1110223109375
0 0.214000015625 0.1330035859375 0.2289058265625 0.18740250625 0.2569285984375 0.20512895000000003 0.2555951609375 0.1619136015625 0.292657978125 0.17960698125000002 0.30223308437499996 0.21693246562500001 0.35470830468750003 0.22602467499999998 0.2983237921875 0.15467995 0.214000015625 0.1330035859375
0 0.5072382025480076 0.22800436367581364 0.03896434091247088 0.03615566861791084
0 0.6022058512554133 0.3137333062978296 0.04684050790866543 0.0377636204133089
0 0.5678455083285949 0.7542628575274936 0.02745383794672147 0.022029536104353476
0 0.4343618462753163 0.7316060866466465 0.03239600593149916 0.02830680718159222
0 0.25610283098945824 0.4078362676593933 0.040335839923887826 0.031477258976990365
0 0.07238972277678166 0.5247641715447771 0.0537271778706093 0.05342498184962743
0 0.03961430384060196 0.3182323704133089 0.07922860768120392 0.07708974082661779