0 0.733869393940993 0.68046875 0.042017081637205675 0.0265625
0 0.7986555902320914 0.60703125 0.04628185775648745 0.078125
0 0.5416907807574385 0.90390625 0.04768722749876275 0.0453125
0 0.2933439704898162 0.57421875 0.06248671189493056 0.059375
0 0.09820404737732359 0.24296875 0.07334232473980082 0.0578125
0 0.11800197026267359 0.1484375 0.056318599050060314 0.0609375
0 0.34015809475464714 0.4859375 0.05845430913596861 0.071875
0 0.40559830902442695 0.57890625 0.03971095318850324 0.0421875
0 0.461152268205824 0.5921875 0.05779256784239593 0.0890625
0 0.45682553708901663 0.734375 0.05869997060135788 0.0765625
0 0.5031206829505737 0.715625 0.05599105042954129 0.0546875
0 0.5384783288121306 0.696875 0.03526911465389269 0.046875
0 0.5804467435568803 0.8203125 0.050068599050060315 0.0609375
0 0.46058252343749995 0.9384766390625 0.4514976328125 0.9590143515625 0.45469042656249997 0.96161533125 0.5201422874999999 0.9939829359375001 0.5356408609375001 0.957717878125 0.46058252343749995 0.9384766390625
0 0.652563234375 0.973343165625 0.70212343125 0.9508579859375 0.6994119609375 0.9123300656250001 0.6651416671875 0.89558514375 0.665423771875 0.9209585468749999 0.67264096875 0.9380134312499999 0.6376076046875 0.9318270875 0.6410823265625 0.9597989515625001 0.652563234375 0.973343165625
0 0.13707511759456864 0.30625 0.055656857756487585 0.078125
0 0.5018270985998343 0.81484375 0.05377345318850324 0.0421875
0 0.4485992000247439 0.90625 0.02647396879233561 0.028125
0 0.49362177295552245 0.896875 0.049413501809022264 0.0484375
0 0.2451698213488988 0.46484375 0.06133364767057934 0.0671875
0 0.3449573801461831 0.61796875 0.049167840343632994 0.04375
0 0.23955830845860007 0.378125 0.031243355947465367 0.0296875
0 0.1997245245374021 0.42265625 0.049085953188503326 0.0421875
0 0.25108787143975586 0.63515625 0.05426477611928178 0.0515625
0 0.3828015388980389 0.6859375 0.041846663274411625 0.053125
0 0.6552929353254229 0.86796875 0.0314071302577247 0.0328125
0 0.6107307078266601 0.91328125 0.031489017412854634 0.034375
0 0.5082397094085398 0.4390625 0.033215291723114146 0.0375
0 0.516493701945308 0.20703125 0.03749335594746519 0.0296875
0 0.8871681343300548 0.721875 0.06906426051544941 0.065625
0 0.9350966220055827 0.8359375 0.04742827792830404 0.1
0 0.6043190920411137 0.55859375 0.040120388964152195 0.05
0 0.6702163297166418 0.67265625 0.05837242198083885 0.0703125
0 0.7829066802370402 0.78828125 0.032144114653892684 0.046875
0 0.2300560764372815 0.54453125 0.0561548247398008 0.0578125
0 0.17257220432015705 0.359375 0.05196529172311406 0.0375
0 0.22005803595736287 0.3328125 0.033126760515449584 0.065625
0 0 0.2945367953125 0.0925714296875 0.2973626875 0.0465997453125 0.199845953125 0 0.21279398437500002 0 0.2945367953125
0 0 0.19978516562499998 0.02193339375 0.1699749765625 0 0.1677515453125 0 0.19978516562499998
0 0.0870751375 0.41162142968750004 0.170843828125 0.44773284999999996 0.14940090156250002 0.39953323749999997 0.1103123203125 0.39982008593749996 0.08405075 0.3686472046875 0.1269887703125 0.3589268484375 0.102843828125 0.3364647 0.045649270312500004 0.33596742812499997 0.0870751375 0.41162142968750004
0 0.20872663105069428 0.59375 0.036258404567984306 0.0359375
0 0.3151979590698555 0.6640625 0.038230340343633 0.04375
0 0.7431259644969224 0.51875 0.02326708163720568 0.0265625
0 0.6886575497521727 0.3953125 0.029762743102595125 0.03125
0 0.3261376175945686 0.30625 0.03173467887824381 0.0390625
0 0.3978842220716959 0.1 0.05410100180902226 0.0484375
0 0.1856332055633525 0.11015625 0.07835072930778511 0.09375