0 0.2179367114402207 0.6683313226014904 0.0411159237011061 0.02836134933607006
0 0.15722530803165402 0.5921142562465158 0.04673072402541769 0.08151362041330898
0 0.39782262905224686 0.9024649072050334 0.04769320616851012 0.04714771077238851
0 0.6749349594116258 0.5742570522116226 0.06359094155801355 0.0628636143631848
0 0.8980592191541538 0.2416753146064587 0.07450116801906326 0.06136474687674198
0 0.8846495097392326 0.14486849229955578 0.057340941558013725 0.06282725292686626
0 0.6342633206135557 0.4822968111886132 0.060684129869616396 0.0753454336450254
0 0.5608724594116258 0.5749206484244348 0.04141593262955982 0.04554884933607006
0 0.5024832609537533 0.5869802868899204 0.05788641233702041 0.09407725292686617
0 0.4972072000761349 0.7323382386853184 0.06076595048646745 0.0800329336450254
0 0.45073162053083016 0.7107314042781672 0.05569662094116268 0.05813066256778665
0 0.416015701293951 0.6914001421779188 0.03524775324641087 0.05019998789975162
0 0.3642640608710278 0.8151512595661657 0.049528441558013545 0.06278180113146803
0 0.4004921515625 0.9570443390625 0.41113662812499996 0.987131171875 0.42524527343749996 0.9892777468749999 0.4828423875 0.9634181453125 0.486286828125 0.960863171875 0.4784782109375 0.9396705624999999 0.4004921515625 0.9570443390625
0 0.2927169703125 0.9560340937499999 0.29825840000000003 0.9276407750000001 0.2620578015625 0.9329030749999999 0.270640778125 0.915742590625 0.2727381265625 0.8899016859375 0.2365634734375 0.905943240625 0.23104835 0.9451132515625 0.27335470625 0.9661682062500001 0.28193432500000004 0.9674735609375 0.2927169703125 0.9560340937499999
0 0.8530700474816424 0.30522473019930735 0.056105724025417913 0.08156816256778665
0 0.44547315056260234 0.8123348108940256 0.05391593262956 0.045621572208706954
0 0.49323058643857304 0.9073791453011768 0.025490923701106106 0.028270445745273775
0 0.4477271716659207 0.8967052657144858 0.05092730032431163 0.053415891490547554
0 0.7323735381461517 0.46297411856659715 0.06216480925276535 0.0706670240041051
0 0.620202594963285 0.6167672599589491 0.05081820616851011 0.04716589149054791
0 0.7449087199649326 0.37539230533488066 0.033385244317957155 0.03300339754067192
0 0.7808831761334428 0.4220627722555893 0.049201159090609535 0.044031801131468026
0 0.7135395377391146 0.6373201335937118 0.05564207386326192 0.055005662567786474
0 0.5760764939076248 0.6849996303722581 0.04316934740221221 0.056495439695149585
0 0.28461351703953797 0.8624944130587661 0.03343979139585782 0.0361283975406721
0 0.32763285997752334 0.9099052233636161 0.0334670649348082 0.0376908975406721
0 0.46533999675029386 0.42858652478967196 0.03349433847375849 0.0392533975406721
0 0.47372169236879247 0.19257630191703506 0.03963524431795697 0.03303975897699045
0 0.058421389605553674 0.7059818344071512 0.06995003571381497 0.06914997579950324
0 0.35883267247999484 0.5487495547457055 0.03840002678536125 0.05178066861791066
0 0.2834662540538945 0.6624807775201466 0.05909435633066593 0.07377384328594587
0 0.1604572223972693 0.777270506246516 0.032122753246410875 0.050181807181592396
0 0.7423991489410445 0.5449553715916593 0.05728639448011279 0.05970225292686635
0 0.8133587110364789 0.3578048295353774 0.0522716120127086 0.04092498184962743
0 0.7667876741048479 0.33072924512822616 0.032450035713814884 0.06893180718159239
0 1 0.213940465625 0.953713271875 0.1994772171875 0.8998348140625 0.297458065625 1 0.29731988593750003 1 0.213940465625
0 0.9449765187500001 0.3381798609375 0.8865611203125001 0.3369884671875 0.860313971875 0.359155078125 0.9034487328124999 0.3703324828125 0.8744199203124999 0.40131035625000006 0.834541665625 0.399857665625 0.8092171765625 0.44832466093749995 0.8972971375000001 0.41402289999999997 0.9449765187500001 0.3381798609375
0 0.7596917889569306 0.5956411728213233 0.03661933847375849 0.03927157825883114
0 0.6452531879012703 0.664282609393215 0.03829093262956 0.045530668617910844
0 0.22052810308095983 0.5034557563447117 0.022365923701106107 0.028252265027114733
0 0.28401213027335814 0.3804177112633679 0.030232970779006774 0.0314227168225127
0 0.660759816556366 0.2993115943661004 0.03195911201270896 0.040806807181592394
0 0.6015955020285949 0.08791555211342679 0.05405230032431163 0.053434072208706995
0 0.8175205109570486 0.10384858256043956 0.07987050649282175 0.1004545179539809