0 0.06535663124999999 0.00038023437500000004 0.05925415625 0.0581106046875 0.18020149531250002 0.007129693750000001 0.196116778125 0.0011409734375 0.06535663124999999 0.00038023437500000004
0 0.3334239125 0.031405571874999996 0.329818496875 0.0019188281250000002 0.2635799046875 0.0015334625 0.0576834546875 0.0729696921875 0.0511858140625 0.1344383796875 0.3334239125 0.031405571874999996
0 0.1533390734375 0.1306649453125 0.047334375 0.1708735984375 0.0419669234375 0.2216505296875 0.1716396640625 0.162743621875 0.1533390734375 0.1306649453125
0 0.46457578125000004 0.11521082499999999 0.6647474671875 0.0220145796875 0.595838559375 0.0119784203125 0.4518975296875 0.085913725 0.10920312968749998 0.2497271875 0.10276849218749999 0.2919258796875 0.46457578125000004 0.11521082499999999
0 0.4699054328125 0.21402683749999998 0.800204675 0.041743092187500004 0.6840360765625 0.0248238484375 0.41561992812500004 0.1492565890625 0.0321251921875 0.3147548578125 0.017526903125 0.45285695312499996 0.4699054328125 0.21402683749999998
0 0.22662204210278442 0.13722833098930573 0.08036211179556503 0.0645170179539809
0 0.3859747055349628 0.025678273513125766 0.0625744110699257 0.047229524004105086
0 1 0.07084205625 0.97019118125 0.066500584375 0.8526782828125 0.1187971125 0.0202267765625 0.5792191015625 0.026011009374999998 0.7448578421875001 0.1587353765625 0.639286796875 0.4246675046875 0.474101478125 0.584414925 0.399327928125 0.8163411109375 0.220051546875 1 0.1231055 1 0.07084205625
0 0.029136878124999998 0.8343710359375001 0.1705041015625 0.7331579625 0.1485222 0.698583153125 0.026967425 0.7722460203125 0.029136878124999998 0.8343710359375001
0 0.7529549578125 0.353288303125 0.6985719421875001 0.30811455625 0.16680734531250002 0.618894503125 0.21516652343749998 0.7024068296875 0.7529549578125 0.353288303125
0 1 0.24548226562500003 0.69113083125 0.43447840156249995 0.4492147125 0.5776736375 0.030660696874999997 0.87800749375 0.032638465625 0.93464336875 0.10202083437500001 0.9447484859375 0.295008425 0.786584478125 0.6141874031250001 0.5840556593749999 0.8265689796875 0.47773478437500005 1 0.32649435000000004 1 0.24548226562500003