0 0.9649365234375 0.9711905515625 0.9841635734375 0.9189042984375 0.9862612828125 0.7987266015625 0.9617065265625 0.8523385187500001 0.8992320578124999 0.9761668078125 0.9649365234375 0.9711905515625
0 0.8858806109374999 0.97717800625 0.987282803125 0.7402037531250001 0.9877662484374999 0.71250718125 0.9496618203124999 0.7066972093749999 0.8269040265625 0.9816447125 0.8858806109374999 0.97717800625
0 0.8134894015624999 0.856144028125 0.74249129375 0.9880378765625 0.7919052484375 0.9842954125000001 0.842605171875 0.87434455 0.8134894015624999 0.856144028125
0 0.9064506187499999 0.5930989734375001 0.9892233140625001 0.45506968125 0.984620753125 0.389283440625 0.8795702828125 0.5802947984375 0.6860209359375 0.9177407328125 0.7265085671875 0.9128173734375 0.9064506187499999 0.5930989734375001
0 0.5845482515625 1 0.6537383125 0.99475975625 0.8437683765624999 0.6256746 0.9833375406249999 0.3709419859375 0.9756411500000001 0.2609344375 0.7862229375 0.5725246312500001 0.5235470484375 1 0.5845482515625 1
0 0.8415865186742769 0.805266780116131 0.05909435633066593 0.07411020934118148
0 0.9629411416440344 0.6574298114655848 0.04939207386326174 0.05525112133990877
0 0.3998547453125 1 0.9039841328125 0.2129929921875 0.964305659375 0.0989117625 0.9581655874999999 0.011149265625 0.9488221953125 0.0110405453125 0.8053376 0.244578546875 0.6186674265625001 0.45906689843750004 0.53629375625 0.6081478671875 0.36055206093750003 0.8551998515625 0.231114553125 1 0.3998547453125 1
0 0.20843997656250002 1 0.3035760796875 0.8632263390625001 0.2723565109375 0.8414738500000001 0.14421676249999998 0.9995866546875 0.1455568765625 1 0.20843997656250002 1
0 0.3047256703125 0.800065334375 0.3804731578125 0.8481254343750001 0.71336716875 0.35357501875 0.6744164609375 0.30087369062499997 0.3047256703125 0.800065334375
0 0.10040577343749998 1 0.43981242500000006 0.5820637484375 0.592974759375 0.3571275203125 0.8005692296875001 0.061286125000000004 0.7608031890625 0.023486559375 0.5616519875 0.2277888796875 0.44558261093749996 0.4257988375 0.23060349375000003 0.722199521875 0.0208704859375 0.9503332328124999 0.024345290625 1 0.10040577343749998 1