0 0.97321729375 0.17932845 0.9924779171875 0.2328593375 0.9971863671874999 0.09802697187500001 0.990625896875 0.07405563281250001 0.9270949328125001 0.0651077078125 0.97321729375 0.17932845
0 0.9483775546875 0.3246122125 0.9893988265625 0.321032940625 0.9902351156250001 0.2970847546875 0.9127361703125001 0.06308536875000001 0.854269365625 0.0548506984375 0.9483775546875 0.3246122125
0 0.855764959375 0.1496029109375 0.8196236359375 0.0499710703125 0.7714996078125 0.043193114062499996 0.82498530625 0.16598378125 0.855764959375 0.1496029109375
0 0.8670409765624999 0.4468704296875 0.963367421875 0.6625884281250001 0.9739438984375001 0.5956673640625 0.8951069015625001 0.43575764218749996 0.742767896875 0.103556621875 0.70261665625 0.096016390625 0.8670409765624999 0.4468704296875
0 0.8351328328125 0.399059215625 0.682798575 0.030700146875 0.5516065328125 0.012222596875 0.772793053125 0.4486619125 0.943341921875 0.7892967718749999 0.9604645640625 0.68095581875 0.8351328328125 0.399059215625
0 0.8483209049946578 0.21961976257531113 0.06355655771188111 0.07606366801906325
0 0.957817412166234 0.37474936768816114 0.05201885698624196 0.05868525324641087
0 0.9100415312499999 1 0.9174572703124999 0.9530780171875 0.8593150453125 0.8167927468749999 0.42955866406250004 0.007497975 0.26942278750000004 0.004702792187500001 0.37090038125 0.137813175 0.52539899375 0.39686981875 0.5948980859375 0.55167285 0.76320535 0.7787752265625 0.8753037203125 1 0.9100415312499999 1
0 0.18326331875 0.0031988734375000003 0.2812942890625 0.1459087234375 0.31449404531249997 0.126100965625 0.24359420156249997 0.004251953125 0.18326331875 0.0031988734375000003
0 0.6369111796875 0.713902609375 0.6805731859375 0.66355445625 0.39024817968750003 0.14618847968749998 0.31010973124999996 0.18951660937499998 0.6369111796875 0.713902609375
0 0.4264043421875 0.4168261859375 0.141140221875 0.0024636124999999997 0.0576373671875 0.0010060640625 0.05190028906250001 0.037306568750000005 0.2289876890625 0.26284022500000004 0.4184901296875 0.5739091968750001 0.5174750921875 0.7799473875 0.6991856234375 0.9976369437500001 0.7423586078125 0.96228560625 0.5602091515625001 0.6522522546875 0.4264043421875 0.4168261859375