0 1 0.07129345312499999 0.8853118125 0.01431434375 0.8022547265625001 0.010454140625 0.9112450265625001 0.0751798359375 1 0.132378021875 1 0.07129345312499999
0 1 0.1480242375 0.7776690187499999 0.023220925 0.7663902203124999 0.0702768015625 1 0.20609461406250001 1 0.1480242375
0 1 0.24045187499999998 0.9233858921874999 0.1946955765625 0.903058228125 0.22120332656250002 1 0.287262175 1 0.24045187499999998
0 0.456390246875 0 0.6358635625 0.124600775 0.9536376687500001 0.3534865609375 0.9520370437500001 0.31315190625 0.6506798140625001 0.09966875 0.5176425874999999 0 0.456390246875 0
0 0.3366171953125 0 0.620663296875 0.2153984125 1 0.5058303859375 1 0.3762579875 0.67781015625 0.1649812546875 0.43939315624999997 0 0.3366171953125 0
0 0.8543001639775735 0.18805086573792681 0.07442211124870468 0.055105656517662374
0 0.7190261358558109 0.05208207036199528 0.05530823821317572 0.047184072208707
0 0.090591853125 0 0.298214875 0.15894258125 0.49506947500000004 0.366943678125 0.635712259375 0.4649843515625 0.8656184203124999 0.6659924609375001 1 0.8116792374999999 1 0.63461590625 0.274961403125 0.0584179125 0.18789568125 0 0.090591853125 0
0 1 0.83511565 0.8689557593749999 0.7228793375 0.8449494203125001 0.7510454296875 0.9908262890625 0.8950775703125 1 0.8725358328124999 1 0.83511565
0 0.806649515625 0.714493059375 0.860235015625 0.645612128125 0.39848331875 0.26180403124999996 0.343278434375 0.2940080625 0.806649515625 0.714493059375
0 1 0.950323065625 0.60216641875 0.5567561015625 0.3922892546875 0.3804676296875 0.1167497296875 0.14256631875 0.0762010875 0.17728339531249998 0.261986584375 0.3963736234375 0.44825208437499997 0.533133759375 0.7237489421875 0.7783529031249999 0.9181791468749999 0.994929159375 1 0.994453140625 1 0.950323065625