0 0.904892015625 0.04742338125 0.786723021875 0.041230406250000004 0.9136253062499999 0.091373965625 0.904892015625 0.04742338125
0 0.9161478000000001 0.1040685125 0.7108330890625 0.037253184375 0.64522285 0.033814696875 0.6443418859375 0.064147546875 0.9274815390625 0.1611059625 0.9161478000000001 0.1040685125
0 0.8050007609375 0.1838918484375 0.9437386609375 0.242920496875 0.9342093281249999 0.1949637984375 0.819138378125 0.1540221609375 0.8050007609375 0.1838918484375
0 0.539648953125 0.1158433171875 0.3722038734375 0.03547025625 0.307359825 0.045829329687499996 0.5304629421875 0.1430795078125 0.8796930734374999 0.30264281875 0.8701239421875 0.263678603125 0.539648953125 0.1158433171875
0 0.9786817484375 0.41877283906249996 0.9607670531249999 0.3286164921875 0.5785884 0.1740443234375 0.2896993359375 0.04865065625 0.186400103125 0.0651530875 0.5340389703125 0.23454110312499998 0.9851753734375001 0.456967896875 0.9786817484375 0.41877283906249996
0 0.7517068559834553 0.1613446087725404 0.07572725334181776 0.06643058344622813
0 0.5942403486632729 0.05615806252687059 0.058394302673454135 0.0530298247398008
0 0 0.1380002609375 0.2147132171875 0.2438453578125 0.4442519640625 0.407176821875 0.5981667203125001 0.47462125468750005 0.85788955625 0.6245523015625001 0.9921999015624999 0.72274655625 0.993926390625 0.5743724640625001 0.1724589859375 0.150577028125 0.028190342187500002 0.0904276765625 0 0.0949311859375 0 0.1380002609375
0 0.9919217281250001 0.7466528265625 0.8724173140625 0.6792910515624999 0.8550955874999999 0.7115092984375 0.9912823328125 0.80160229375 0.9919217281250001 0.7466528265625
0 0.8112172859375001 0.6835457500000001 0.8486837734374999 0.6057764999999999 0.33101459375000003 0.3240346015625 0.2846901515625 0.3664057921875 0.8112172859375001 0.6835457500000001
0 0.9895973265625001 0.9464113515625 0.9908340687500001 0.8401260046875001 0.5844092546875 0.5706892484375 0.34874978749999996 0.44084022031250003 0.03807420625 0.2640757921875 0.006253496875 0.30597241875000003 0.22742702499999998 0.48231089687499995 0.43264837968750003 0.5783694890625 0.7447418515625001 0.7622695187499999 0.9895973265625001 0.9464113515625