0 0 0.856647603125 0.0467217453125 0.9780183265625 0.110730753125 0.9828627234375 0.0498843546875 0.86622404375 0 0.7612437515625 0 0.856647603125
0 0.011354831249999999 0.73010760625 0.124311378125 0.9838905468749999 0.182336725 0.98828208125 0.0592371296875 0.72278280625 0.011354831249999999 0.73010760625
0 0.1674932640625 0.8878976484375001 0.21675099687500002 0.9908866578125 0.26502633593749997 0.9945402812499999 0.195838975 0.869972065625 0.1674932640625 0.8878976484375001
0 0.1260556546875 0.59828984375 0.0053265296875 0.3853947609375 0.0018302828125 0.4520257640625 0.099817534375 0.6109005953125 0.28242758437500004 0.9257892968749999 0.32236392343750003 0.93063828125 0.1260556546875 0.59828984375
0 0.4763388296875 1 0.2178033625 0.590637053125 0.0118484109375 0.2611016640625 0.0062787453125 0.3672475890625 0.1620750828125 0.6429841328125 0.3520083 1 0.4763388296875 1
0 0.1671875 0.8195163322563197 0.053125 0.07154899810013901
0 0.0453125 0.6744921601442362 0.046875 0.05265352773541672
0 0.7609237109375 1 0.6416462515625 0.8690421515625 0.464419315625 0.6257221609375 0.3807775390625 0.4788932265625 0.19335335625 0.2676449609375 0.02636794375 0.003205278125 0.0246440609375 0.017243939062499998 0.02037873125 0.0985320015625 0.0957133890625 0.2365365390625 0.597784609375 1 0.7609237109375 1
0 0.8477586796875001 1 0.7282207281249999 0.85552349375 0.697865296875 0.8769473906249999 0.785552290625 1 0.8477586796875001 1
0 0.3231856453125 0.323089703125 0.28575233906249997 0.37499491875 0.621916465625 0.8620746015625 0.695648378125 0.8147405031250001 0.3231856453125 0.323089703125
0 0.9756724125 1 0.97762759375 0.9627384375 0.7672683140625 0.7380509390625 0.5505721890624999 0.44612771406249996 0.43292311874999995 0.2511089171875 0.2333889734375 0.0498928109375 0.1948970625 0.08712137343750001 0.40431490937500003 0.3784937546875 0.5589370703125 0.6000320718750001 0.89053240625 1 0.9756724125 1