0 0.1785725 0 0 0.0803575 0 0.1446425 0.11964250000000001 0.073215 0.2535725 0 0.1785725 0
0 0 0.214285 0.260715 0.075 0.25 0.0285725 0 0.15714250000000002 0 0.214285
0 0 0.2964275 0.12678499999999998 0.21607249999999997 0.1071425 0.18928499999999998 0 0.248215 0 0.2964275
0 0.5285725 0 0.37321499999999996 0.1089275 0.0785725 0.30357249999999997 0.076785 0.3428575 0.3875 0.1339275 0.5946425 0 0.5285725 0
0 0.6125 0 0.3464275 0.1714275 0 0.3821425 0.0035725 0.5089275 0.401785 0.223215 0.7160725 0 0.6125 0
0 0.17421875 0.1859375 0.06640625 0.05
0 0.30703125 0.05859375 0.05 0.04296875
0 0 0.8178575 0.160715 0.6517850000000001 0.385715 0.4660725 0.523215 0.37678500000000004 0.7160725 0.18275 0.9625 0.005965 0.8767849999999999 0 0.739285 0.085715 0 0.6375 0 0.8178575
0 0.15714250000000002 0.7071425 0.017857500000000002 0.8196424999999999 0.0375 0.8696425 0.1803575 0.735715 0.15714250000000002 0.7071425
0 0.1660725 0.6321424999999999 0.21785749999999998 0.701785 0.6714275 0.3125 0.6178575000000001 0.2785725 0.1660725 0.6321424999999999
0 0.298215 0.7678575000000001 0.5678575 0.5410725000000001 0.75 0.4160725 0.9321425 0.21071499999999999 0.8928575000000001 0.175 0.623215 0.3946425 0.41785750000000005 0.5571425 0.005357499999999999 0.9446424999999999 0 0.9974999999999999 0.0821425 0.9974999999999999 0.298215 0.7678575000000001