0 0.8546639640624999 0 0.8601213187500001 0.033461471874999996 0.9034202 0.1915177078125 0.9307451453125 0.32578483125 0.969046578125 0.5330578578125 0.9828124578124999 0.7020744703124999 0.9963458 0.7745958 1 0.7857048421874999 1 0.6948819359375 0.9896758468750001 0.6015527234375 0.9665735765625 0.4503954296875 0.9536987390625 0.2972998390625 0.933527853125 0.1831300734375 0.8945679140625 0.0564313078125 0.8919993890625 0 0.8546639640624999 0
0 0.814580465625 0 0.862568596875 0.22339472031250002 0.9148036218750001 0.43339035781249996 0.9539379625000001 0.6324605859375 0.9693696578125 0.7850716015625 0.9968365953125 0.8603155421875 1 0.841718 1 0.762194765625 0.9720942296875 0.618293025 0.9432454578125 0.4414083203125 0.8981063578124999 0.2273862171875 0.8447801671875 0.03636891875 0.8402833734374999 0 0.814580465625 0
0 0.7700294296875 0 0.7935010046875 0.10508359062499999 0.861509840625 0.3737677015625 0.889093046875 0.49725928281250004 0.9272782093749999 0.6562846703125 0.9550615390624999 0.744876890625 0.9617829390624999 0.7033783234375 0.9338833421875 0.5665384625 0.8707299656249999 0.307660740625 0.8396407265624999 0.144608890625 0.8244997 0.1126169765625 0.8008374921874999 0 0.7700294296875 0
0 0.7325101921875 0 0.7969813171875 0.2519146796875 0.8346499656249999 0.43249114375 0.9024844 0.628803796875 0.937163528125 0.7482689125 0.9427356296875 0.7016248640625 0.868463775 0.42876441875 0.8266305875000001 0.28920194375 0.7724133531249999 0.0822636234375 0.7567280765625 0 0.7325101921875 0
0 0.6954068078125 0 0.7242075671875 0.128942640625 0.7538311140625 0.27350072812500004 0.7977046453125001 0.43412970624999997 0.8454844609375 0.5645202312500001 0.89064928125 0.6712715109375 0.9366470109374999 0.7698199906250001 0.9254704031250001 0.731713446875 0.875650246875 0.5802564171875 0.8407128578125 0.4715668375 0.8031604781249999 0.339238015625 0.7702052984375001 0.22749112187499998 0.7314454828125 0.06589299531250001 0.7192381296875 0 0.6954068078125 0
0 0.6547638734375 0 0.6924922312499999 0.1778596921875 0.7675969921875 0.442517340625 0.8279609750000001 0.6053843546875 0.9011673859375 0.789952315625 0.907888784375 0.74845375 0.8507144453125 0.611798721875 0.8148860140625 0.48718812343750006 0.7659568984375 0.3516521140625 0.7459022796875 0.28572998906249997 0.705043990625 0.0789415375 0.687411528125 0 0.6547638734375 0
0 0.6207841890625 0 0.652615528125 0.1425107265625 0.72343948125 0.39993472343750003 0.8298593265624999 0.6854740375 0.8821200765625001 0.7881988546875001 0.8450842125 0.63431895 0.7638908343749999 0.43785643125 0.7062838328125001 0.239605484375 0.6463701578125 0 0.6207841890625 0
0 0.6016985781249999 0 0.6392308625 0.249631678125 0.716001440625 0.49788372968749994 0.7906735421875 0.7009454546875 0.8548275406249999 0.7853263734375 0.794405421875 0.598335540625 0.741253634375 0.47968970468750005 0.7065163703125 0.3361007671875 0.6547140046875 0.18770105312500002 0.6230288093749999 0 0.6016985781249999 0
0 0.12940371875 0.0566357953125 0.15991660624999998 0.20370698125 0.20097502031249997 0.375596075 0.2904717578125 0.5973014328125 0.3792775765625 0.7681864078125 0.36376202343749997 0.6987223921875 0.304347215625 0.575900221875 0.21760746250000002 0.31881093125 0.163706621875 0.125220890625 0.15358242187499999 0.052053459375 0.12940371875 0.0566357953125
0 0.1648249390625 0.0499227828125 0.2043905109375 0.25963787968749996 0.254643328125 0.4726908328125 0.32925729375 0.6516287375 0.4336625234375 0.808830725 0.40645384531250006 0.7228112453125 0.318797325 0.557071753125 0.25894985937500004 0.372653659375 0.21866621875 0.16843794843749998 0.199849384375 0.04328496875 0.1648249390625 0.0499227828125
0 0.23394799531250002 0.03682261875 0.1953444453125 0.0441387421875 0.2111957671875 0.1349923125 0.26598765156250004 0.3445033734375 0.3133090828125 0.5205688 0.368559346875 0.6844049625 0.4672180765625 0.8158795390625 0.4494039234375 0.7361245578125 0.3654535625 0.575045975 0.31390945625 0.4158707203125 0.2639148984375 0.1920422265625 0.23394799531250002 0.03682261875
0 0.23966332656249997 0.0357394515625 0.2862099828125 0.2441314953125 0.3265517578125 0.4724710265625 0.4725900515625 0.80413485 0.5400756828125 0.8557045765625 0.5006573609375 0.774680709375 0.430698728125 0.6404485546875 0.3594745265625 0.45282327968749997 0.29850348125 0.15598888125000002 0.272543628125 0.02950799375 0.23966332656249997 0.0357394515625
0 0.28638410312499996 0.0268849546875 0.30623219218750003 0.178658978125 0.35022199062500003 0.3875355984375 0.43236454375 0.624042959375 0.5497284671875 0.8511935359375 0.5795778609375 0.8535814421874999 0.50706236875 0.7198338640624999 0.43589630156250003 0.5563324046875 0.3628318828125 0.3127412625 0.3247214875 0.0196192734375 0.28638410312499996 0.0268849546875
0 0.33588195 0.0175041484375 0.374608865625 0.24614972812499997 0.40716379687500004 0.427695340625 0.4821522890625 0.6441053484375 0.5923621531250001 0.8511585687500001 0.6179307374999999 0.846312825 0.535129678125 0.6903797234375 0.45982479375 0.46062143593749993 0.41575113750000003 0.3348918171875 0.3757191921875 0.009954215625 0.33588195 0.0175041484375
0 0.4073616140625 0.0039573593749999995 0.3761466703125 0.0098732 0.41678417031250004 0.291789659375 0.4489064421875 0.4117393515625 0.5165407515625 0.6429513609375 0.6273252640625 0.852577325 0.6431829312499999 0.8281187984375 0.5780216234375 0.6795692156250001 0.5297252921875 0.5707297671875 0.48611001875 0.399325253125 0.44677555468749997 0.2351543828125 0.4073616140625 0.0039573593749999995
0 0.4282426375 0 0.4151874515625 0.0024742125 0.4535550890625 0.21777963749999998 0.5228294906250001 0.5398568734375 0.6408843296875 0.8178278328124999 0.668493259375 0.8340485937500001 0.5967525421875 0.6679743953124999 0.515643021875 0.388364875 0.4696710140625 0.182545571875 0.44360753124999996 0 0.4282426375 0
0 0.45119861875 0 0.50300071875 0.331764565625 0.5704349046875 0.5978759375 0.6681768671875 0.8207003125 0.69598591875 0.8020217125 0.6073802234375 0.5962373765625 0.5320753390624999 0.366479090625 0.4963889 0.1828453078125 0.48505536562499996 0 0.45119861875 0
0 0.5149324125 0 0.5611756828125001 0.2939227921875 0.6088135046875001 0.48333649687499997 0.6852676921875 0.71824026875 0.71440044375 0.7770786125 0.730199978125 0.7284962640625 0.662998328125 0.5588801765625 0.5530027046875 0 0.5149324125 0
0 0.4809494015625 0 0.49902961562500003 0.0992137328125 0.52721988125 0.3566726984375 0.5825282796875 0.5446326828125 0.69311266875 0.78915800625 0.709861378125 0.7806205015625001 0.588500628125 0.42818991406249995 0.5540216234375 0.273825434375 0.5272713265625 0.1421310546875 0.508303571875 0 0.4809494015625 0
0 0.7944030490048147 0.5418360338956412 0.03077911910658777 0.023782945337363515
0 0.7659826424708394 0.4686894352323683 0.02474744292790554 0.028397720003181703
0 0.8433285465236153 0.5014013905554142 0.04302656203449331 0.0520352146721816
0 0.696534821545006 0.3538098699077315 0.03121576674922295 0.03315794533736351
0 0.6646255419755015 0.27288713391154956 0.02303939371369381 0.025254538669636162
0 0.6627076693542568 0.11422974924414046 0.03321491439185813 0.04255112667090888
0 0.846262877997928 0.07770026121900526 0.05033394789030439 0.1083397586728179
0 0.9271577369703214 0.4887008485439601 0.034922963606069855 0.045694308004454245
0 0.8176157630251693 0.43604001989182317 0.041900709677128486 0.061392033338636055
0 0.7686967276646965 0.5773104572326865 0.03477741439185813 0.04256930800445424
0 0.7452570736119206 0.5439712459023227 0.026018844499482087 0.022165901336727068
0 0.8217853403611436 0.5759110418921413 0.03277826674922295 0.03317612667090906
0 0.5184354385846792 0.188604135264185 0.05069351282028158 0.04900112133990877
0 0.5801392260120667 0.23791324458945812 0.047350188998963996 0.044277258672817864
0 0.5307791191065878 0.020483033298865222 0.04593323821317572 0.040966066597730444
0 0.4587523393276863 0.4847711579408209 0.037975188998963995 0.044168170671545326
0 0.4097069096343472 0.35480239461332064 0.03583049214211709 0.031649989337999784
0 0.41509426881613753 0.2187285346117298 0.032161836641599176 0.05347044533736343
0 0.37252147104966793 0.16059840861713864 0.03419521753501131 0.030069308004454332
0 0.39238247663123926 0.4863251146165023 0.028017992142117178 0.03155908267027261
0 0.4398290190210254 0.615530809277548 0.019768844499482085 0.022093176002545435
0 0.7146492365560366 0.6420365759070952 0.03583049214211727 0.031649989337999784
0 0.6235939352749102 0.449241095918231 0.05036818114108108 0.0755454400063634
0 0.43899403349844607 0.06055240794082091 0.04553513192686935 0.072365896005727
0 0.5158841350272414 0.3520035639322304 0.03633991439185813 0.04258748933799979
0 0.504959443547078 0.26849162993318487 0.027872442927905538 0.028434082670272608
0 0.8071019863511489 0.2438707012253686 0.03746576674922295 0.03323067067154524
0 0.76997016749223 0.3193434158975502 0.03187073821317572 0.04722044533736351
0 0.40185598407483736 0.6058109112826388 0.035976041356328994 0.03477498933799979
0 0.37054817204034396 0.5545847659532294 0.03902826674922295 0.033248852005090514
0 0.24220904052775935 0.3333012066359105 0.03234161910658786 0.02380112667090888
0 0.3315646772121397 0.08681601062222932 0.05552656203449331 0.05218066534054513
0 0.1705201693542569 0.11995686931095557 0.05123716832079959 0.027144302673454225
0 0.34791538502724134 0.3539580572883657 0.04066354135632881 0.03482953333863605
0 0.2975151246881591 0.3459461099618199 0.04215326674922295 0.033285214672181596
0 0.26229471629215706 0.47924041530077427 0.02809076674922295 0.03312158267027243
0 0.2902912837033338 0.45937281063018354 0.029362168320799586 0.026889764003817974
0 0.2928383949520388 0.5140603106301835 0.03590326674922295 0.033212489337999786
0 0.6277271253073317 0.5883308679185493 0.03612159057054054 0.03789998933799978
0 0.7384096825888232 0.015363179284706782 0.044006865177646404 0.030726358569413564
0 0.23517132836943153 0.23254722863622868 0.05970463978475227 0.04129770934118149