0 0.8695312015625 0.088905090625 0.8780592828125 0.161213184375 0.9149794890624999 0.3247622140625 0.93971623125 0.53132003125 0.9533293171875 0.6658269078125 0.9586788437499999 0.8272785671875 0.9758129828125 0.9483735609374999 0.9944255562500001 0.946529534375 0.9950774359375 0.834480909375 0.9848995671875 0.795942084375 0.9846881218749999 0.6653326640625 0.970174459375 0.5518158703125 0.937121084375 0.40355938125 0.9144500140625 0.254274271875 0.8964402 0.16200471562500002 0.8700080281250001 0.0627317765625 0.8695312015625 0.088905090625
0 0.904702046875 0.6471311531249999 0.9322345375 0.9526910640624999 0.9650235234375 0.9494425203124999 0.9431053781250001 0.828821496875 0.9375970515625 0.633421675 0.9174158390624999 0.4185747 0.8926260203125 0.24337343281249998 0.87260360625 0.06247462031249999 0.8445821562500001 0.007773464062500001 0.8405561 0.0865505640625 0.8710139 0.23506420781249998 0.8925194390625 0.43410433125000003 0.904702046875 0.6471311531249999
0 0.8735546875000001 0.77823481875 0.8881740718750001 0.9570563234374999 0.9191878953125 0.9539836515625 0.9010466640624999 0.762448034375 0.9060790203125 0.7279855609375 0.8875397312500001 0.5652280625 0.871331496875 0.30296053437500003 0.8575065390625 0.16586203906250002 0.8387549468750001 0.12853072968749998 0.83838384375 0.22000875625 0.8489245234375 0.380946103125 0.85909453125 0.505343671875 0.8735546875000001 0.77823481875
0 0.8774621640625 0.9581175984374999 0.8600999734375 0.805693909375 0.8507248203125 0.5950015484375 0.8494539984375 0.45143404687500005 0.8397612453125 0.1728453578125 0.820585903125 0.1303308140625 0.822757303125 0.25290823281249997 0.815923365625 0.45736867812500004 0.833350203125 0.6385246437500001 0.84956485625 0.960881503125 0.8774621640625 0.9581175984374999
0 0.78000903125 0.4661520796875 0.7855704328125 0.630195353125 0.8000310171875 0.7750686953125 0.8154979015625001 0.9642566625000001 0.841069146875 0.9617232093749999 0.8256687671874999 0.8326186234374999 0.8149162078125001 0.669089659375 0.8133804359375001 0.5542870890625 0.8101496609375 0.41875159218749997 0.811421340625 0.3062834828125 0.814282296875 0.1492435921875 0.8136997484374999 0.110112196875 0.79881455625 0.21609123281249998 0.7871605671874999 0.3295879609375 0.78000903125 0.4661520796875
0 0.755111775 0.7377173171875 0.7764795999999999 0.9681223749999999 0.80771116875 0.965028128125 0.7964817875 0.8276724796874999 0.774340621875 0.6208575093750001 0.7740230218749999 0.5529611828125 0.7807508078125001 0.4112138328125 0.7781556593750001 0.2834531828125 0.792458303125 0.1383427515625 0.7737067109375 0.1010114421875 0.7582385406250001 0.2958768875 0.7486502265625 0.46664632343749995 0.755111775 0.7377173171875
0 0.7500267734375 0.675518534375 0.7464783984375 0.4720867109375 0.7660783484375 0.263748875 0.7559614171875 0.107994759375 0.736308821875 0.2196713359375 0.718933346875 0.5192300421875 0.7273548484375 0.782269034375 0.7428217328125 0.971457003125 0.7664481421875 0.9691162343749999 0.7500267734375 0.675518534375
0 0.7474606359375 0.9709974062500001 0.7159662375 0.7389830265625 0.721634646875 0.584277596875 0.7123652171875 0.43888994531250003 0.7281509859375 0.31192082656250003 0.73064126875 0.11834115625 0.69414395625 0.21601096874999998 0.6827544890625 0.42876057031250003 0.6827536328125 0.684796178125 0.7272482671875 0.972999934375 0.7474606359375 0.9709974062500001
0 0.2367376265625 0.862227875 0.249854834375 0.9970249796875 0.27387838124999997 0.996745440625 0.26364662499999997 0.9353275015625 0.257926425 0.7373360625000001 0.2648665140625 0.47016252343750004 0.2854196859375 0.3374958640625 0.2796990578125 0.2675222328125 0.24521434687500002 0.4538212953125 0.22513757031249998 0.6883324484375 0.2367376265625 0.862227875
0 0.262799553125 0.7969432296875001 0.285940584375 0.9966050828125 0.3216073765625 0.9961900625 0.303533940625 0.8791235437499999 0.2816046484375 0.6749001906250001 0.2843068078125 0.48391213437499997 0.3192152703125 0.30279630156250004 0.31979824843750004 0.2139098921875 0.26629699218749997 0.3916425796875 0.24780949375 0.581581946875 0.262799553125 0.7969432296875001
0 0.2967012890625 0.6995305734375 0.3062883171875 0.912814553125 0.317138934375 0.9962420578125 0.3568354890625 0.995780146875 0.3399251015625 0.8441668265625 0.32149196406249997 0.618696234375 0.3237172953125 0.4538814953125 0.3564539328125 0.2782060484375 0.349885803125 0.197865953125 0.29426579375 0.349682478125 0.2898686375 0.519937603125 0.2967012890625 0.6995305734375
0 0.34585803125000003 0.7887142703125 0.36278085312499997 0.9957109656249999 0.39639729687499997 0.995319803125 0.3837849671875 0.8685601249999999 0.3542281703125 0.5710385921875 0.3668888890625 0.37383868593749997 0.39416941875 0.22744248125 0.407942159375 0.1398619125 0.3585200359375 0.20746095156250002 0.31683071093750004 0.5616806828125 0.34585803125000003 0.7887142703125
0 0.3844736671875 0.8449784250000001 0.41066051718749996 0.9951538359375001 0.45017421406249997 0.9946940515625 0.3989881859375 0.7024596109375 0.396817215625 0.45186438906250004 0.41657596406249997 0.27747471562500003 0.446452071875 0.1308213546875 0.41853634375000004 0.1414249078125 0.3733512953125 0.38887407343749997 0.364716203125 0.6353146828125 0.3844736671875 0.8449784250000001
0 0.4300289640625 0.76208684375 0.46145320781250004 0.9945628093750001 0.5027993656249999 0.9940817031250001 0.4431660796875 0.6667314281250001 0.4481457875 0.535607696875 0.45222534843749995 0.2974562453125 0.485385734375 0.12696403125 0.459429959375 0.12953558125 0.4151454859375 0.3559946625 0.4074109703125 0.5814451890625 0.4300289640625 0.76208684375
0 0.4484642421875 0.3474684140625 0.45217141562499996 0.5848484015625 0.45693839062499997 0.7071686640625 0.503043709375 0.994078859375 0.516012634375 0.9939279531249999 0.5346403625 0.9920824234375001 0.502493259375 0.7522948890625 0.491528828125 0.5861743078125 0.48252434843750003 0.41202172656249997 0.49656204062500003 0.295676225 0.5149964609375 0.1370934046875 0.49253684062499997 0.11841771718750001 0.4484642421875 0.3474684140625
0 0.54004951875 0.7956009609375 0.5230995078125 0.58827168125 0.517962284375 0.3013938328125 0.5375091578125 0.124412546875 0.5158439625 0.14745986875 0.48506685000000005 0.44312111875 0.51414681875 0.7668159640625001 0.5425059 0.9913031515625 0.5713087046875 0.988449534375 0.54004951875 0.7956009609375
0 0.5655815421875 0.78784618125 0.5453472546875 0.604355753125 0.5494268140624999 0.3662043015625 0.5733704171875 0.146985690625 0.5411641125 0.137113471875 0.5135124796875 0.374987703125 0.527760759375 0.6452872328125 0.5786183015625 0.9877253421875001 0.6139721406249999 0.9842226843749999 0.5655815421875 0.78784618125
0 0.6279832671875 0.20689014687500001 0.598425615625 0.1654042265625 0.5879371546875001 0.2291459390625 0.5842813437500001 0.4724806234375 0.5947689484375001 0.66477451875 0.6414267546875 0.9815026390625 0.6776649406249999 0.9779123671875001 0.613839425 0.385948740625 0.6279832671875 0.20689014687500001
0 0.6354869703125 0.98209111875 0.60726958125 0.8176798625 0.5938683734375 0.6857646 0.5811558640625 0.5302676390625 0.5930225859375 0.16332691875 0.57442979375 0.159943771875 0.5408983046875 0.4219140125 0.543599175 0.614979371875 0.5929142921875 0.8661290359375 0.6074364109375 0.9848702093749999 0.6354869703125 0.98209111875
0 0.7446978590004315 0.36552807256527736 0.02668067466803503 0.020621582670272608
0 0.7395649314055304 0.4421451165659137 0.02046703610435365 0.026798857336090796
0 0.8039274132551576 0.3898371818905505 0.037790891490547554 0.05043635200509069
0 0.7067928171405414 0.5698615839035954 0.028306807181592397 0.031577264003817974
0 0.7000428473911625 0.6558718092377771 0.020448855386194252 0.023673857336090797
0 0.7452548325604396 0.8068979598981866 0.02836134933607006 0.040952264003817976
0 0.9328411909716958 0.7898724498727331 0.0381181444174139 0.10668635200509087
0 0.887584795768715 0.3779269805458692 0.028370439695149942 0.04251476400381797
0 0.7980586874556546 0.4586508165579596 0.034720433645025396 0.05977498933799978
0 0.709696145104785 0.33937465257004995 0.028352258976990542 0.039389764003817974
0 0.6969825216664141 0.37623885323841344 0.023555674668035032 0.020585220003181703
0 0.7613359131569618 0.32549341856305025 0.028297716822512697 0.030014764003817973
0 0.5852894801011115 0.7759490465865946 0.04557612041330898 0.045839758672817865
0 0.6286263896438361 0.7121678099140949 0.04242384933607006 0.04111589600572714
0 0.6514861309614333 0.9454797492441405 0.04100679508134384 0.06609771467218159
0 0.4399552959651068 0.5128143419398665 0.033057939695149585 0.04256930800445424
0 0.43134738954564017 0.6496239986075937 0.031413626463433174 0.02848862667090888
0 0.47591448010111154 0.7772217399347758 0.026862481849627428 0.051871582670272434
0 0.4536531398402278 0.8438825286044119 0.031413626463433174 0.028488626670909057
0 0.3757928020152309 0.5307472766152296 0.025172716822512698 0.029978401336727245
0 0.38283366325515766 0.39473705128104786 0.01730567466803503 0.020512494668999893
0 0.6388796510567134 0.2925456532463676 0.031413626463433174 0.02848862667090888
0 0.6079831332991242 0.500703598583731 0.04261474687674216 0.07392839600572713
0 0.5469577122453264 0.9193541485916853 0.03789997579950324 0.06918635200509086
0 0.5346269256499937 0.6218615305935943 0.03147725897699054 0.039426126670908876
0 0.5482121817983138 0.7037291485916853 0.023592036104353474 0.026835220003181705
0 0.8454144347251799 0.6440246952180507 0.032994307181592575 0.03163180800445424
0 0.7871842990883646 0.582206495226005 0.025263620413308985 0.045603401336727245
0 0.3491262837666625 0.41465919995227496 0.03300339754067192 0.03319430800445424
0 0.33473198566025636 0.471854081954184 0.034556807181592396 0.031649989337999784
0 0.2770547992847564 0.7178211099618199 0.029814765027114644 0.022220445337363514
0 0.43599748634762747 0.9245512732734118 0.048710210772388504 0.04743862133990895
0 0.27186680865453033 0.9381790632956836 0.048582945745273956 0.025563621339908593
0 0.3734303504162246 0.6682654579487751 0.0361193071815924 0.03166817067154533
0 0.3264326305686497 0.6899046479551385 0.03766362646343317 0.02856135200509069
0 0.25290020267916086 0.5727995112985471 0.025181807181592398 0.031540901336727066
0 0.28563997980652395 0.5849177032940928 0.026698855386194254 0.02374658267027243
0 0.2726678020152309 0.5319472446292289 0.0314318071815924 0.031613626670909056
0 0.5712603590004315 0.36754620058882176 0.03302157825883114 0.036319308004454334
0 0.8487156549655384 0.8822514012174144 0.04083407825883114 0.0364102146721816
0 0.2999332422013599 0.8136421399586382 0.05645907825883114 0.036592028007635946