0 0.0868775203125 0.24516345468749998 0.086339125 0.3358707671875 0.0915576859375 0.481335053125 0.086817378125 0.6279043328125 0.0933518546875 0.7379707734375 0.1163947109375 0.86131344375 0.10678089531249998 0.9968331265625 0.15165354375 0.9942195921874999 0.14666007187500002 0.88565319375 0.12296677656249999 0.7321668359375 0.11184914531250001 0.6024650171875 0.0983839125 0.40252000781249997 0.1040438578125 0.240740759375 0.09920654062499999 0.17077381875 0.09410002656250001 0.146160534375 0.0868775203125 0.24516345468749998
0 0.11278381875000001 0.491569828125 0.1320135234375 0.6984292 0.1615983734375 0.8839957015625 0.16236460156250002 0.99359574375 0.1932031875 0.9917996015625 0.1654265609375 0.7047937796875 0.13898938593750002 0.5012521078125001 0.12381947499999998 0.30905020781250003 0.126070065625 0.1627571765625 0.10826080625000001 0.089193571875 0.091610309375 0.1464367828125 0.10494846093750002 0.321216009375 0.11278381875000001 0.491569828125
0 0.167011675 0.624042278125 0.17851806875 0.781398834375 0.1893890546875 0.8129264796875001 0.2058100484375 0.9910653359375001 0.235641640625 0.9893278421874999 0.21808433906250002 0.822332509375 0.1831388109375 0.5618211625 0.17057818281249998 0.442351403125 0.15186431875 0.2883125484375 0.13523637500000002 0.20202793125000001 0.124223271875 0.2410197234375 0.135602584375 0.3732104953125 0.167011675 0.624042278125
0 0.23563943906249998 0.84556455 0.2461072765625 0.9887182890625 0.272791953125 0.987164084375 0.2310788359375 0.6824013421874999 0.21525096875 0.507898365625 0.17243249375 0.31624624687499997 0.15266439375000002 0.2000941890625 0.14217465 0.2440638875 0.18262297031250002 0.5090006453125 0.206974225 0.6447880796875001 0.23563943906249998 0.84556455
0 0.192604390625 0.3643678203125 0.2138154890625 0.470287815625 0.2348919875 0.598884640625 0.2538750484375 0.7075698375 0.272850590625 0.8640976468750001 0.2811625859375 0.98667655 0.30573770625 0.9852452125 0.286749690625 0.8046417312499999 0.2745853390625 0.6649840984375001 0.25063036250000004 0.5090087890625 0.219594996875 0.38151695937499996 0.18842503125 0.2767019578125 0.155550390625 0.179630065625 0.161965303125 0.216688115625 0.192604390625 0.3643678203125
0 0.2717143796875 0.5897630015625 0.2834974875 0.653923290625 0.29945243593750004 0.8535920499999999 0.313247996875 0.9848077875 0.3433612875 0.9830538875 0.3223982828125 0.7603984984375 0.28024528593750003 0.50320485 0.24082864843750001 0.34390912500000004 0.19158774375 0.16304156875 0.1805746375 0.20203335937500003 0.2198641953125 0.33616330156249996 0.24015565468750003 0.457293265625 0.2717143796875 0.5897630015625
0 0.31611796875 0.7006636187499999 0.353081634375 0.9824877421875 0.37064685625 0.9814646843749999 0.3755643859375 0.97860035625 0.3564617609375 0.796906765625 0.31758351875 0.546903728125 0.24791655625 0.267583034375 0.20953912031250002 0.1660857328125 0.2277296234375 0.31514668125 0.2832583609375 0.5079065078125 0.31611796875 0.7006636187499999
0 0.32661523125 0.6088513125 0.35948235624999997 0.7537658140625 0.37123528906250003 0.9814304125 0.3847640625 0.9806424515625001 0.3905026859375 0.9769428640625 0.3811122859375 0.69597010625 0.3355499328125 0.45426267343750004 0.286966984375 0.25569619375 0.23522132812500002 0.1707901046875 0.27201364843750003 0.35303890625 0.309471446875 0.46974617656250006 0.32661523125 0.6088513125
0 0.8203190906250001 0.8486765765625 0.8222704140625 0.9391076406250001 0.8471675812499999 0.9363451546875 0.8326481125 0.7742869406249999 0.8126258500000001 0.6078033203125 0.751990596875 0.390430209375 0.68636839375 0.22145220625 0.693433746875 0.2886539453125 0.7363943390625 0.409786625 0.7904725609375001 0.660621121875 0.8203190906250001 0.8486765765625
0 0.772760309375 0.8035937390625 0.7774555109375 0.9440801171875 0.8123115453124999 0.9402126359375 0.7964911953125 0.7178670484375 0.7722820578125 0.5115601734374999 0.7210747937499999 0.335946771875 0.6390712921875 0.178858321875 0.65543755625 0.26265398906250004 0.7205363984375001 0.4266540859375 0.757067040625 0.6064139328125 0.772760309375 0.8035937390625
0 0.6780841328125 0.4061845328125 0.709508259375 0.5613310968749999 0.7322744 0.77787003125 0.7450891921875 0.9476713515625 0.7821732640625 0.9410386671875001 0.776162146875 0.8359501312500001 0.7472352546875001 0.632684709375 0.7217102 0.4617756796875 0.6872729953125 0.3019274578125 0.6078862921875 0.1697285421875 0.6159983640625 0.24688609218750002 0.6780841328125 0.4061845328125
0 0.6953174093750001 0.8096684984375001 0.707743440625 0.9518150828125 0.7401097578125 0.94822385 0.7168202578125 0.7267070078125 0.7037513046874999 0.5065741234375001 0.601463859375 0.1805131015625 0.5428994921875 0.1265794453125 0.571452659375 0.2065049140625 0.6231907999999999 0.33925361249999997 0.6702036671875 0.5228863734375 0.6953174093750001 0.8096684984375001
0 0.6514446984375 0.655903178125 0.6554593859375 0.9576163078125 0.6928051390625 0.9534725749999999 0.690472575 0.7875441671875001 0.6717662296875 0.585662703125 0.61978144375 0.35473983124999997 0.5332023046875001 0.13017339375 0.5050303796875 0.125745271875 0.5592582375 0.2582177203125 0.608895421875 0.418897403125 0.6514446984375 0.655903178125
0 0.6034896390625 0.631008215625 0.60566505 0.9631412828125001 0.645238840625 0.9562323484374999 0.6328278453125 0.71840054375 0.621979409375 0.54334506875 0.57457778125 0.33205757343750003 0.492581796875 0.1271265140625 0.4676846296875 0.1298890015625 0.5292470375 0.284209534375 0.5754673484375 0.5082180453125 0.6034896390625 0.631008215625
0 0.5211048921875 0.398422421875 0.5436168718750001 0.56462979375 0.5628540937500001 0.7236465562500001 0.5757884484375 0.9664562671875 0.60566505 0.9631412828125001 0.597717646875 0.6719364640625 0.580439265625 0.5555081578125 0.541688103125 0.3306709015625 0.45943043906250003 0.12325088749999999 0.4416061421875 0.14537250625 0.48718353125 0.2913947171875 0.5211048921875 0.398422421875
0 0.540147375 0.9628568906250001 0.5683192984375001 0.9672850140625 0.55446530625 0.739685271875 0.52424505 0.4282898609375 0.4426528625 0.15532831875 0.418151971875 0.1379029296875 0.46805083593749996 0.3010715671875 0.5142636296875 0.5729226859375001 0.5351980109375 0.7720389484375 0.540147375 0.9628568906250001
0 0.509777484375 0.7698235296875 0.4986622828125 0.9740086343750001 0.5177324296875 0.972897925 0.5334632640625 0.971152496875 0.5200205859375 0.627679659375 0.48533673750000006 0.3696572640625 0.41697065312500003 0.1506239453125 0.38840245156250003 0.1663836984375 0.44995734218749994 0.368546840625 0.49617765468749997 0.59255535 0.509777484375 0.7698235296875
0 0.43852643437500005 0.97751115 0.45400527031250004 0.9766096093750001 0.4729250203125 0.97031560625 0.46039446093749997 0.6594754093749999 0.43605072500000003 0.475845365625 0.38930705312499997 0.24685895000000002 0.3680884390625 0.1887815625 0.3476398265625 0.2338562546875 0.3928209359375 0.40006634218750003 0.43852643437500005 0.97751115
0 0.47583357031249995 0.8063236546875 0.47865513593750003 0.97517391875 0.5060366921874999 0.973579125 0.4979718234375 0.8491910703125001 0.49971408906250003 0.6022349140625 0.46790120156250004 0.4194336140625 0.38971085156249996 0.1788284640625 0.3728061921875 0.1857401109375 0.4492768296875 0.5297735921875 0.46497761718749997 0.6791107875 0.47583357031249995 0.8063236546875
0 0.26581858830746813 0.4068969291791916 0.02762703301668683 0.021859589448421347
0 0.2844291474434367 0.477907379193309 0.02162269448207601 0.026183068401734032
0 0.21437227498762806 0.4420223580760344 0.03526911465389251 0.048786110495108836
0 0.3382269340781681 0.5923192187123176 0.02655585594746528 0.031143584186749607
0 0.3588503725673503 0.6718324134647632 0.019978307326946255 0.024529563140062115
0 0.3432740394598065 0.823197492389841 0.027047178878243726 0.040518584186749605
0 0.16494099954571478 0.8445550948512677 0.03657266508343389 0.10338260523343692
0 0.13316321856519292 0.4475358816829706 0.028691566033373573 0.042172089448421345
0 0.23261434192551275 0.5060015580901519 0.034197937584671045 0.05807010523343692
0 0.293909288782438 0.3746990792074264 0.028527791723113972 0.03904708944842143
0 0.3128983061952925 0.40807302132903606 0.02293953301668683 0.02158657366340595
0 0.24362268373948384 0.3721424975809256 0.028036468792335522 0.029672089448421434
0 0.48900926334052475 0.7629894925310152 0.04439845318850324 0.04464464206513981
0 0.43692446291098347 0.7111686582736786 0.041027791723114146 0.03977513154179633
0 0.45730996324966766 0.9356681293344835 0.04077548620519007 0.06468412628012458
0 0.5794893419255127 0.4857983899990014 0.03173467887824373 0.04079159997176518
0 0.6119853386461523 0.6124218031814158 0.03107958163720568 0.02829159997176518
0 0.5913153917892272 0.7413581452606731 0.02605788896415202 0.05136507892507787
0 0.6257589908392875 0.8004755400272362 0.0309976944820761 0.02672909997176518
0 0.6423168905460317 0.4884081795321274 0.02334896879233561 0.02939907366340595
0 0.611424337402957 0.36247501108804103 0.016607645861557073 0.01966005261671846
0 0.3528029319304615 0.31719812137138836 0.031079581637205766 0.02829159997176518
0 0.41838474558898586 0.5069361845820377 0.041103034825709095 0.07093412628012441
0 0.5505752843714238 0.8910543083725007 0.03625176051544958 0.06753611049510866
0 0.5098496285602442 0.607399645190086 0.03009029172311415 0.03913809471009326
0 0.5109008734718614 0.6872691557134297 0.0247476944820761 0.026365078925077688
0 0.2211013890756937 0.6900426291227217 0.03272396879233552 0.02994510523343692
0 0.26445524140511434 0.6201249712725663 0.025730340343632994 0.04511507892507769
0 0.6464953782215599 0.3737541453312604 0.03124335594746519 0.03141659997176518
0 0.6711545414959714 0.4256050716678545 0.034286468792335614 0.030036110495108837
0 0.7688837918346557 0.6455997822759028 0.029189533016686652 0.021950594710093262
0 0.6569514371303858 0.8723204479479788 0.04760534034363317 0.04638915258848364
0 0.8126691706220424 0.853063671780794 0.048021420171816584 0.024605157850155733
0 0.6702482179993661 0.6176483584995575 0.03584896879233561 0.030127115756780752
0 0.7178602023955338 0.6289807006494019 0.03732958163720568 0.028655621018452492
0 0.766160504295413 0.5039205164908872 0.02499335594746519 0.03105257892507769
0 0.7373328194242756 0.5220558664626523 0.026146420171816585 0.023331084186749607
0 0.7400992933049937 0.4701748480468009 0.03116146879233561 0.02985409997176518
0 0.42947497455808675 0.3746396240728115 0.0314071302577247 0.03454159997176518
0 0.2603597201470726 0.9157937870434644 0.03921963025772479 0.034996626280124586
0 0.7637226582975705 0.7415038164767698 0.0532821302577247 0.03581567363517095