0 0 0.555160990625 0.007129353125 0.586874196875 0.0303016046875 0.7385124390625 0.0487095578125 0.83211765625 0.07572606093749999 0.9326180328125 0.07621342656249999 0.9058999062499999 0.06749681874999999 0.8323791734375 0.029760426562499998 0.666611134375 0.0044768328125 0.45660039062499996 0 0.41257555 0 0.555160990625
0 0 0.147633921875 0.0010127640625 0.1531679859375 0.0066428609375 0.352365753125 0.027270215625 0.5709690468749999 0.0526080578125 0.7489859359375 0.07307310156249999 0.9329575109375 0.101714015625 0.9879352296875 0.1058290765625 0.9074413765625 0.0746979515625 0.7568215687500001 0.0527169953125 0.5543849437499999 0.04026506875 0.337401078125 0.01474725 0.0554497515625 0 0.0573368421875 0 0.147633921875
0 0.0721009953125 0.2027140546875 0.059540575 0.0497179015625 0.028215270312500002 0.053726356249999996 0.044001259375000004 0.21963764062500002 0.0388576546875 0.2549483140625 0.0578067875 0.4204548375 0.07437333125 0.6875581296875 0.0885039171875 0.8270254828124999 0.107670046875 0.8645565843749999 0.108049353125 0.7712128828125 0.097275653125 0.6073257921875 0.0868808203125 0.4807082859375 0.0721009953125 0.2027140546875
0 0.07141571249999999 0.0481983328125 0.08585315 0.17429853906249998 0.0954355578125 0.388984015625 0.0967344734375 0.5354244890625 0.10664149999999999 0.8193734046875001 0.1262407484375 0.8621802375 0.1240213453125 0.737182159375 0.1310063609375 0.5283734078125 0.113194271875 0.34406235625 0.09809135937499999 0.044784859375 0.07141571249999999 0.0481983328125
0 0.16771464375 0.5183449828125 0.1620302984375 0.351141071875 0.1472500359375 0.2037601234375 0.1338233765625 0.0402125109375 0.108767671875 0.04341869375 0.12104552187499999 0.1458050609375 0.1320357796875 0.3123300171875 0.13360550468750002 0.42941450000000003 0.1369077015625 0.5676019 0.135607909375 0.682387996875 0.1326837078125 0.84269675 0.133279134375 0.8826041968749999 0.148493390625 0.7740343046875 0.16040501093749998 0.657890296875 0.16771464375 0.5183449828125
0 0.1931622984375 0.24053430781250001 0.17402145 0.035068678125 0.14178225 0.0391940765625 0.150877728125 0.14998439531250002 0.17350836249999999 0.360334615625 0.17383298281249998 0.42959805624999997 0.16695646875 0.5744190984374999 0.1696089875 0.70469290625 0.154990159375 0.853170246875 0.1741562890625 0.8907013484374999 0.189966409375 0.6914256203125 0.19976669062500002 0.5169091078125 0.1931622984375 0.24053430781250001
0 0.1983597140625 0.3038430609375 0.201986528125 0.5112939015625 0.1819532875 0.7244379109375 0.192293871875 0.8830492703124999 0.21238092343749998 0.76852469375 0.2301405125 0.4623764640625 0.22153284062499998 0.19425473437500002 0.2081061828125 0.030707120312500003 0.1832091984375 0.03389299375 0.1983597140625 0.3038430609375
0 0.2049169875 0.0311152171875 0.233173215625 0.23807999999999999 0.22737949687499998 0.396090365625 0.2368538421875 0.5441502687499999 0.22071910312499998 0.674162559375 0.21817376875 0.87174089375 0.25547791875 0.7710066359375001 0.26711916874999997 0.55360533125 0.2671200453125 0.2923787640625 0.2261083921875 0.028403520312500003 0.2049169875 0.0311152171875
0 0.6914140265625 0 0.6954921515625 0.024317246875 0.70133880625 0.226152878125 0.6942452953125 0.49894933906250005 0.6732377578125 0.6349163140625 0.6790848515625 0.7061386609375 0.7143319078125 0.5150380453125 0.734852515625 0.2751759109375 0.7229960203125 0.098099496875 0.713405565625 0 0.6914140265625 0
0 0.6418520109375 0 0.65472305625 0.0828456703125 0.677137134375 0.29055802656249996 0.674375240625 0.48549849843750004 0.6386950625 0.6713233859375001 0.6380991984375 0.7620292234375 0.6927831921875 0.5791037171875 0.7116793890625 0.3847642390625 0.69635795 0.1654819890625 0.67707889375 0 0.6418520109375 0
0 0.6041210343750001 0 0.61752740625 0.11959222031250001 0.6363680390625001 0.34908645 0.6340935140624999 0.5173087984375 0.6006331765625 0.6975184765625 0.6073465062500001 0.7792922843750001 0.664196090625 0.6227454265625 0.6686904546875 0.44890787187500003 0.66170675625 0.26587677187500003 0.6519077890625 0.048553428125 0.64555751875 0 0.6041210343750001 0
0 0.5631004421875 0 0.5726979390625 0.096007359375 0.6029081390625 0.398682846875 0.5899675359375001 0.600256959375 0.562083921875 0.75043169375 0.5480067109375 0.8401970546875001 0.5985213968750001 0.769759259375 0.6411323375 0.407119475 0.611463315625 0.1763452921875 0.5969860140625001 0 0.5631004421875 0
0 0.510257575 0 0.557158628125 0.265927096875 0.559377590625 0.521538459375 0.539182040625 0.700050746875 0.5086454687499999 0.8505649578125001 0.5371783203125 0.8389171031249999 0.583362265625 0.585108728125 0.59218825 0.333415184375 0.5719940125 0.1200876203125 0.5509090578125 0 0.510257575 0
0 0.45628570625 0 0.512004103125 0.30369208125 0.506914309375 0.43762218593749996 0.5027445625 0.6807231796875 0.4688511078125 0.8556571312499999 0.49538068125 0.8522623484375 0.5406441421875 0.6198963703125 0.548549640625 0.38964522343749997 0.5254316375 0.206013125 0.497424178125 0 0.45628570625 0
0 0.448076465625 0 0.4223940234375 0.00328638125 0.4513653921875 0.21815638124999998 0.4625722109375 0.3873192 0.47177575000000005 0.56473509375 0.45742773124999997 0.6838564468749999 0.438585784375 0.84620206875 0.4615419140625 0.8645891593749999 0.506588815625 0.6295853171875 0.5027996890625 0.3875027578125 0.49792732968750003 0.262844159375 0.45541454375 0 0.448076465625 0
0 0.412978884375 0.17508803125 0.43030360468750006 0.386117209375 0.4355543953125 0.6786586796875 0.41557540312499996 0.85980883125 0.43771954687500003 0.8356506078124999 0.4691770421875 0.53308071875 0.4394542078125 0.2036871046875 0.4141330984375 0.004343465625 0.385714690625 0.007979948437499999 0.412978884375 0.17508803125
0 0.38688242968750003 0.18375854375 0.407564034375 0.3703679828125 0.4033942875 0.6134689765625 0.37892136718749997 0.8378434 0.41183965 0.8469589843750001 0.44010257187499996 0.603440553125 0.42553930624999997 0.3280841859375 0.37785671875000004 0.008985471875000001 0.3444878390625 0.0132554265625 0.38688242968750003 0.18375854375
0 0.32310120468750003 0.77834686875 0.35331228124999997 0.8197957859375 0.3640326078125 0.7544501640625 0.3677692359375 0.506073440625 0.357049784375 0.31019249531250004 0.3136254203125 0.01720465 0.2754548609375 0.0220890375 0.337557721875 0.59523780625 0.32310120468750003 0.77834686875
0 0.320388696875 0.01633920625 0.3442728046875 0.154558475 0.3579702703125 0.2887501 0.370963809375 0.4470219828125 0.35883475468750003 0.8217546953125 0.3778385734375 0.8246540765624999 0.412111334375 0.5563764265625 0.40935075468750004 0.35947704687500004 0.3589454421875 0.1047005625 0.3476517375 0.0128505671875 0.320388696875 0.01633920625
0 0.20359861901272938 0.619762012394836 0.02908000494291585 0.023601126463433174
0 0.20912571882244896 0.5416233768562166 0.024519838935304693 0.026698855386194254
0 0.14358429045754806 0.5974602863989411 0.042726010874414924 0.05179884933607006
0 0.24259874650277782 0.4102097503927834 0.029462006920082294 0.032976126463433175
0 0.2485078482896638 0.32269611485416405 0.022893671939110228 0.02512726502711473
0 0.20318471391671414 0.1698710967037914 0.03147017589344294 0.04392271682251274
0 0.01749523541839818 0.19285057533196498 0.03499047083679636 0.10961134933607006
0 0.05710562098989573 0.6112415061483201 0.03303267589344296 0.04393180718159222
0 0.14882488878439287 0.5263529008603216 0.03842051285158128 0.061146578258831144
0 0.24001628007742473 0.6461063437769251 0.03290534190105419 0.04080680718159222
0 0.2525454549822845 0.6069802112633679 0.02439250494291585 0.023573855386194255
0 0.187067693613578 0.6612546208060923 0.030960839923887828 0.0314227168225127
0 0.3669142914833123 0.19625581382089174 0.05041117688202608 0.04871930113146816
0 0.32202094414505067 0.2629075035160414 0.04703150889724857 0.042451120413308986
0 0.3014696580989458 0.03886147033855416 0.04084517589344294 0.04397725897699045
0 0.5162789856283629 0.460167802015231 0.036157675893442945 0.043949987899751616
0 0.5243209317877608 0.3203104164766115 0.03402217292769336 0.029878397540671918
0 0.47797912547570115 0.1924853983262389 0.03028967787060921 0.05328862646343309
0 0.5019060568063515 0.12283142847866406 0.03395850593149898 0.028315897540672007
0 0.5803242395826956 0.44104964247250644 0.026273339923887917 0.031395445745273955
0 0.573127210419492 0.579339982831586 0.01964133794672147 0.02198408430895533
0 0.31238868718778734 0.6909870517206433 0.03402217292769345 0.0298783975406721
0 0.3429542321683218 0.4775785366935287 0.04843218281352524 0.07682612041330898
0 0.4057433226236823 0.048408666280219774 0.0419911818249421 0.07210225897699044
0 0.41917317536197035 0.35138367535540604 0.03446784190105419 0.04081589754067192
0 0.4045787761602731 0.2686757144848217 0.027708505931498983 0.028279536104353475
0 0.10099617832771986 0.3391756086076481 0.03564833992388783 0.03144998789975162
0 0.16023191547613858 0.39975403942400317 0.030035009885831743 0.047038626463433174
0 0.6075804648681162 0.5580507901113743 0.03414950692008212 0.03300339754067192
0 0.623249227225406 0.49937977205919754 0.038837006920082115 0.03303066861791084
0 0.681937113612703 0.24753547092772932 0.03064250494291585 0.023610216822512697
0 0.520092324106557 0.04071382006740768 0.053536176882026255 0.04873748184962738
0 0.6872307445627925 0.02177694682542839 0.0510823389353046 0.026853391490547766
0 0.5837105192401909 0.3004382780111258 0.038837006920082115 0.03303066861791084
0 0.6315086906850095 0.2775093172387373 0.04189833992388792 0.031486349336070064
0 0.7064211659704303 0.3942332089256768 0.02789950692008212 0.032967036104353566
0 0.6725236684418882 0.3827144468254284 0.029143671939110403 0.025163626463433085
0 0.6867334070731816 0.43652524805509235 0.03408583992388792 0.0314408975406721
0 0.38119703699750696 0.6124802566392994 0.03590300790866543 0.03769998789975162
0 0.09764697973404493 0.09550287665982485 0.04377917490485976 0.039307939695149674
0 0.6578231343729496 0.14926159739116246 0.05777800790866543 0.03782725292686626