0 0.385 0.9175000000000001 0.225 0.8949999999999999 0.155 0.8925000000000001 0.13 0.8949999999999999 0.22749999999999998 0.9125 0.3175 0.9225 0.4625 0.9324999999999999 0.6075 0.9525 0.7175 0.9574999999999999 0.8425 0.9475 0.9974999999999999 0.975 0.9974999999999999 0.9275 0.8699999999999999 0.9199999999999999 0.7150000000000001 0.9275 0.585 0.925 0.385 0.9175000000000001
0 0.15 0.865 0.075 0.875 0.13 0.8975 0.305 0.9025000000000001 0.475 0.9125 0.6825 0.915 0.8699999999999999 0.905 0.9974999999999999 0.9175000000000001 0.9949999999999999 0.885 0.6925 0.8825 0.4875 0.8875 0.29500000000000004 0.8825 0.15 0.865
0 0.27749999999999997 0.8525 0.19 0.86 0.22749999999999998 0.875 0.36 0.8775000000000001 0.6125 0.8724999999999999 0.77 0.8775000000000001 0.8025 0.8699999999999999 0.9974999999999999 0.8724999999999999 0.9974999999999999 0.8425 0.8150000000000001 0.8425 0.5525 0.85 0.4325 0.85 0.27749999999999997 0.8525
0 0.19 0.8425 0.2325 0.8574999999999999 0.5 0.845 0.6375 0.835 0.8400000000000001 0.8275 0.9974999999999999 0.8324999999999999 0.9974999999999999 0.805 0.6775 0.8150000000000001 0.5025000000000001 0.8125 0.3075 0.835 0.19 0.8425
0 0.5075000000000001 0.7775000000000001 0.3775 0.795 0.27 0.8150000000000001 0.16999999999999998 0.8375 0.20750000000000002 0.835 0.35750000000000004 0.82 0.465 0.8099999999999999 0.595 0.8025 0.705 0.795 0.8625 0.7925 0.9974999999999999 0.7975 0.9974999999999999 0.7725 0.805 0.7725 0.665 0.77 0.5075000000000001 0.7775000000000001
0 0.1575 0.8 0.195 0.8150000000000001 0.3325 0.79 0.45499999999999996 0.7825 0.5900000000000001 0.765 0.655 0.76 0.8550000000000001 0.765 0.9974999999999999 0.765 0.9949999999999999 0.735 0.765 0.7325 0.505 0.7474999999999999 0.34249999999999997 0.77 0.1575 0.8
0 0.1625 0.7825 0.3125 0.78 0.51 0.745 0.705 0.7325 0.9974999999999999 0.725 0.9875 0.7025 0.805 0.7025 0.5525 0.7150000000000001 0.26749999999999996 0.755 0.1625 0.7825
0 0.16999999999999998 0.7575000000000001 0.355 0.74 0.475 0.7150000000000001 0.615 0.7125 0.7625 0.6950000000000001 0.9974999999999999 0.7075 0.9875 0.6875 0.7075 0.6675 0.4625 0.6875 0.26 0.7150000000000001 0.16999999999999998 0.7575000000000001
0 0.27 0.315 0.3375 0.315 0.4625 0.28500000000000003 0.7175 0.2575 0.9075 0.2475 0.9974999999999999 0.255 0.9974999999999999 0.22999999999999998 0.835 0.22749999999999998 0.6675 0.22999999999999998 0.445 0.26749999999999996 0.27 0.315
0 0.2225 0.35750000000000004 0.3075 0.35 0.47750000000000004 0.3025 0.6599999999999999 0.28500000000000003 0.8574999999999999 0.29 0.9974999999999999 0.3 0.9974999999999999 0.265 0.775 0.2575 0.5675 0.26 0.3875 0.2925 0.2225 0.35750000000000004
0 0.35 0.3225 0.21000000000000002 0.3875 0.2875 0.3875 0.4525 0.34249999999999997 0.61 0.3275 0.8275 0.3275 0.9974999999999999 0.3325 0.9949999999999999 0.29500000000000004 0.89 0.29 0.6849999999999999 0.2975 0.5125 0.305 0.35 0.3225
0 0.16 0.44749999999999995 0.2425 0.42750000000000005 0.38 0.39 0.5675 0.3625 0.8550000000000001 0.3675 0.9974999999999999 0.37 0.9974999999999999 0.3375 0.775 0.3375 0.5549999999999999 0.3275 0.22000000000000003 0.395 0.16 0.44749999999999995
0 0.1625 0.4575 0.155 0.485 0.2925 0.445 0.4575 0.4125 0.6975 0.395 0.9974999999999999 0.4225 0.9974999999999999 0.385 0.8324999999999999 0.37 0.63 0.3675 0.395 0.395 0.1625 0.4575
0 0.155 0.49749999999999994 0.155 0.5225 0.315 0.47750000000000004 0.5425 0.45499999999999996 0.6675 0.44000000000000006 0.9974999999999999 0.4725 0.9949999999999999 0.4325 0.7575000000000001 0.42000000000000004 0.5825 0.4125 0.3675 0.4375 0.155 0.49749999999999994
0 0.14750000000000002 0.53 0.1675 0.55 0.3175 0.52 0.42750000000000005 0.49749999999999994 0.595 0.4925 0.755 0.49000000000000005 0.9974999999999999 0.5025000000000001 0.9974999999999999 0.4725 0.7075 0.45 0.5900000000000001 0.45499999999999996 0.3625 0.47000000000000003 0.14750000000000002 0.53
0 0.1775 0.55 0.1575 0.5725 0.325 0.54 0.6 0.5225 0.8 0.5225 0.99 0.5375 0.9974999999999999 0.51 0.77 0.5 0.4575 0.49749999999999994 0.1775 0.55
0 0.1825 0.605 0.39 0.5650000000000001 0.6174999999999999 0.5425 0.795 0.5475 0.9974999999999999 0.58 0.9974999999999999 0.545 0.655 0.5225 0.395 0.53 0.16999999999999998 0.575 0.1825 0.605
0 0.20249999999999999 0.6275000000000001 0.24500000000000002 0.6525000000000001 0.41500000000000004 0.625 0.9974999999999999 0.64 0.99 0.605 0.6799999999999999 0.585 0.495 0.5900000000000001 0.2625 0.6125 0.20249999999999999 0.6275000000000001
0 0.4425 0.5525 0.195 0.605 0.2 0.6224999999999999 0.55 0.5825 0.7 0.5825 0.8275 0.585 0.9974999999999999 0.6 0.9974999999999999 0.5725 0.8724999999999999 0.5675 0.6275000000000001 0.54 0.4425 0.5525
0 0.4078125 0.7515625 0.01875 0.025
0 0.48046875 0.740625 0.0234375 0.01875
0 0.43671875 0.80625 0.0453125 0.03125
0 0.6 0.69921875 0.028125 0.0234375
0 0.68125 0.68671875 0.021875 0.0171875
0 0.8296875 0.71796875 0.0375 0.0234375
0 0.83125 0.89765625 0.1 0.0265625
0 0.43359375 0.8875 0.0390625 0.025
0 0.50234375 0.7953125 0.0546875 0.028125
0 0.37890625 0.7203125 0.0359375 0.025
0 0.4140625 0.70546875 0.01875 0.0203125
0 0.37109375 0.7703125 0.0265625 0.025
0 0.7859375 0.5671875 0.040625 0.040625
0 0.72890625 0.6140625 0.0359375 0.0375
0 0.95390625 0.6171875 0.0609375 0.034375
0 0.5203125 0.4484375 0.0375 0.028125
0 0.65 0.4296875 0.025 0.028125
0 0.77578125 0.46328125 0.0484375 0.0203125
0 0.83828125 0.4359375 0.0234375 0.028125
0 0.53046875 0.38671875 0.0265625 0.0203125
0 0.4015625 0.40390625 0.01875 0.0140625
0 0.328125 0.65625 0.025 0.028125
0 0.52421875 0.6109375 0.0671875 0.034375
0 0.91953125 0.51953125 0.0640625 0.0296875
0 0.63359375 0.53046875 0.0359375 0.0265625
0 0.71328125 0.5375 0.0234375 0.021875
0 0.68359375 0.82578125 0.0265625 0.0296875
0 0.61953125 0.775 0.0421875 0.021875
0 0.4171875 0.3703125 0.028125 0.028125
0 0.47109375 0.3515625 0.0265625 0.03125
0 0.7 0.27734375 0.01875 0.0265625
0 0.91328125 0.4125 0.0421875 0.04375
0 0.9109375 0.25546875 0.01875 0.0453125
0 0.66171875 0.37265625 0.0265625 0.0328125
0 0.678125 0.3265625 0.025 0.034375
0 0.559375 0.265625 0.028125 0.021875
0 0.57421875 0.29609375 0.0203125 0.0234375
0 0.52265625 0.2875 0.0265625 0.028125
0 0.39375 0.5859375 0.03125 0.028125
0 0.9125 0.81015625 0.03125 0.0359375
0 0.79453125 0.2921875 0.0296875 0.05