0 0.0310133546875 0.848262415625 0.1316947765625 0.8746920609375 0.225429309375 0.8925536468749999 0.37723835 0.9148410234375 0.527750909375 0.9477477859375 0.6432516859375 0.961909059375 0.7765356875 0.9613482828125001 0.784629765625 0.9634552812500001 0.9423626328125 0.9561087546874999 0.9427931781250001 0.952582190625 0.80913826875 0.9343578671874999 0.64450138125 0.9298497265625001 0.50755848125 0.9167339234374999 0.2973508109375 0.8926756046875 0.13132387031249998 0.8559069609375 0.05773498125 0.84761929375 0.0310133546875 0.848262415625
0 0 0.8351605265625001 0.030689234375000003 0.8509172640625 0.214823521875 0.8703090140624999 0.3930300671875 0.8946081109374999 0.6118052296875 0.91396025625 0.8110829921875 0.9184287875000001 0.9440896609375 0.9419628031249999 0.9456634765624999 0.9072486265625 0.6265778 0.8802519390624999 0.40947002499999996 0.8690655062499999 0.2068574859375 0.8482655515624999 0.0560208046875 0.8180136359375 0 0.8212042796875 0 0.8351605265625001
0 0.7443474203125 0.8758292859375001 0.9499238312499999 0.8941755640625001 0.953813278125 0.8623174062500001 0.7611114984375 0.8476318328125 0.4829653453125 0.8344732875 0.35625732499999996 0.8248170187499999 0.1922686796875 0.8149991875 0.098905053125 0.8159226984375 0.1365565859375 0.8348693624999999 0.27613923749999997 0.8481863374999999 0.54340226875 0.8631950406250001 0.709058303125 0.881178584375 0.7443474203125 0.8758292859375001
0 0.9586750875 0.822494709375 0.619490553125 0.8073640484375 0.4350321453125 0.7906271421875 0.226214528125 0.798829328125 0.10117389843749999 0.797338771875 0.14410493124999998 0.8166877796875 0.42817882812499997 0.8249389765625 0.57466158125 0.8253840640625001 0.789453725 0.8337144750000001 0.9551097609375001 0.851698021875 0.9586750875 0.822494709375
0 0.5339993921875 0.78745113125 0.651120771875 0.7883381703125 0.8177491671875 0.798357175 0.9596474484374999 0.8145301703125 0.9628886546875 0.7879817046875 0.7596278734374999 0.772491440625 0.6121259718750001 0.7585709484375001 0.444849334375 0.7538616359375 0.30531346875 0.76198460625 0.1892112375 0.774572971875 0.0807041359375 0.7904197 0.12062451249999999 0.7907824390625 0.28095425937499996 0.78692369375 0.3957600109375 0.7849547140625 0.5339993921875 0.78745113125
0 0.258446203125 0.7530538140624999 0.38876633437499997 0.7549467140624999 0.5335816999999999 0.7472260875 0.602863453125 0.7471468734375 0.8133952421874999 0.7685503453125 0.9638610156249999 0.7800171640625 0.9651107124999999 0.7479578328125001 0.722577796875 0.7267951390625 0.44609903125 0.7218023046875001 0.27159816875 0.7326197296875 0.0723671921875 0.7495911421875 0.11001872500000001 0.7685378046875 0.258446203125 0.7530538140624999
0 0.9614050296875 0.712841309375 0.76870325 0.6981557359375 0.5004678578124999 0.6911115734375 0.1943503796875 0.7106554828125 0.0799155375 0.7314095609375 0.23862468125 0.7408250484375001 0.4517026515625 0.7195498046875 0.6592237875 0.72196700625 0.9690469453125001 0.7375396171874999 0.9614050296875 0.712841309375
0 0.7247998546875001 0.68677126875 0.9713157906250001 0.71895569375 0.963349753125 0.69691223125 0.670290671875 0.6531421671875 0.40900216875 0.6546660609375 0.191617059375 0.667574421875 0.0910759953125 0.7054646109375 0.28868636875 0.7017674296874999 0.41863559375000003 0.684875234375 0.5667857374999999 0.6934860328125 0.7247998546875001 0.68677126875
0 1 0.2088283203125 0.8619631671875 0.19614895625 0.6847757703124999 0.1853252640625 0.44497617500000003 0.20724363281249997 0.25403535625 0.243603659375 0.32530861718750004 0.249035309375 0.461185584375 0.22723576250000002 0.7340054515625 0.21855202031249998 0.9359229640625 0.22322172343750002 1 0.2335812484375 1 0.2088283203125
0 1 0.2458762203125 0.7947197109374999 0.22317898125000002 0.5752963078125 0.20913653281250003 0.3810207109375 0.2291651359375 0.1983700484375 0.284913778125 0.2890939234375 0.2837890953125 0.4747552421875 0.2470267234375 0.669725865625 0.2431283703125 0.87761790625 0.264330671875 1 0.2826091421875 1 0.2458762203125
0 1 0.2779391109375 0.9119346625 0.2669459109375 0.6945027671874999 0.25841432656249996 0.5113876281249999 0.2524979828125 0.33753500625 0.2580057109375 0.1812818484375 0.3157660765625 0.2631141125 0.3220024140625 0.443171809375 0.28749254375 0.6114208078125001 0.28423731874999997 0.8410790921875 0.301739303125 1 0.318612284375 1 0.2779391109375
0 1 0.32456866562500003 0.7843478515625 0.3081340703125 0.5533462984375 0.279811528125 0.1908684890625 0.3245353046875 0.120707946875 0.3754589484375 0.210412675 0.36085886093749997 0.36046075625 0.33210063437500004 0.5620073640625 0.317985240625 0.8649304171875001 0.3464297421875 1 0.35913379375 1 0.32456866562500003
0 1 0.37425500624999997 0.8408485421874999 0.3472740390625 0.62735288125 0.328324240625 0.3756510171875 0.3386173625 0.12205121562500001 0.3862795078125 0.1105666375 0.41487930312500004 0.2609388390625 0.38346623125 0.439375934375 0.36223059375 0.695060815625 0.362959203125 1 0.4148954265625 1 0.37425500624999997
0 1 0.42615867031250004 0.7551736203125 0.394335803125 0.5713634546875 0.37228920468750004 0.3411037125 0.38153685937500004 0.10894603437499999 0.428153534375 0.105704828125 0.45470200156249996 0.280483025 0.41978978749999996 0.523617396875 0.4142028421875 0.657549640625 0.4083323734375 1 0.4690837859375 1 0.42615867031250004
0 1 0.46912244375 0.6984891640625001 0.42217051562499996 0.573772653125 0.4180251140625 0.33161064375 0.41564751875 0.096813215625 0.46206302343749994 0.11533825312499998 0.48491117343749995 0.277612725 0.46512335 0.396678828125 0.45008130937499996 0.574190346875 0.4582501578125 0.7434584921875 0.4684703328125 0.9978936781250001 0.501258275 1 0.4840055625 1 0.46912244375
0 0.9854367390625001 0.5378226109375001 0.9969213171875 0.509222815625 0.7580005125 0.4802967546875 0.428355834375 0.4524953765625 0.12589725624999998 0.48571586250000004 0.10186216562499999 0.5080001046875 0.28293901250000003 0.4869656390625 0.5755804 0.4905106609375 0.7867604328125 0.5066044390625 0.9854367390625001 0.5378226109375001
0 0.633654909375 0.49493645 0.35814850468750004 0.4819790765625 0.1147367984375 0.5116608140625 0.124046103125 0.5445248328125001 0.34833131562499997 0.5187445828125 0.5914656890625001 0.5131576375 0.7782397265625 0.5327505609375 0.987845940625 0.5835585171875 0.992383628125 0.5463906656249999 0.633654909375 0.49493645
0 0.4559596265625 0.553742284375 0.207545753125 0.558926884375 0.1422470203125 0.5700278296875 0.18388157031250002 0.599996221875 0.366949925 0.5844726234375 0.9800670468750001 0.6472748359375 0.9766854828125 0.6095034671875 0.6519493984375 0.5633193359375 0.4559596265625 0.553742284375
0 0.9888183015625 0.575593978125 0.8574790234374999 0.5602256718749999 0.602348809375 0.51130748125 0.405386678125 0.5096949687500001 0.1372448546875 0.5455306953125 0.14025551249999998 0.5645169625 0.515006496875 0.550203534375 0.673391521875 0.56227386875 0.807694671875 0.575188496875 0.9852529750000001 0.6047972890625 0.9888183015625 0.575593978125
0 0.34296875 0.7184009737402643 0.0234375 0.029216619106587773
0 0.42109375 0.7124184933849713 0.0265625 0.0246746683207995
0 0.36640625 0.7790281046336764 0.0515625 0.04302656203449331
0 0.553125 0.6781440390845266 0.0328125 0.029653266749222952
0 0.63984375 0.6717612983901514 0.025 0.02303939371369381
0 0.79296875 0.7161918868937773 0.04375 0.03172518899896417
0 0.77109375 0.9078357313932595 0.109375 0.045719222497410075
0 0.35234375 0.8648393260976291 0.04375 0.03328768899896417
0 0.4375 0.7725918600103598 0.0609375 0.03877570967712849
0 0.31640625 0.6829193920610639 0.040625 0.033142139784752445
0 0.35625 0.6693448895798646 0.0234375 0.024529119106587772
0 0.3015625 0.7351732508285694 0.03125 0.031142992142117264
0 0.76640625 0.5525853052145769 0.0484375 0.05069351282028158
0 0.7 0.597865726016576 0.0421875 0.04727741439185813
0 0.9375 0.6196164857364856 0.0703125 0.04858735731976367
0 0.50078125 0.4048007384225727 0.04375 0.036412688998963993
0 0.640625 0.39594366108659845 0.0296875 0.03419521753501122
0 0.76875 0.44231989330391813 0.053125 0.030599336641598994
0 0.83828125 0.41720642328770746 0.028125 0.03412244292790554
0 0.51953125 0.34064619313730243 0.03125 0.026455492142117086
0 0.38203125 0.34861285856261787 0.021875 0.019768844499481998
0 0.271875 0.6107747183635809 0.0296875 0.03419521753501122
0 0.484375 0.5790023717971842 0.0765625 0.048878455748187125
0 0.91328125 0.5129319921466264 0.071875 0.042410131926869356
0 0.609375 0.5013054032287156 0.040625 0.034704639784752266
0 0.69296875 0.5161619617485522 0.028125 0.027872442927905538
0 0.625 0.8193276571576572 0.03125 0.03583049214211727
0 0.56328125 0.7604835041383384 0.046875 0.03030823821317572
0 0.40234375 0.3140730386702417 0.0328125 0.03434076674922304
0 0.46171875 0.2980263536002191 0.0328125 0.03902826674922304
0 0.71328125 0.23787214185617608 0.0234375 0.03077911910658786
0 0.9203125 0.39854200641465 0.0484375 0.053818512820281585
0 0.93828125 0.23208009843293262 0.0265625 0.05123716832079959
0 0.66015625 0.3364402284977753 0.0328125 0.03902826674922295
0 0.68359375 0.2884736093911874 0.03125 0.042080492142117086
0 0.565625 0.21428059222767964 0.0328125 0.02809076674922295
0 0.578125 0.24807339537083278 0.025 0.029289393713693723
0 0.52421875 0.23417786931598483 0.03125 0.034267992142117086
0 0.35 0.541510988008288 0.0375 0.03612159057054054
0 0.86796875 0.8212924557526963 0.0390625 0.044006865177646404
0 0.8109375 0.26222997891206 0.0375 0.05799659057054054