0 1 0.8966297890625 0.931421578125 0.8973890265625 0.7669449828125 0.9168774187500001 0.62861604375 0.9238810921875 0.41564399218750003 0.930773053125 0.2445515125 0.9187521593750001 0.170016709375 0.9212971828125 0.143544128125 0.9258116921875 0.24796776406249998 0.9371635390625 0.3440922046875 0.9411025109375 0.49869460468750004 0.9409543828125001 0.6537302421875 0.9514332046874999 0.770902778125 0.9485724843750001 0.9033739953125 0.9286566796875 1 0.9389634609374999 1 0.8966297890625
0 1 0.8547755734375 0.741072621875 0.87072815 0.5233259390625 0.8912753484374999 0.3184364625 0.9002667140625 0.163509134375 0.8924446312500001 0.0841996984375 0.90864489375 0.1436524359375 0.9284684265625 0.32993529062500004 0.9207775015624999 0.5111185796875 0.918771603125 0.73184828125 0.9060088374999999 0.9307717249999999 0.8814486046875001 1 0.8833860484375 1 0.8547755734375
0 1 0.8100024875 0.8695860453125001 0.8191172812499999 0.5908116203125 0.8465940906249999 0.4632233453125 0.85551139375 0.29853013281249996 0.8696863125000001 0.2058219421875 0.8841587234375 0.24634313125 0.8973124875 0.387330159375 0.8901230359375001 0.6555805375 0.866046071875 0.8232567640624999 0.8596555859375 0.8574869984375001 0.8492702718749999 1 0.8411402703125 1 0.8100024875
0 1 0.7719824562500001 0.7221997499999999 0.8001109171874999 0.5360252062499999 0.81045858125 0.3296690390625 0.8488598296875001 0.20506377968749998 0.865561565625 0.250901146875 0.8783437749999999 0.5347751328125 0.8451819359374999 0.68053679375 0.824337246875 0.8955170828125001 0.8013190890624999 1 0.79733703125 1 0.7719824562500001
0 1 0.7354019 0.8559210421874999 0.7454717578125 0.706959746875 0.7532185421875 0.5398250609375 0.7728927109375 0.40236259218750003 0.8011502796875 0.2889312328125 0.830392590625 0.18358245 0.861734309375 0.223345478125 0.856290915625 0.3821809671875 0.8292038671874999 0.4960455625 0.8105885015625001 0.6339412671875 0.7929578796875 0.7505722578125 0.776813475 0.9179235609375 0.762452778125 1 0.7597587390625 1 0.7354019
0 1 0.6948240625000001 0.811658675 0.7059364031250001 0.5358672656250001 0.7411976453125 0.36406625625 0.7771837921875 0.1686673734375 0.8228121406250001 0.2091885609375 0.83596590625 0.354300371875 0.7991807953125 0.48422180781249996 0.7821075046875 0.62700045625 0.75347838125 0.6958941546874999 0.7433347015625 0.908757896875 0.733786003125 1 0.7274089796875 1 0.6948240625000001
0 1 0.6608013140625 0.85288839375 0.6710831265625 0.58496294375 0.7031303 0.28367373281249997 0.7668166859375 0.1732253890625 0.8038434296875 0.33260242500000003 0.7900400640624999 0.5410751359375 0.7381693546875 0.7478645390625001 0.7103950546875 1 0.68628608125 1 0.6608013140625
0 1 0.641511709375 0.7477065984375 0.6411341187499999 0.488080340625 0.6805941734375 0.2739665234375 0.724866225 0.18011656874999998 0.776718728125 0.376056996875 0.744374065625 0.50256218125 0.7088893921875 0.6513068609375 0.6958291359375 0.807375953125 0.6662711265625 1 0.6630561078125 1 0.641511709375
0 1 0.1602574046875 0.9998543078125 0.15668368125 0.8642067843750001 0.1640737984375 0.6862231265625 0.1791776046875 0.4512778328125 0.2355628234375 0.267269465625 0.2990452234375 0.339037871875 0.294029240625 0.47064261875 0.2528595421875 0.7405763046875 0.2046861671875 0.9421578390625 0.17994015937500002 1 0.18071260312499998 1 0.1602574046875
0 1 0.1932450234375 0.8017123546875 0.20041329375 0.581199271875 0.2184895328125 0.3912248734375 0.2664030671875 0.21860702656250003 0.34773951406250003 0.3086571265625 0.33345288281249996 0.48734931406250004 0.2703420359375 0.6806316546875 0.23818314687500003 0.8908373062500001 0.22882022656249998 1 0.2289836046875 1 0.1932450234375
0 1 0.2247448640625 0.925392465625 0.22640512343750002 0.707754090625 0.2496090609375 0.5246708703125 0.27039789375 0.3526532421875 0.3010705640625 0.20661628593749998 0.38054924375 0.289017046875 0.3747901515625 0.46250136406250003 0.314707596875 0.6293111234375 0.2870632171875 0.8605648718750001 0.2709006046875 1 0.2652610171875 1 0.2247448640625
0 1 0.2718125375 0.8051782375000001 0.285428871875 0.5708331640625001 0.29115031406249997 0.2175735671875 0.3877763453125 0.15605391562499998 0.44802646875 0.242904384375 0.42064192968749997 0.3874746515625 0.37057313281250004 0.5856399328124999 0.32741574375 0.8915367921874999 0.3113648453125 1 0.30569017187499997 1 0.2718125375
0 1 0.3184574171875 0.8677223 0.315693578125 0.6523087765625 0.32808478750000003 0.40363980312500003 0.3747719453125 0.15914524218749998 0.4584676390625 0.15236237187499999 0.488249075 0.296824328125 0.43552354531250004 0.47085019062500005 0.3887246734375 0.725268578125 0.35229291093750004 1 0.35824028124999996 1 0.3184574171875
0 1 0.370781759375 0.7901458046875 0.374401628125 0.60375464375 0.37943581718749997 0.3762420734375 0.4219800203125 0.152903915625 0.5015327609375 0.153987003125 0.5281001296875 0.3221551453125 0.4683891296875 0.56306646875 0.4275727765625 0.69532106875 0.4023435 1 0.411005346875 1 0.370781759375
0 1 0.41199526718749996 0.7382837296875 0.4099980125 0.6135701609375 0.42404301093749996 0.372333909375 0.456889153125 0.14633766406249998 0.5366276703125 0.1684688453125 0.5563953500000001 0.3266544828125 0.5133678781250001 0.44263562343749996 0.48128305468750004 0.620510971875 0.46352251093749997 0.7905203625 0.44897603750000004 1 0.4451357390625 1 0.41199526718749996
0 1 0.4534849328125 0.8069021328125 0.458488321875 0.4745326921875 0.47905372812499997 0.1791012015625 0.555652240625 0.15881126875 0.5810490875000001 0.33549522187499997 0.5340644421875 0.6271268546875 0.4950317984375 0.8397739812499999 0.48016962812499997 1 0.4816095890625 1 0.4534849328125
0 1 0.4896179765625 0.685604815625 0.49094470156250003 0.4094884796875 0.5182357343749999 0.1722100234375 0.5827769390624999 0.18680017499999998 0.613728896875 0.40568862499999997 0.555801603125 0.6465999499999999 0.5149852546875 0.835540890625 0.5071085515625 1 0.52189881875 1 0.4896179765625
0 1 0.5539675578125001 0.7148934265625 0.5555053531249999 0.5184114531249999 0.574566334375 0.27218395 0.6157542390625 0.20903966562499998 0.6361533109375 0.25531026875 0.65956246875 0.43486892812500005 0.6177055171875 1 0.5927792890625 1 0.5539675578125001
0 1 0.520178728125 0.9188081218749999 0.522603353125 0.6571239984374999 0.5115854093750001 0.4609669515625 0.5386166 0.2000906203125 0.6128000109375 0.20616496093749997 0.631025615625 0.5765644859375 0.562509025 0.73604983125 0.551362396875 0.87172068125 0.5445445 1 0.546883496875 1 0.520178728125
0 0.43286389142996595 0.7524777103130509 0.02093074905006951 0.02762703301668683
0 0.5098985169049313 0.7351430461341282 0.025472778685347208 0.0216226944820761
0 0.4654594923036465 0.8086524672104559 0.04927395459715278 0.03847600180902226
0 0.6346069229651048 0.6824573801461831 0.030269381458888845 0.02655585594746519
0 0.7209801808488894 0.6630688930364819 0.023873911094166544 0.019978307326946342
0 0.8795200326725006 0.686048290368377 0.041206881458888844 0.027129066033373485
0 0.8886443787965286 0.8764276289029876 0.10694098423243048 0.03525582654882342
0 0.4658972098185771 0.8946718543655855 0.04124324905006951 0.028691566033373306
0 0.5346998015742022 0.7925084888071818 0.05853985182361114 0.034279824739800804
0 0.4000871058107645 0.7221251469932108 0.03811824905006951 0.028527791723113972
0 0.4372052461033686 0.7037536052700968 0.020821646276527873 0.02293953301668683
0 0.3950736039109034 0.7755776956137298 0.02874324905006951 0.028036468792335612
0 0.8273548545764935 0.5284305421773994 0.04476829255305574 0.04604284034363317
0 0.7683805512898616 0.5823644476498947 0.03844555737069442 0.04259029172311415
0 0.9867064450978476 0.5689692537336455 0.02658710980430499 0.03650406603337366
0 0.5393801162600005 0.42228119798857905 0.04131598423243048 0.03181656603337366
0 0.6755715361878822 0.39245982191472567 0.02725348423243048 0.031079581637205766
0 0.8115096893982642 0.41897033299600217 0.05210801386770854 0.026139776119281775
0 0.8772249551658338 0.3858026289029877 0.02569098423243048 0.0309976944820761
0 0.547227677430417 0.3561648750578005 0.028634146276527873 0.02334896879233561
0 0.41098170611576423 0.38364250113165377 0.020676175911805574 0.01668953301668674
0 0.3438357993900006 0.6578036974227521 0.02725348423243057 0.03107958163720568
0 0.5504299850854519 0.5945689557904952 0.07278418977951392 0.04282930913596861
0 0.9656026233844794 0.4679766417932865 0.06879475323104103 0.0364155348257091
0 0.6632371499793408 0.5010502498884584 0.03815461664125017 0.03009029172311415
0 0.748538870344063 0.5028373999338869 0.02554551386770836 0.0247476944820761
0 0.7291044182154521 0.8104794815710926 0.028852351823611143 0.03272396879233561
0 0.6591361039109034 0.7617387663968017 0.04429551386770836 0.025730340343632994
0 0.4257702515186114 0.34688612958035625 0.030378484232430482 0.03124335594746528
0 0.48310997283326423 0.32354380484055545 0.028925087005972117 0.03584896879233561
0 0.7233518067051043 0.22725754579544385 0.020967116641249995 0.02918953301668683
0 0.9555129561157643 0.35510482756893524 0.046403527735416714 0.049249727498762844
0 0.9461528738594446 0.1882039326118894 0.023002395326597026 0.049583920171816495
0 0.6858719501318407 0.3309081682512526 0.028925087005972117 0.035848968792335525
0 0.7019320548052433 0.2815699095448253 0.027435322188333444 0.03889208163720577
0 0.5731154173624308 0.22496246268790004 0.03023301386770836 0.024993355947465278
0 0.5894859529816322 0.25617484113660255 0.022456881458888845 0.026146420171816585
0 0.5345984312301392 0.2504471415661439 0.02881598423243048 0.03116146879233552
0 0.4108037874221533 0.577638162597043 0.03506598423243048 0.031489017412854634
0 0.9716003895301049 0.7774335289484162 0.035247822188333444 0.039301517412854634
0 0.8236791150257293 0.23607926786713979 0.03404899810013902 0.05484463025772479