0 0.6071424999999999 0 0.3125 0.3946425 0 0.8513225 0 0.933465 0.39285749999999997 0.423215 0.7410725 0 0.6071424999999999 0
0 0 0.9974999999999999 0.3125 0.9974999999999999 0.4785725 0.7767850000000001 0.573215 0.5982149999999999 0.6821425 0.48392749999999995 0.8285724999999999 0.3875 0.9974999999999999 0.2035725 0.9974999999999999 0.0035725 0.775 0 0.49642749999999997 0.3428575 0.055357500000000004 0.9285724999999999 0 0.9974999999999999
0 0.1984375 0.38359375 0.04296875 0.05
0 0.4109375 0.08203125 0.04296875 0.0609375
0 0.1375 0.48359375 0.03203125 0.04609375
0 0.3140625 0.29296875 0.05 0.05
0 0.335715 0 0.123215 0.2928575 0 0.5178575000000001 0.0017850000000000001 0.560715 0.1321425 0.3785725 0.2446425 0.2428575 0.31428500000000004 0.1339275 0.4035725 0 0.335715 0
0 0.10535749999999999 0.5285725 0.0446425 0.6196425 0.0714275 0.623215 0.1303575 0.5321425 0.10535749999999999 0.5285725
0 0.0803575 0.551785 0.0428575 0.5357149999999999 0 0.6178575000000001 0.0017850000000000001 0.6714275 0.0803575 0.551785
0 0.0875 0.22678500000000001 0.0696425 0.21607249999999997 0.005357499999999999 0.325 0.039285 0.3160725 0.0875 0.22678500000000001
0 0.6785725 0.5303575 0.8464275000000001 0.398215 0.8660724999999999 0.360715 0.676785 0.489285 0.6196425 0.5660725 0.31071499999999996 0.9964275 0.41785750000000005 0.9974999999999999 0.6035725000000001 0.664285 0.6785725 0.5303575