0 0.683445584375 0 0.37894231562499997 0.327111390625 0.06024174375 0.699102190625 0.0913150203125 0.837360190625 0.42791770937500007 0.404761546875 0.7644292218750001 0 0.683445584375 0
0 0.8203947843750001 0 0.36796989375 0.5325020515625 0.09939605 0.8733160718749999 0.12702593281250002 0.996252971875 0.41549105468749997 0.98281749375 0.49325427499999996 0.8707954859375 0.55996275625 0.69424869375 0.654280515625 0.552872740625 0.819481921875 0.41132623593749995 0.9793615125 0.22329852187500002 0.92917550625 0 0.8203947843750001 0
0 0.34094829342324345 0.20960817059711118 0.06348461124870504 0.0575257096771284
0 0.0743602227022978 0.5038848252690598 0.07613016046291672 0.061232906533975395
0 0.43162248924663305 0.1223928068672068 0.05665241439185813 0.044734611248705036
0 0.27246162075921776 0.3529451017381923 0.06377570967712849 0.06377570967712849
0 0.40032981406249996 0 0.2273653375 0.15234261093749998 0.018160057812499998 0.38990373749999996 0.0222568203125 0.4778628484375 0.1055512328125 0.3905249890625 0.203515146875 0.2916721578125 0.31949359843749997 0.141486509375 0.44574154374999997 0 0.40032981406249996 0
0 0.5450480468750001 0 0.47070676875000006 0.0779500609375 0.480357090625 0.10336331562500001 0.562094971875 0.019976209375 0.5547199093749999 0 0.5450480468750001 0
0 0.4760190890625 0 0.46345564375 0.010624370312500001 0.48918440781249994 0.0462150921875 0.5338751562499999 0 0.4760190890625 0
0 0.222278921875 0.0313354703125 0.134077721875 0.114203075 0.1495434484375 0.1304291046875 0.23193581874999997 0.058716610937500004 0.23301564218749998 0.028922409375000003 0.222278921875 0.0313354703125
0 1 0.315127784375 0.9784523203125 0.219253146875 0.63148199375 0.6092194828124999 0.5643248203125 0.6873574734375001 0.47397515625000003 0.9165016609375 0.5087220375 0.8870182984375001 0.6078825765625 0.6795400546875 0.7308351984375 0.5691601953125 1 0.3285036203125 1 0.315127784375