0 0.00566768125 0.6219199921875 0.008859510937499999 0.7591933328125 0.43199113437500003 0.41896868125 0.9264189875 0.0485515625 0.8418418828125 0.044119064062500005 0.40077563281249995 0.3354637640625 0.00566768125 0.6219199921875
0 0.2562971328125 1 0.4057684359375 0.8649163890624999 0.501148634375 0.7180735796875 0.6157371640625 0.610364359375 0.796580653125 0.5196217 0.9987855984375 0.37180162499999997 0.9913516734375 0.05208519375 0.9421201734375 0.09066471875 0.3520659078125 0.5223950109375 0.0096698359375 0.79404368125 0.0134343296875 0.9559460328125 0.01516430625 1 0.2562971328125 1
0 0.38708288524403184 0.21710112731704873 0.0518261204133089 0.048014776119281774
0 0.08291405659241717 0.42452968848918216 0.0627636204133089 0.048587986205190246
0 0.4882772257013073 0.1591425424004826 0.04707498789975162 0.03683161465389255
0 0.296385683252242 0.33418572874195823 0.05343407220870704 0.05590916327441153
0 0.5054857953125 0.0264913875 0.291889784375 0.137528975 0.0019862578125 0.341408684375 0.0023978687499999997 0.4121587546875 0.133486109375 0.32795099843750003 0.2435187390625 0.26037276875000004 0.37999335312500004 0.1497646890625 0.5541922921875 0.0290439875 0.5054857953125 0.0264913875
0 0.625093596875 0.068593471875 0.5331612031249999 0.12764847343750002 0.5374184625 0.1534370078125 0.62939601875 0.09621426250000001 0.625093596875 0.068593471875
0 0.6040555249999999 0.031657209375 0.538993359375 0.063753053125 0.556366203125 0.102819915625 0.663979209375 0.034797676562500005 0.6040555249999999 0.031657209375
0 0.3183639359375 0.0197784234375 0.211877365625 0.0797886921875 0.22328794531249999 0.0985020125 0.31369092187500003 0.0522134078125 0.3215083546875 0.019888340625 0.3183639359375 0.0197784234375
0 1 0.424030271875 0.998708115625 0.3684692265625 0.5838869046874999 0.656866509375 0.5065142484375 0.71276655 0.379198590625 0.90244718125 0.41718151875 0.8836272328125 0.5486718578125 0.7160734625 0.684208578125 0.6438921718749999 1 0.476577615625 1 0.424030271875