0 0.258380790625 0 0.6389706890625 0.42375091875 0.964692478125 0.81075236875 0.9898503390625001 0.6729436390625 0.6852110890625001 0.343641890625 0.3401222203125 0 0.258380790625 0
0 0.09470386562500001 0 0.051824128125 0.2348849171875 0.244009590625 0.444180240625 0.4165796484375 0.5812385890625 0.5175952406250001 0.7206234359375 0.592189521875 0.8964841234375 0.65910698125 0.98533635625 0.9339890453124999 0.9789384046875 0.9579443812499999 0.8477168234375 0.704733665625 0.5505832390625 0.199556990625 0 0.09470386562500001 0
0 0.7186974903665815 0.22327831221725636 0.0641821719450391 0.05926720364722229
0 0.9807344891129404 0.5070304906945131 0.03853102177411927 0.05748649810013902
0 0.6239867324490227 0.1387052500969092 0.057522994985435005 0.045059233282500076
0 0.7939966702291795 0.366154836818541 0.0675344924781525 0.06715243882958344
0 0.5891180031250001 0 0.737582059375 0.1541704109375 0.86082351875 0.3016845171875 0.9637704984375001 0.398016590625 1 0.433237340625 1 0.33965183906249996 0.83101956875 0.16188138125 0.6363334078125 0.0028999625 0.620917740625 0 0.5891180031250001 0
0 0.4877112671875 0.0400656375 0.5736441812499999 0.1213580671875 0.58233966875 0.0953649125 0.4967576 0.012165778125 0.4877112671875 0.0400656375
0 0.4956562015625 0 0.5623837828125 0.0639819234375 0.5868896984374999 0.027148528124999998 0.5522519296875 0 0.4956562015625 0
0 0.8202402671875 0.0374961234375 0.82255559375 0.0675333125 0.908668965625 0.13701792968749998 0.9236121734375 0.1200936671875 0.8311767796874999 0.0395534765625 0.8202402671875 0.0374961234375
0 0.46862172031249993 0.7074652328125 0.5772441296874999 0.913405209375 0.613529009375 0.94194185625 0.512908903125 0.7138209718749999 0.441909128125 0.6373132015625 0.0524067984375 0.2316931859375 0.031749289062500005 0.3448500625 0.3399779328125 0.60037825 0.46862172031249993 0.7074652328125