0 1 0.270637815625 0.571871721875 0.5767076015625 0.011067167187500001 0.9511099765625 0.011149265625 0.9581655874999999 0.09223058281249999 0.9633668 0.596241959375 0.6658842109374999 1 0.40480032499999996 1 0.270637815625
0 1 0.018527928125000002 0.7744037859375 0.0040563593750000005 0.6463713609374999 0.1064291265625 0.5298244171875 0.2586046234375 0.3969988734375 0.368847125 0.19566936562499998 0.459120378125 0.00677516875 0.5822566421875 0.010455965624999999 0.8985835218749999 0.6674797328125 0.469918915625 1 0.23524923125 1 0.018527928125000002
0 0.5984167961091313 0.79019566812493 0.05841248400699968 0.052908100873680655
0 0.942946404081769 0.5805595628828465 0.06936816534054521 0.054725174011944586
0 0.48501791478354017 0.8498817522811107 0.053579533338636055 0.04029899810013902
0 0.7064372867599957 0.6712436867422911 0.06006589067472703 0.06075696846486114
0 0.7551917 0.7500651671874999 0.5988469796875 0.8626940328125 0.4038281921875 0.9833551953124999 0.457633921875 0.9868067296874999 0.6910221515625 0.878340496875 0.9916050546875 0.6896686375 0.997323703125 0.614123528125 0.8789834671874999 0.6820753671875 0.7551917 0.7500651671874999
0 0.3303589515625 0.9408717687499999 0.4340586 0.8813267 0.43224236562499996 0.8539528375 0.32868661875 0.9115609656249999 0.3303589515625 0.9408717687499999
0 0.40684467656249995 0.9068383296875 0.2849414515625 0.9757288359375 0.350223321875 0.9799165437499999 0.42118326093749997 0.9486441515624999 0.40684467656249995 0.9068383296875
0 0.6589653156249999 0.96779249375 0.653014815625 0.9850717437500001 0.6855217078125 0.9843151375 0.7698509890625 0.941806996875 0.7597061890625 0.9216863015625 0.6589653156249999 0.96779249375
0 0.006828764062500001 0.586862515625 0.4356521703125 0.3207070328125 0.523577265625 0.2640451296875 0.67848428125 0.0676030796875 0.636223646875 0.0863109671875 0.4792046671875 0.2592498125 0.32787750937500004 0.33131451875 0.0056316140625 0.48397970937499996 0.006828764062500001 0.586862515625