0 0.05157189403572769 0.32116592799172766 0.08279577962517115 0.054070429344363104
0 0.047335371932403926 0.43992501865850037 0.08279577962517115 0.054070429344363194
0 0.03285768329431729 0.508039219326864 0.06271060015828457 0.06164657200827221
0 0.020634131103603955 0.36448012332909113 0.03528428213245362 0.031649989337999784
0 0.22765702091618953 0.33551768730109244 0.07645485141192579 0.05087270401018138
0 0.28103075884199563 0.5410767966263655 0.09221624373179385 0.05574201734563573
0 0.3745390664429853 0.5751330759468661 0.10999477711788863 0.07625451201463562
0 0 0.6150006109375 0.10942185156249999 0.6428171109374999 0.2434538953125 0.6803207328124999 0.365471628125 0.716055771875 0.3724595328125 0.697566990625 0.2527015390625 0.6497424703125 0.0984061484375 0.607476046875 0.005229759375 0.5777684437499999 0 0.577139140625 0 0.6150006109375
0 0.2811922317241069 0.6160495246260473 0.12521060015828453 0.06237382535009015
0 0.08941992036219357 0.5503352599856826 0.07337531551854848 0.052398841343090474
0 0.42341448713438334 0.5058376359405028 0.04525031551854859 0.0520715773392725
0 0.26355140531849874 0.41710349462922897 0.03863660266556703 0.03949885200509069
0 0.20608223462710082 0.4864989319700923 0.04198892319868044 0.047347714672181594
0 0.1310140384671668 0.4897153859802737 0.051727636051661904 0.059956802673454136
0 0.12198706479363267 0.7194301579805918 0.03872753087881238 0.04262385200509069
0 0.5256673089211379 0.5077717585932762 0.05136392319868044 0.04745680267345413
0 0.62336535985821 0.6394024719128222 0.06271060015828453 0.06164657200827239
0 0.7818310777257563 0.6687979758911868 0.09860263605166182 0.06050224267981754
0 0.7309217955933027 0.700629778564641 0.03872753087881229 0.042623852005090515
0 0.3455071328194636 0.687151817950366 0.043233174452321686 0.03642839600572696
0 0.32653817247376465 0.7217359032861386 0.03220474623907634 0.03317612667090888
0 0.03682846628470074 0.6399795626591367 0.04823892319868043 0.047420440006363404
0 0.6584246699664822 0.6960064605745042 0.043233174452321596 0.036428396005727136
0 0.7831338502912986 0.8655911598902323 0.08748327962517113 0.05412497334499946
0 0.5660493018615089 0.75721722792014 0.048147994985435004 0.04429544000636341