0 0.945398450383076 0.3627715190681329 0.06864235141192551 0.05117276217486459
0 0.9433920180131956 0.4854550426070833 0.08431281551854823 0.053007997564368026
0 0.9499626152684865 0.5551362970713101 0.0594946719450391 0.05882162094116268
0 0.9722049912910183 0.408574942769239 0.01961381802583091 0.03001478246740419
0 0.768631361903274 0.36672085916674446 0.07640938730530315 0.04974662986961631
0 0.6914454216158348 0.574854913144504 0.09373327962517113 0.05473413879807012
0 0.5905588715366925 0.6035781566516822 0.11151181301126592 0.07534664772652384
0 0.981133134375 0.6658671625 0.98222776875 0.6282470296875 0.9713282781249999 0.628911496875 0.8718972375 0.65386405625 0.7080344078125 0.6880601265624999 0.579138003125 0.73004619375 0.584232753125 0.7494784234375 0.7140799265625 0.720060021875 0.85651278125 0.6895445671875 0.981133134375 0.6658671625
0 0.6821864303913234 0.6512946822192275 0.12663670783841638 0.058431883116027095
0 0.8870163343896739 0.5962464922827717 0.07332985141192552 0.051254582791715644
0 0.5481644345479586 0.5293633607915975 0.04368781551854859 0.05229888555165907
0 0.7232757463055833 0.44800208684561016 0.03863660266556703 0.0397170649348082
0 0.775022451241006 0.5231617739393968 0.04198892319868044 0.04758411201270896
0 0.8521843448145152 0.5307618141174387 0.0501196719450391 0.05865797970746058
0 0.8343590326611791 0.7672896493447863 0.040335494985435004 0.04443183847375849
0 0.4435223986545812 0.5259735336819248 0.05131845909205772 0.04618525324641087
0 0.3271806816449646 0.6560410888775003 0.061148100158284535 0.061973894480112965
0 0.16087372004562445 0.6765875937487642 0.10007420783841652 0.057968232953871456
0 0.20987350969992544 0.7118353469951751 0.040335494985435094 0.04443183847375849
0 0.6082428135399913 0.7211338494275118 0.04162521034569906 0.03508411201270896
0 0.6236033890876698 0.7573577215864905 0.03225021034569906 0.03492047077900686
0 0.9319220059390018 0.6916095852207571 0.04663095909205772 0.04610343262955983
0 0.28413772380654817 0.7115683400953163 0.0447956744523216 0.03670115909060954
0 0.13704010029129857 0.8778364480508353 0.08895485141192579 0.05152731818121907
0 0.3728304992750842 0.7795564553544361 0.048102530878812465 0.043005706168510294