0 0.402402251217816 0.04140625 0.05769549756436802 0.0828125
0 0.521292573052483 0.078125 0.056187544642268605 0.0859375
0 0.5930175685882562 0.08671875 0.06518071509696384 0.0640625
0 0.4551005572241705 0.02109375 0.033548885551659066 0.0421875
0 0.3601351103911511 0.225 0.05139095048646727 0.0796875
0 0.5486055008140742 0.3484375 0.05785913879807012 0.0921875
0 0.5529872633959758 0.45546875 0.07852619480442442 0.1125
0 0.6829884984375 0.0208547296875 0.6717314703125 0.08172163906249999 0.6719685390625 0.18615729375 0.665470653125 0.3567558234375 0.675365153125 0.494244121875 0.695952271875 0.49341411874999996 0.69879281875 0.3577228125 0.7036536296875 0.20926235625 0.7118605375 0.063141340625 0.72671810625 0.027015639062500003 0.6829884984375 0.0208547296875
0 0.6223742374213936 0.37421875 0.06320120373287814 0.1296875
0 0.6175442357965405 0.15859375 0.05440685633066593 0.0734375
0 0.46816225000329525 0.48125 0.05547843262955983 0.0453125
0 0.43089189529418714 0.2890625 0.04286933847375849 0.0390625
0 0.5182242999205697 0.25390625 0.049201159090609535 0.04375
0 0.5453010430207109 0.1796875 0.06340002678536116 0.0515625
0 0.7753510073068959 0.2484375 0.045994338473758486 0.0390625
0 0.43822355966309773 0.58515625 0.049337526785361165 0.0515625
0 0.5388393940796664 0.72890625 0.06518071509696384 0.0640625
0 0.5178978283340794 0.89921875 0.061175053570722504 0.103125
0 0.5654819403467882 0.85859375 0.045994338473758486 0.0390625
0 0.6739446457012243 0.46328125 0.03670115909060954 0.04375
0 0.7139111266265007 0.45625 0.03494774431795715 0.0328125
0 0.7242033388807956 0.13515625 0.04769320616851012 0.046875
0 0.5839785702164045 0.78359375 0.036728432629559826 0.0453125
0 0.7137091603150161 0.96015625 0.05607845048646727 0.0796875
0 0.6735416765470704 0.71015625 0.046157979707460585 0.0484375