0 0.05390625 0.39765625 0.0875 0.03984375
0 0.07890625 0.51015625 0.07265625 0.03984375
0 0.07734375 0.575 0.05 0.05
0 0.0359375 0.4421875 0.0375 0.025
0 0.23125 0.3859375 0.0671875 0.0375
0 0.3171875 0.57265625 0.0796875 0.03984375
0 0.4125 0.59140625 0.0953125 0.0578125
0 0 0.6883325 0.0416675 0.6783325 0.1733325 0.6916675 0.3066675 0.7083325 0.42833249999999995 0.725 0.4316675 0.7066675 0.31 0.6783325 0.15666750000000002 0.6599999999999999 0.0633325 0.645 0 0.6466675000000001 0 0.6883325
0 0.33125 0.6421875 0.1125 0.03984375
0 0.1390625 0.6078125 0.0625 0.03984375
0 0.44609375 0.51953125 0.03515625 0.0453125
0 0.27890625 0.45859375 0.03203125 0.03359375
0 0.23671875 0.53203125 0.03359375 0.03984375
0 0.16640625 0.5453125 0.03984375 0.05
0 0.19921875 0.76171875 0.03203125 0.03671875
0 0.5421875 0.5078125 0.04140625 0.03828125
0 0.65859375 0.6171875 0.05 0.0515625
0 0.81328125 0.6234375 0.08671875 0.04296875
0 0.77109375 0.66015625 0.03203125 0.03671875
0 0.40390625 0.70078125 0.03515625 0.028125
0 0.3921875 0.7359375 0.025 0.028125
0 0.10390625 0.69921875 0.03828125 0.03828125
0 0.7015625 0.665625 0.03671875 0.028125
0 0.84921875 0.8078125 0.078125 0.03828125
0 0.625 0.7359375 0.03984375 0.03515625