0 0.44630140746335767 0.9590078822189696 0.04941929201145392 0.0819842355620608
0 0.5584559621259941 0.9313111708574059 0.04776588534372692 0.0768352107723885
0 0.6240173274585852 0.9262242159387502 0.055323846674090585 0.05500566256778683
0 0.49417583346590294 0.9793714209556018 0.028579533338636054 0.039226126463433174
0 0.41772077943981334 0.78675212889932 0.044586341343090474 0.07212953005422928
0 0.5977617207590413 0.6839003605525557 0.047856792011453916 0.0846477107723885
0 0.607562887412451 0.586307743066113 0.0683692866804538 0.10195338544042354
0 0.7430460546875 0.9859019421875 0.7321927484375 0.9544859906250001 0.7324659875 0.8201553593750001 0.7359362265625 0.68385983125 0.7405789203124999 0.5593727390625001 0.7217226046875 0.557512365625 0.7052920687500001 0.6829657124999999 0.702141871875 0.83963404375 0.69634379375 0.9353168453125 0.703109165625 0.9891669453124999 0.7430460546875 0.9859019421875
0 0.6670657040897232 0.6647736315315986 0.05136360001590834 0.11747839149054773
0 0.6513968927832219 0.8623253424021831 0.046076116008908666 0.06588862041330898
0 0.5306913047421784 0.5592998154712118 0.04887385200509069 0.03778180113146821
0 0.48583443276572275 0.7324646046988232 0.03789998933799978 0.03459316861791084
0 0.564377603437268 0.7688566226528041 0.04418635200509069 0.03775453005422946
0 0.5847179227800402 0.8385015021412994 0.053652258672817865 0.045621572208706954
0 0.8005241887730407 0.7881980168738263 0.041024989337999786 0.03461134933607006
0 0.5092424713955881 0.4615253908031767 0.04271475867281786 0.04555793969514976
0 0.609332283378407 0.33555376414335186 0.05844884667409058 0.055023843285945874
0 0.5989113093570898 0.17847251716841397 0.05261701734563573 0.09092498184962743
0 0.640772092695726 0.21777591168402383 0.041024989337999786 0.03461134933607006
0 0.7184912967456782 0.5861719085607658 0.03166817067154533 0.0361193071815924
0 0.7545287940801781 0.5949747368195971 0.030014764003817973 0.028297716822512697
0 0.7470184754534944 0.8894423543060398 0.042678396005727134 0.04243293969514994
0 0.6532999120384982 0.287375339377121 0.03170453333863606 0.0392443071815924
0 0.7818868940165447 0.12641563436026906 0.04627611067790856 0.08307612041330889
0 0.7314800033815887 0.35970031215156206 0.0380090773392725 0.04396816861791084