0 0.7884507253883849 0.9343053445655954 0.049892992142117086 0.031813621339908595
0 0.668303045280761 0.9560268979153677 0.05389128742738745 0.05059998400699968
0 0.6036241151731373 0.9771030139242761 0.06090326674922295 0.03350339067472703
0 0.7562460392849051 0.7799087459023226 0.06159677956950453 0.08192270934118148
0 0.5340050121965998 0.7410660639322304 0.06850175103345713 0.0960579346753633
0 0.4850345111631425 0.6462717319382756 0.09132282092583352 0.11662497334499947
0 0.522432096875 0.994462909375 0.493593203125 0.9338894218749999 0.42663090937500003 0.77768918125 0.3591238234375 0.6575411484375 0.3410544140625 0.6660939359375 0.3963982640625 0.789450590625 0.4553814890625 0.92508021875 0.4838708734375 0.9949116109375 0.522432096875 0.994462909375
0 0.45762444871436453 0.7458631992759572 0.07784251778268043 0.12896134134309048
0 0.5541484999954909 0.9385950445974123 0.06294095574818712 0.07725339067472703
0 0.5504925372179905 0.5915745939290488 0.06006851282028158 0.04911020934118149
0 0.664910409839235 0.7489229225811858 0.04571491439185813 0.042696577339272325
0 0.602305556034128 0.8145302885900945 0.05367296360606986 0.045912484006999675
0 0.610595399085868 0.891819494589458 0.0666823858558109 0.0569954346753633
0 0.37415063088890294 0.9172393072883658 0.05047518899896399 0.04431362133990859
0 0.5322990012383451 0.486260385264185 0.05247433664159917 0.05370680267345414
0 0.38109391211554655 0.3950006806174568 0.07031680810555194 0.0679692973424542
0 0.3266503529765374 0.23304612062382019 0.07348034946188076 0.10236247867599957
0 0.30185371422524243 0.28805179396086544 0.05047518899896399 0.04431362133990877
0 0.3734634644301302 0.6843086286203203 0.04110018899896399 0.044204533338636054
0 0.3409249462331651 0.7073557772915474 0.0391010413563289 0.03481135200509069
0 0.4679777136015607 0.9849347899427299 0.050946069892376045 0.020894302673454136
0 0.31784689536632355 0.3629063432925019 0.04280823821317572 0.047347714672181594
0 0.12399838792272547 0.24556594398472797 0.06366870181924558 0.09287839067472695
0 0.2685254456139926 0.4619710992998197 0.04927656203449331 0.05210794000636341