0 0.7449671139788897 0.9460498813663014 0.059667247150208526 0.08136967194503911
0 0.6249273709127439 0.9542678951563548 0.05977634992375016 0.0860571719450391
0 0.5589029806201398 0.9678893282195631 0.06555357123840296 0.06422134356087383
0 0.7043245833936813 0.9776575825408003 0.031977351823611146 0.03215928213245363
0 0.711969509971077 0.7694275453937818 0.058104747150208524 0.08132420783841639
0 0.4992324674180214 0.7195171589464084 0.06152068787965277 0.09391513605166182
0 0.45408166194718796 0.6245168960142846 0.08383209897381967 0.1133016335443795
0 0.49129077656250003 1 0.49083409062500005 0.9979724984375 0.4509933078125 0.9042108609374999 0.3920130484375 0.7488647687500001 0.331072396875 0.6284680734375 0.3131456171875 0.6357437546875 0.3621201375 0.7585651875 0.41415012500000004 0.8935006671875 0.45247016249999994 1 0.49129077656250003 1
0 0.4235057688047922 0.7196558997752085 0.07009690729444458 0.1269549565847754
0 0.5091744311332299 0.911863783319588 0.05795927678548622 0.07507420783841638
0 0.5200690314382296 0.5749093525990601 0.055778527735416715 0.04846624373179385
0 0.6252864743518757 0.7348957695295344 0.041570557370694414 0.04180706677218957
0 0.5618792442035077 0.7947277591046931 0.049455792553055565 0.04515938730530315
0 0.5659686385801743 0.869795955264627 0.062173998100139016 0.05489810015828454
0 0.3351368658787507 0.8810360174844704 0.04629442496187508 0.04350595909205808
0 0.5067494542159031 0.4722473538527012 0.05120013050895835 0.05301735141192587
0 0.3631611487450698 0.3743828522033486 0.06711607123840287 0.0659719924781526
0 0.3165192720358335 0.2153200892712249 0.06791615824437507 0.1003469924781526
0 0.28961258634038217 0.26684548535201663 0.04629442496187508 0.04350595909205772
0 0.3439442489531602 0.6556639444440744 0.03851829255305557 0.04484113855894449
0 0.3116045276385075 0.6750216982049981 0.03513871941479172 0.03381271034569906
0 0.42458253200691054 0.9671757574553403 0.049564895326597205 0.04984688730530316
0 0.30224117933027805 0.3398199840983754 0.03855466014423623 0.04640363855894432
0 0.11822724240055574 0.21579614773014438 0.05988545269729175 0.09074467194503918
0 0.250553352392292 0.43356397241989286 0.046476262917777865 0.05131845909205772