0 0 0.75 0.2325 0.7 0.5775 0.6325000000000001 0.7825 0.5825 0.9974999999999999 0.5900000000000001 0.9974999999999999 0.51 0.8574999999999999 0.5175 0.5425 0.5700000000000001 0.255 0.6275000000000001 0.027500000000000004 0.6599999999999999 0 0.665 0 0.75
0 0.03515625 0.59375 0.0515625 0.05390625
0 0.04140625 0.64453125 0.053125 0.0359375
0 0.09921875 0.57890625 0.065625 0.03046875
0 0.2328125 0.55078125 0.04609375 0.03203125
0 0.21796875 0.60390625 0.075 0.03046875
0 0.321875 0.55703125 0.05 0.0390625
0 0.321875 0.61171875 0.03359375 0.034375
0 0.38828125 0.5421875 0.0484375 0.034375
0 0.39453125 0.56875 0.03359375 0.03203125
0 0.45234375 0.53515625 0.040625 0.04609375
0 0.69765625 0.515625 0.02109375 0.028125
0 0.603125 0.51328125 0.025 0.0375
0 0.4421875 0.728125 0.0484375 0.034375
0 0.228125 0.74609375 0.053125 0.03046875
0 0.74609375 0.2828125 0.046875 0.03203125
0 0.375 0.35 0.18611 0.37361 0 0.406945 0.01111 0.5347225 0.206945 0.5097225 0.23194499999999998 0.5208325 0.3527775 0.5083325000000001 0.9974999999999999 0.45 0.9974999999999999 0.31389 0.7972225 0.331945 0.6125 0.325 0.47639 0.3125 0.375 0.35
0 0.50139 0.2958325 0.5347225 0.26111 0.5652775 0.2625 0.593055 0.2708325 0.594445 0.2541675 0.5708325000000001 0.21944499999999997 0.5111100000000001 0.21944499999999997 0.49027750000000003 0.24583249999999998 0.48333250000000005 0.206945 0.45416749999999995 0.2125 0.444445 0.2347225 0.43888999999999995 0.20833249999999998 0.39861 0.230555 0.38333249999999996 0.21805500000000003 0.344445 0.22777750000000002 0.32361 0.2416675 0.34861 0.26805500000000004 0.38889 0.26805500000000004 0.4027775 0.2847225 0.36944499999999997 0.2833325 0.37361 0.305555 0.3777775 0.32361 0.37361 0.33611 0.3972225 0.3472225 0.4402775 0.325 0.4347225 0.3097225 0.4375 0.27361 0.456945 0.2666675 0.4722225 0.2916675 0.50139 0.2958325
0 0.2203125 0.309375 0.109375 0.04453125
0 0.2375 0.3546875 0.046875 0.02890625
0 0.1296875 0.371875 0.07109375 0.03359375
0 0.2375 0.26640625 0.053125 0.04453125
0 0.128125 0.30234375 0.04296875 0.065625
0 0.66953125 0.259375 0.071875 0.096875
0 0.884375 0.22265625 0.2109375 0.06796875