0 1 0.40340239375 0.932361840625 0.4203498703125 0.599466628125 0.5445648359375 0.29766824999999997 0.6684024953125001 0.069367278125 0.747593146875 0.0870272296875 0.8384457125000001 0.288485709375 0.752363309375 0.6509622171875 0.605396409375 0.8642468750000001 0.50726503125 1 0.48575869687499995 1 0.40340239375
0 0.06588494459361768 0.6741844504749699 0.033044873360319825 0.06561835594746519
0 0.08207318860072388 0.728957159656367 0.0383122274987628 0.04719590456798421
0 0.11704133084423629 0.6487849807781231 0.07885534034363303 0.047762470601357875
0 0.25726686114738956 0.5889485560837509 0.05681656603337348 0.04349105042954129
0 0.2518667101974499 0.6503364354369644 0.09143722749876275 0.04998006784239593
0 0.3561171189493057 0.5767174717330116 0.06520227611928178 0.05483798620519007
0 0.36712321799936604 0.6372455359573628 0.04439845318850333 0.04439845318850324
0 0.4250784808896649 0.5472512997521728 0.06010534034363317 0.0467798247398008
0 0.4374899496820003 0.5748030896662645 0.04423467887824373 0.04127345318850324
0 0.49288677860567265 0.5256795149264637 0.05294793758467105 0.0588703889641522
0 0.757743816710742 0.45226086782171127 0.029926517412854636 0.03584896879233561
0 0.6528892203742153 0.46950700079296953 0.035105340343633176 0.0454696302577247
0 0.5236365688584487 0.7387184254873418 0.06010534034363317 0.0467798247398008
0 0.29278603855529534 0.8033043051792397 0.06627345318850333 0.04554487336031983
0 0.7603111374938141 0.18733855269284888 0.06002345318850324 0.0452173247398008
0 1 0.287248134375 0.980341709375 0.1861150015625 0.8271336328125001 0.2304848421875 0.6239064546875001 0.26211631875 0.4725942109375 0.2773601796875 0.36981797968749996 0.339842634375 0.1685259375 0.405730853125 0.024190590625 0.46158395781249995 0.028036243750000002 0.5349634015625 0.0423668796875 0.60868813125 0.22017860625000002 0.5499687765625 0.24984211250000002 0.556795525 0.3791608453125 0.51749025 1 0.3374737953125 1 0.287248134375
0 0.3104980484375 0.212838846875 0.29069105156249997 0.2324327078125 0.3235979859375 0.255945446875 0.36759154843749997 0.24739396406249997 0.3862979125 0.262649771875 0.3495972703125 0.26820814375 0.3588641140625 0.2915951859375 0.367248925 0.310429978125 0.3653509703125 0.3249671640625 0.39349958749999997 0.33209120937500003 0.435806128125 0.29867931875 0.42649556562499996 0.283172659375 0.421862415625 0.24314114999999997 0.441626221875 0.23143040468749998 0.46361973437500004 0.25549181875000004 0.49636052656249996 0.2538485171875 0.525394453125 0.20884830000000001 0.55906153125 0.20387959531250002 0.5911689390625 0.207083109375 0.589149090625 0.1885866015625 0.5559880484375 0.1556758640625 0.49075951250000005 0.16835500625 0.4736084765625 0.2015980265625 0.4577673390625 0.160599775 0.42709284218750004 0.1728586671875 0.42119184687500005 0.1991940390625 0.4095220890625 0.1715503796875 0.3702463859375 0.20437313437500002 0.35090663593750004 0.193964140625 0.3104980484375 0.212838846875
0 0.19190637550802642 0.3283695822030327 0.13164614767057933 0.07390224672063965
0 0.22096643373948383 0.3746337505658269 0.058297178878243816 0.042010437584671045
0 0.10718389472990326 0.41584965004542856 0.0853510018090223 0.0527775192218769
0 0.20178598654387433 0.2777144849619947 0.06865482473980081 0.06125176051544958
0 0.09067142412854541 0.3399422472864665 0.06034435775648759 0.08107293758467105
0 0.6721150966752111 0.17864298338011494 0.10153592378986112 0.12374511646291486
0 0.8707329811168074 0.0969448467908121 0.19586577792830404 0.10999023292582973