0 0.831661071875 1 0.7729797984375 0.8159886140625 0.6636314765625 0.45093566718750006 0.588232453125 0.23408110781250002 0.5737499390624999 0.026722832812500003 0.49055265312499996 0.02284785625 0.5114250124999999 0.15503193125 0.6016426906250001 0.4883974140625 0.694083603125 0.7926005 0.7452870953125 1 0.831661071875 1
0 0.680372326999049 0.9983295309125481 0.06076708163720568 0.0033409381749038404
0 0.73238852837853 0.9950611357511125 0.043907130257724705 0.009877728497774995
0 0.6604006637246375 0.9573975086819431 0.03805992198083885 0.07191354135632863
0 0.6156536504956545 0.8173696681114027 0.040120388964152195 0.05174659057054072
0 0.6732990541591276 0.8317446912707664 0.040195632066747145 0.08292381596343468
0 0.6121800904551746 0.7213486927185084 0.04661605042954129 0.05672518899896399
0 0.6698288161449153 0.7209163531814251 0.04094590456798421 0.037756865177646405
0 0.5898270556294657 0.6517253974332382 0.04340916327441171 0.05501713978475244
0 0.6168023134313817 0.6459677030575908 0.03782090456798422 0.03761131596343468
0 0.5753684079588863 0.5840284751834972 0.05245661465389269 0.049203787427387444
0 0.5266598337849123 0.3237972965236154 0.03247830732694616 0.024892992142117175
0 0.5350665552907813 0.42472409573782705 0.04366146879233561 0.03008991439185813
0 0.7792746579588863 0.5935255614108115 0.043409163274411536 0.05501713978475244
0 0.8223573518751355 0.8207623035529288 0.03732293758467122 0.05785104135632864
0 0.2762979856393632 0.27550738399378405 0.040202276119281774 0.05330909057054054
0 0.611382790625 1 0.575286734375 0.8442324796875 0.584225890625 0.8176807515625001 0.55766890625 0.6897562609375 0.4278749890625 0.023023284375 0.28443051874999997 0.0238621625 0.3225547484375 0.22002928906250002 0.3356963625 0.41575423125000005 0.337599334375 0.5600167125 0.3883490046875 0.6671910984375 0.4341525625 0.8671424890624999 0.4717569359375 1 0.611382790625 1
0 0.2629294125 0.70031219375 0.27987513124999996 0.7222977359375 0.3049144578125 0.6956518515625 0.3004528875 0.6529820281250001 0.3164796703125 0.63816785625 0.3187068609375 0.67348655 0.3416646734375 0.66893748125 0.3602302984375 0.66441145 0.3738650125 0.6687491718749999 0.3829604890625 0.6436672484375 0.354772403125 0.598194740625 0.33928752812499996 0.604173475 0.3009227796875 0.6014537468750001 0.291452634375 0.5808978578125 0.316106646875 0.5645598625 0.31726521875 0.533636178125 0.2769809296875 0.498540046875 0.2750613875 0.46616364218750006 0.280765834375 0.43668674375 0.2630494875 0.43531697812500003 0.22907265156249998 0.4605444109375 0.23568775 0.5238102640625 0.2658036640625 0.5457161359375 0.2255913890625 0.5533128484375001 0.2346759484375 0.58417398125 0.2591719953125 0.5943363625 0.23197623125 0.6003835828125 0.2598569484375 0.64291645 0.2483760390625 0.65917740625 0.2629294125 0.70031219375
0 0.36313948213286024 0.8321062944567007 0.05934842378986112 0.121224336641599
0 0.4088680619610437 0.8124145326698764 0.03707727611928178 0.05316354135632899
0 0.43902363070795064 0.9268237890800173 0.041512470601357876 0.07830909057054072
0 0.31618591700399784 0.813553193547078 0.05311171189493056 0.06170378742738762
0 0.3650914857509049 0.928835745242489 0.07285100180902226 0.05171235731976367
0 0.26024361770611026 0.3558113141014079 0.11050813206674714 0.08619867328319834
0 0.19635377883281527 0.13306086476336168 0.094358588873295 0.22416955417661039