0 0.6227500703125 0 0.609821415625 0.112041365625 0.60865230625 0.44009817343749996 0.6172828015625 0.740998709375 0.6112336546875 0.9667729296875001 0.694828603125 0.961904078125 0.6867686078124999 0.7750746203125 0.6779298890625001 0.41422619374999997 0.6626687140625 0.198277728125 0.7034261374999999 0 0.6227500703125 0
0 0.5430123731157862 0.9496025557416645 0.06734400889724856 0.046009720990217676
0 0.5970141236100778 0.9488066242139859 0.04996550790866543 0.04032116311182747
0 0.5414379442565938 0.8917445531108287 0.0482411818249421 0.07451415258848364
0 0.5357397480971958 0.7519008031108287 0.04435217787060921 0.055582142065139804
0 0.5875715035344032 0.7747243821064936 0.050185683802108375 0.08398015785015538
0 0.5578919793141155 0.6613367162932432 0.0524193458553869 0.062287168373499215
0 0.6130569817855733 0.6698702821347284 0.04384284190105418 0.04308214206513981
0 0.5543093814815622 0.5926322189240791 0.04760451186299815 0.05888915258848364
0 0.581621297983465 0.5902583768448217 0.04071784190105419 0.042900131541796324
0 0.5586666176413978 0.5265976952465558 0.05672484387822045 0.05318518415851479
0 0.5796980647521979 0.2739963400131188 0.03389483893530461 0.028473610495108836
0 0.5608936680219585 0.36984716630736064 0.04352450692008212 0.03526964206513998
0 0.7513607950177155 0.5662763033225902 0.04760451186299797 0.05888915258848364
0 0.7321491744849303 0.7866643980326835 0.044543178859192525 0.06026964206513981
0 0.35306262749004846 0.18930833980135728 0.044415844866803764 0.05714464206513994
0 0.4230558734375 0 0.41166541093750003 0.144536084375 0.37279807656249997 0.33107400781249996 0.336688596875 0.4673787546875 0.3571594765625 0.5761607609375 0.34849294375 0.7716616609375 0.35003541875 0.9528023859375001 0.481421734375 0.9729029359375 0.48981874531249997 0.7715723921875 0.5053702546875 0.7479011390625 0.513548503125 0.6232426765625 0.5624617109375001 0 0.4230558734375 0
0 0.22821382343750002 0.5882724625 0.23867814375 0.6115838234375001 0.2696892203125 0.590277703125 0.27663205625 0.549367390625 0.295891896875 0.5378428921875 0.288739996875 0.5714818 0.311945225 0.5706919203124999 0.3309337203125 0.5692543265625 0.342864359375 0.57542218125 0.35817924218749997 0.553160528125 0.3431130578125 0.505991496875 0.32669600781249997 0.5092682921875 0.2906318875 0.500856703125 0.2869582734375 0.48003264375 0.31488950312499997 0.46838636093749997 0.3241315765625 0.43940722968749996 0.2947406125 0.40017769531249997 0.30141376875 0.36935975 0.31463342031249997 0.34243754531250004 0.29800940468750003 0.3384458609375 0.2588031546875 0.3570524203125 0.248509125 0.417709475 0.2716203140625 0.442953053125 0.231072309375 0.443986503125 0.23166650312499998 0.47446786249999995 0.25247802343750003 0.4877827984375 0.2248160421875 0.489339253125 0.24036053906250002 0.5336898609375 0.22507827656249998 0.5472712875 0.22821382343750002 0.5882724625
0 0.289616823192336 0.7270806265624731 0.0720261917107738 0.12266322625188959
0 0.3385490717094612 0.7171827108198098 0.0412271778706093 0.05540013154179633
0 0.33681942843926305 0.8284842318664971 0.051684516805913995 0.08250866311182747
0 0.24950381775512848 0.7035745081042692 0.05717051285158128 0.06412268415851478
0 0.2659657589716106 0.8192982186417304 0.07735567885919252 0.06218075256024882
0 0.31692880931499046 0.2634584713431535 0.11788251977166349 0.10039338410204497
0 0.3144391847906915 0.07852057117374431 0.11950336958138301 0.15704114234748862