0 0.4278367546875 0 0.3862722234375 0.007764784375 0.4137494140625 0.1467463125 0.5191197578125 0.476262596875 0.6257261062499999 0.77506219375 0.6804996875 0.961601675 0.76812779375 0.9452316281250001 0.7081123703125 0.7846143046875 0.5818180578125001 0.425749665625 0.4960032640625 0.21452329374999998 0.47330006874999997 0 0.4278367546875 0
0 0.5947592960246817 0.9481598539147313 0.04437004809323426 0.06299089600572713
0 0.5455182425739699 0.815193359922049 0.04409722958157989 0.05517839600572714
0 0.6055108014669772 0.8191808785805496 0.05143850362819702 0.08650112133990859
0 0.5387995058208137 0.7168740385900945 0.055252984390903495 0.06155566534054522
0 0.5985291698859643 0.7060268979153675 0.045277783665263985 0.0442590773392725
0 0.5122940587233714 0.6484603932606852 0.048948420688572546 0.05992044000636341
0 0.5400470364908528 0.6364234699236399 0.04209821996293321 0.0426602146721816
0 0.4959175797747637 0.5807098192632305 0.058050602176918174 0.052217028007635946
0 0.4355530317663474 0.3190188886060028 0.035302582939624474 0.026962489337999784
0 0.4475495455613455 0.42274332527054836 0.04651290145127884 0.03490225867281786
0 0.7069741308632228 0.5524831799013682 0.048948420688572546 0.05992044000636341
0 0.7591367984717523 0.7806894485598685 0.04593254809323426 0.0630090773392725
0 0.17486106842683627 0.3150239213080921 0.044151793283910834 0.05674089600572696
0 0.24163446406250003 0.45050020625 0.2488525984375 0.600039771875 0.3052010046875 0.7019114890625 0.3598151921875 0.901107403125 0.3911459515625 0.995042265625 0.508823565625 0.9936729625 0.5426379781249999 0.9873559984375 0.5048356125 0.8509186015625 0.513107190625 0.8216590171875 0.48100523281249996 0.6937043046875 0.32134187812500004 0.019894600000000002 0.1731322234375 0.04758205 0.22092845312499998 0.24958979375 0.24163446406250003 0.45050020625
0 0.176792446875 0.7597723203125 0.19510524375 0.7794483953125 0.220012034375 0.747081140625 0.21384795781250002 0.703579309375 0.2298714828125 0.6851905890625 0.23345885000000002 0.7214719640625 0.257018890625 0.7124534390624999 0.27604068125 0.70427994375 0.2902893125 0.7062381 0.2987759421875 0.6784764859375 0.26798979375 0.6364980765625 0.2522046671875 0.64560506875 0.21245780781249998 0.649951225 0.20192264531249998 0.6303631046875 0.22680646875 0.6087782515625 0.2268780890625 0.5764305390625 0.18396890625 0.5474949796875 0.18080658125 0.5142132625 0.18562878124999999 0.4825190015625 0.16727005156250002 0.48440772968749995 0.1330752 0.516971965625 0.142214575 0.581471421875 0.17413514531250002 0.598602621875 0.1328545109375 0.61401341875 0.1433663234375 0.6443812375 0.169051578125 0.6503610156249999 0.141166384375 0.6617284531250001 0.1715278734375 0.7007099 0.160254925 0.71975206875 0.176792446875 0.7597723203125
0 0.2848783537365628 0.8767961206238202 0.07473215988879929 0.12738066000954512
0 0.3318996866761873 0.8496972712842294 0.04102679328391083 0.05670453333863605
0 0.36638875936419285 0.9578455786123662 0.05261905771188111 0.07558180267345449
0 0.23601426780171328 0.8672125826305017 0.06166667549789597 0.06631589067472703
0 0.290170999745546 0.9712273732893202 0.08143353847458741 0.05092724801081765
0 0.16167653294747378 0.4018608499761374 0.12213294954451301 0.0982567813494537
0 0.08742061052962072 0.18015911998727333 0.12246531015895179 0.24195223734881743