0 1 0.3628936578125 0.9986713375 0.35540026875 0.88630671875 0.3854212203125 0.5479429234375 0.51688783125 0.24098891562500002 0.6474241390625 0.041407775 0.719787025 0.057217564062500004 0.8089510578124999 0.23023595000000002 0.732477459375 0.5988734671875 0.5774847140625 0.8159887625 0.47450169531249997 1 0.44218814531249995 1 0.3628936578125
0 0.05945600973593736 0.6287114981909777 0.07263865909060951 0.04751680913596843
0 0.2014974594116258 0.5680938234966054 0.057013659090609535 0.04669793758467104
0 0.1955435142001642 0.6301810656946893 0.08988070616851021 0.05154256784239593
0 0.30212870494739896 0.5542183519907364 0.06340002678536116 0.05483798620519007
0 0.3125673729664622 0.6146645290599579 0.04451365909060954 0.04604284034363317
0 0.3719502812462928 0.5224084300098976 0.060193206168510205 0.049986711894930556
0 0.38415995494739896 0.5499192763464243 0.04289661201270878 0.04283595318850324
0 0.44115424877888876 0.5000144516066236 0.054134120941162676 0.06059666327441171
0 0.7095400101429744 0.4202639173467414 0.028725017856907443 0.03584896879233561
0 0.6035354719935275 0.4398947438955645 0.035165932629559825 0.047114017412854634
0 0.46836913392351087 0.7151923942796773 0.060193206168510115 0.049986711894930556
0 0.2342083680951982 0.7845476611267049 0.06482615909060954 0.047107373360319824
0 0.7165949849824663 0.15246226368326826 0.058576159090609536 0.0467798247398008
0 0.5776022046875 0.23087790625000001 0.4245308171875 0.2489611328125 0.31964085 0.3139498625 0.11520465312499999 0.3841207546875 0.007461256249999999 0.427455075 0.009414404687499999 0.539350853125 0.0166788734375 0.5803209953125 0.164823621875 0.5290455203125 0.1946589828125 0.5354244046875001 0.32594434843750003 0.49340127031250003 0.9872330015624999 0.290890353125 0.9606700984375 0.141080928125 0.7833887546875 0.1953092375 0.5776022046875 0.23087790625000001
0 0.261975309375 0.186585534375 0.24162783124999998 0.20674609843749997 0.27444444218749997 0.22993864375 0.31902208125 0.220515975 0.3376437921875 0.2356107078125 0.300483665625 0.24187838906249998 0.3094295453125 0.26536105781249997 0.3175649484375 0.284256596875 0.31539205 0.298988378125 0.3436923578125 0.3056945921875 0.387004575 0.271165784375 0.3778756375 0.2556516015625 0.37390248593750003 0.21525823281249998 0.39406739218750003 0.20306890625000001 0.4158534140625 0.2270088140625 0.44894567343749997 0.2247694765625 0.47905880468750006 0.1787581640625 0.5131450875 0.1731402234375 0.5455122875 0.1758125921875 0.543798584375 0.1571467546875 0.5108910171875001 0.12445654375 0.44479647968749997 0.13842738125 0.42689053125000004 0.17234149062499998 0.4116160328125 0.1311684703125 0.380423303125 0.144104575 0.3739999671875 0.1708359359375 0.3627025359375 0.143091884375 0.322461396875 0.1769715375 0.3031146265625 0.166788509375 0.261975309375 0.186585534375
0 0.140610957790068 0.30541676108127647 0.13088753571381498 0.0755466338757694
0 0.1687729139585782 0.3508587358665058 0.05852161201270887 0.0436548247398008
0 0.05225361566286153 0.39528152250123716 0.08524775324641087 0.054421906377006654
0 0.15144331777418193 0.2540213574178033 0.06822389448011293 0.06289614767057934
0 0.037622325484819696 0.3186338133198401 0.06076595048646734 0.08279921189493056
0 0.6281091834403387 0.14537013794809925 0.09897506249917605 0.12538950361804463
0 0.8408216432622968 0.05777105891085562 0.21591710064862327 0.11554211782171124