0 0 0.4872207171875 0.1767331953125 0.5354904265625 0.3680575890625 0.6495169984375 0.6949458296875 0.8247624171875 0.8903666921875001 0.934191075 0.91515923125 0.8499884953124999 0.9127802875000001 0.8487532 0.6936856703125 0.7452084625000001 0.421647 0.5979201171875 0.120494396875 0.44704749687499995 0 0.40249381250000005 0 0.4872207171875
0 0.9179543793715965 0.7771671972223434 0.05152743882958362 0.06766234387822045
0 0.8988218664538188 0.8264350267661079 0.05425239532659738 0.05060217787060921
0 0.8639578636040273 0.7452513523555396 0.07612739532659703 0.05149351581733086
0 0.7389046186380203 0.6752505756637939 0.05574216014423605 0.047540844866803766
0 0.7375590177643396 0.7330630756637939 0.08397626291777786 0.05337435079830275
0 0.6471353459365966 0.6535254728883249 0.06373649810013901 0.05567167984777566
0 0.6309823626540967 0.7091706364244781 0.043242160144236055 0.04703150889724857
0 0.5845996315557981 0.618915709542452 0.0589398953265972 0.050793178859192524
0 0.5707546838924994 0.6425932900747996 0.04316942496187508 0.043906508897248564
0 0.523462763014687 0.5914008631927734 0.05443423328249999 0.05841467787060921
0 0.28173116432520795 0.4947500617864485 0.02888871941479172 0.03395850593149916
0 0.3780606504574996 0.5221349155505006 0.03699216014423614 0.04677684091247088
0 0.4758753289347563 0.7880875207974277 0.05893989532659738 0.050793178859192524
0 0.6858484345580896 0.8717143987817678 0.06355466014423605 0.04785917984777584
0 0.30235736132291646 0.24691739825029516 0.05890352773541672 0.04923067885919252
0 0.630507840625 0.595464725 0.7482785859375001 0.64569695625 0.7766794234375001 0.64238823125 0.9527166890625001 0.7224325703125001 0.9868302484375 0.6065731265625 0.9872190265624999 0.5898696296875 0.8377141515625001 0.512726871875 0.6548091046875 0.43013078125000004 0.5639445578125 0.3609590984375 0.423453990625 0.33096674843749996 0.23573766875 0.2802390203125 0.0568755375 0.20668687968750002 0.0167818015625 0.34285673125 0.630507840625 0.595464725
0 0.6461169265625 0.35615441875 0.664985225 0.343816353125 0.70547196875 0.35639288593749996 0.7383728890625 0.3378005890625 0.7215223359375 0.3173998 0.6852990609375 0.2955316765625 0.66626119375 0.3032665875 0.6323202234374999 0.26845871875 0.618963371875 0.2931247859375 0.61573674375 0.2678578140625 0.588058309375 0.253194484375 0.56962310625 0.28992902656249997 0.55645628125 0.2570265484375 0.49642724375 0.23837952499999998 0.46246581718749996 0.2657433546875 0.458954171875 0.282848978125 0.4893286359375 0.283186071875 0.5204498984375 0.2913356375 0.54372575625 0.3364792765625 0.5742697921875 0.34141952343750004 0.5969896125 0.3211796421875 0.6144894609375 0.3341961703125 0.6066440562500001 0.3711902453125 0.596560459375 0.38473939375 0.6332906734375 0.420413696875 0.6602976265625 0.4166692546875 0.6597906874999999 0.40286307656250003 0.6692977921875001 0.38610210624999997 0.680029946875 0.3651711984375 0.6461169265625 0.35615441875
0 0.8218307938842357 0.43855834197541627 0.12518314437666653 0.08002969269935693
0 0.7911977365135413 0.47797366904772287 0.057268292553055565 0.046042011862997965
0 0.8940129587781247 0.5290825242946499 0.08248649810013901 0.05643568380210837
0 0.817489439210833 0.38989800748873593 0.06856946846486131 0.06211268083635879
0 0.9167432503812496 0.4596295287432741 0.0627558795590275 0.08060801285158128
0 0.3852244127096873 0.2479479990485979 0.10116506933854179 0.1211985207602467
0 0.18667976956729154 0.14367304003761855 0.226310539703264 0.13254188045579798