0 0.1431194203125 0.995449053125 0.9615354046875 0.7106729390625001 0.97491888125 0.4553009828125 0.018131359375 0.8014728796874999 0.05694940625 0.9974546828124999 0.1431194203125 0.995449053125
0 0.2790191988930902 0.4975776359242012 0.1318918091359686 0.07485714247680555
0 0.40780594018666283 0.511746625856215 0.1590275192218769 0.08641289152687506
0 0.7215176373822724 0.40690777659805494 0.12852114767057934 0.07009690729444458
0 0.8158109492317746 0.26035812528753405 0.10483798620519025 0.06486389342673622
0 0.8634096455228729 0.18590233273447843 0.09546298620519025 0.06464568787965286
0 0.8995418973318952 0.13668292952409647 0.0506484531885036 0.04331489532659729
0 0.8109297766851087 0.13016213222138823 0.11018058344622794 0.07747299620027785
0 0.8709808853461073 0.02692677607463506 0.06684666327441136 0.05385355214927012
0 0.567874738241355 0.3012422708984717 0.07770227611928178 0.05330814437666671
0 0.2056093543655856 0.4392033978920484 0.12555992198083885 0.07314917211208342
0 0.05070824966131573 0.49151404635277773 0.10141649932263146 0.08884690729444458
0 0.3001019035519315 0.6312980192829512 0.11363313206674715 0.083795731382639
0 0.09563290705640479 0.7047758061364234 0.19126581411280957 0.10287434612402784
0 0.7483390869527311 0.46090429236562436 0.11725609905006032 0.06359233415618064
0 0.07133833220303266 0.3941480838718402 0.14267666440606533 0.09891289152687514
0 0.2777288523294207 0.2481413335874998 0.5554577046588414 0.2537173328250004
0 0.2882978601313368 0.06741801044923587 0.19109639077317436 0.10276524335048627
0 0.6396689303485819 0.12244381725124946 0.12991987336031982 0.06700827488562511
0 0.0785853454320157 0.11765831905420132 0.1571706908640314 0.09905836189159736