0 0.33531889062500003 1 0.42884896406250006 0.01747425625 0.17871154375 0.0072819375 0.099038428125 0.979467971875 0.31998439375 1 0.33531889062500003 1
0 0.5675431042148824 0.7506485292003846 0.05589474317557439 0.12859984387822046
0 0.5202421110393081 0.6223988538012334 0.0649444114963739 0.15548067885919253
0 0.542459443547078 0.2958018617098987 0.05255141935425698 0.1237850098858317
0 0.6643814853176916 0.18458447189974161 0.051314251033457305 0.09722250988583174
0 0.7273138248547749 0.12944598573990604 0.054075377997927984 0.08953734387822054
0 0.7669906009096228 0.07725874463715462 0.039066808105551944 0.06865184091247101
0 0.7040346825888232 0.04818139828747617 0.05258134449948208 0.02397601087441491
0 0.7966117884608448 0.17749616657626488 0.06410534946188058 0.1039818458553869
0 0.8855779350700225 0.0953468528498312 0.04902400496239849 0.08153384288963736
0 0.6894886089723935 0.43903189136739396 0.04389985731976367 0.07196784190105418
0 0.6471257504097755 0.8186119620139098 0.057020595532939214 0.11928851087441501
0 0.637397647638126 0.9653344758168932 0.06835620181924558 0.06933104836621347
0 0.42837144230422364 0.7426384165390838 0.06886562406898662 0.10573534684397004
0 0.40703590549600877 0.9317646183456543 0.07083053846084475 0.13647076330869154
0 0.4806122609582548 0.27378759885831744 0.0489897717116218 0.11428267589344294
0 0.7291292293173264 0.9405864852084335 0.07864303846084475 0.11882702958313303
0 0.8298055097154006 0.7219929941056821 0.15229047766469642 0.5560140117886359
0 0.9811227602343837 0.6971905371462311 0.037754479531232475 0.1884205128515813
0 0.8505651960282773 0.34812434296399947 0.04964474317557475 0.12834517589344294
0 0.9950836375084406 0.9170746838392894 0.009832724983118624 0.1658506323214212