0 0.8 0 0.5725 0.005 0.6599999999999999 0.9974999999999999 0.875 0.9974999999999999 0.8 0
0 0.44296875 0.6828125 0.03984375 0.11484375
0 0.4875 0.56796875 0.0453125 0.13671875
0 0.46796875 0.26640625 0.03671875 0.11015625
0 0.3578125 0.1546875 0.03828125 0.08671875
0 0.30078125 0.09921875 0.04140625 0.078125
0 0.26640625 0.0390625 0.0296875 0.078125
0 0.32265625 0.0171875 0.0453125 0.034375
0 0.23671875 0.13671875 0.05 0.08984375
0 0.1578125 0.0453125 0.03828125 0.08984375
0 0.33359375 0.38671875 0.03359375 0.06328125
0 0.37109375 0.73828125 0.04140625 0.10703125
0 0.37734375 0.9015625 0.0546875 0.11015625
0 0.57109375 0.6875 0.0546875 0.09140625
0 0.58828125 0.90078125 0.0515625 0.1984375
0 0.525 0.25234375 0.03359375 0.1015625
0 0.29453125 0.859375 0.05859375 0.13515625
0 0.20390625 0.68046875 0.08515625 0.58828125
0 0.04921875 0.596875 0.0515625 0.16640625
0 0.18671875 0.2890625 0.03359375 0.11484375
0 0.02265625 0.8609375 0.0453125 0.27734375