0 0.0205033203125 0.44021449375 0.988171803125 0.3496967296875 0.9286851140625 0.1187158828125 0.0100978796875 0.21680553906250002 0.0205033203125 0.44021449375
0 0.36362823800377875 0.6043060329238765 0.12798375889134023 0.06769962852981451
0 0.4658585179875681 0.5378436101209074 0.15036818114108108 0.07927362602253218
0 0.7723781916850512 0.502291521178887 0.11995293507002262 0.0627848079967011
0 0.9123910696829792 0.5937468984550602 0.09800516046291677 0.060585810503983595
0 0.968668782877019 0.6410598191464582 0.06266243424596211 0.061966454077492725
0 0.9542178119297947 0.7129886434404953 0.09156437614041053 0.073313131037097
0 0.6869416135205074 0.6613051568348374 0.07405823821317573 0.048966348904643374
0 0.32618820409104793 0.6882574840983754 0.11868153349844608 0.06898934389007838
0 0.16190953432250632 0.7123445387963712 0.1255137303552929 0.08167120031656908
0 0.32492099482820425 0.4767887866848001 0.10661818114108108 0.078000631037097
0 0.11756441314900386 0.49728182845067226 0.19335620181924557 0.09768865690134447
0 0.7711388693114756 0.44218073528550966 0.11192211124870503 0.057869987463587694
0 0.22634021546358749 0.7891176389546557 0.15258565260503384 0.09338159012915473
0 0.4271792774980808 0.8464540804957362 0.6207620719592907 0.22871396568946842
0 0.5504070698878669 0.9708904761808167 0.18296235731976368 0.058219047638366564
0 0.8233051066960819 0.7916639097378313 0.12613016046291675 0.061404164423191784