0 0.4932169828125 0 0.859970090625 0.9364306203125 1 0.9011070437500001 1 0.6639125953125 0.7495114390625 0 0.4932169828125 0
0 0.5404133699306481 0.66640625 0.07791529238978612 0.1296875
0 0.5507429402373092 0.5359375 0.09001718610347993 0.1546875
0 0.4378960680303493 0.2265625 0.07300946856846871 0.125
0 0.2892894400324213 0.1390625 0.06723034946188075 0.1015625
0 0.2115796629441161 0.09765625 0.06657537799792798 0.0875
0 0.15862163688926817 0.1515625 0.0799486732831983 0.10625
0 0.05747435980096295 0.11015625 0.04698631596343472 0.0359375
0 0.3351992152586997 0.38671875 0.05505568114108108 0.075
0 0.48307821298238807 0.74375 0.07606169396136267 0.1234375
0 0.5401566205498207 0.9125 0.09197779238978612 0.1296875
0 0.6727335643062957 0.6390625 0.08634422249741007 0.109375
0 0.756958822783351 0.85390625 0.11473039578060824 0.215625
0 0.49120085049533807 0.196875 0.06625004631872748 0.1140625
0 0.4414451387467858 0.88984375 0.10258996071058561 0.15625
0 0.2921963478047417 0.7046875 0.26813380148601407 0.590625
0 0.10743820409104798 0.6796875 0.10709767824559702 0.1859375
0 0.1549080936709125 0.3234375 0.07003001778268034 0.128125
0 0.16170413481784437 0.90546875 0.11974322745980874 0.1890625