0 0 0.47990460625000003 0.970710803125 0.2693856578125 0.9549897828124999 0.04593470625 0 0.2404764546875 0 0.47990460625000003
0 0.6651412949283733 0.5348522450629162 0.12534722958158007 0.05756053970326391
0 0.5428769145284867 0.5041315347661801 0.1505654843909035 0.06439242116215294
0 0.22930299864923764 0.5645118692067012 0.12049603847458741 0.052763936929722276
0 0.12016855690927289 0.6942922478157985 0.0954960384745874 0.05218205547083343
0 0.06556041326254235 0.7603543121203471 0.08773810217691824 0.05356271751493065
0 0.023763587938207046 0.8034873694910416 0.04752717587641409 0.03702852773541672
0 0.1094443333181427 0.8225627181805206 0.10062004809323422 0.06479115824437506
0 0.03828360673178763 0.915550958396875 0.06251984736759483 0.04673083605604163
0 0.3639185569092729 0.6886189035916317 0.07016865626060227 0.04222517401194459
0 0.7291194601746502 0.6028378724377423 0.1190972295815799 0.05741506933854161
0 0.8995237294119439 0.573891988794652 0.12276786660488845 0.07311280452090294
0 0.6612127414776615 0.4014585168144092 0.10547123920022675 0.06958776101791671
0 0.8775024295894293 0.35505172302708254 0.20418155771188112 0.07969141926229177
0 0.21022810563547928 0.5071903316876387 0.11095734736759484 0.047858231382639005
0 0.8611755028255889 0.6661165095962145 0.14949405771188112 0.07841855357097227
0 0.6712821344066018 0.7837255029467008 0.6069097428284238 0.16712652260451452
0 0.6021898501083657 0.9516046403895133 0.18187004809323426 0.0666822729857639
0 0.2730604000156984 0.853882187310972 0.12512897477225646 0.051310539703263915
0 0.8511184234293434 0.9317596933918046 0.23272321996293285 0.04756990349472261