0 0 0.8126488015625 0.9378545140625001 0.9552261890624999 0.957409403125 0.7316216140625 0 0.5733825546875 0 0.8126488015625
0 0.6574208378572421 0.4824463103407547 0.12268722749876275 0.05021485870696818
0 0.5348973846687389 0.5197314516337865 0.14645227611928177 0.05741986364988403
0 0.22321293419376906 0.47649746889681105 0.11939845318850333 0.04696252471457942
0 0.11775855156119511 0.352414028668912 0.09448034034363309 0.04750635277546911
0 0.0639618441888203 0.2883714333078168 0.08526911465389256 0.05024935079830275
0 0.0236483223091808 0.2482438404181794 0.0472966446183616 0.034913510874414834
0 0.108766411126705 0.22521485870696814 0.09826043758467104 0.060133686767857866
0 0.03674864823640621 0.13537642589344295 0.06619156603337355 0.043235346843970034
0 0.3600655602676223 0.3450630795809455 0.06907090456798422 0.03867518083635879
0 0.7213848405707757 0.4122412396942387 0.11495661465389251 0.05145902372599629
0 0.8910422433297377 0.43168094227942744 0.12038109905006031 0.06571252471457942
0 0.6512416796712133 0.6152906438388519 0.09998671189493055 0.06332235376405233
0 0.8662558480340076 0.650671022811775 0.2000685990500603 0.06895954152049341
0 0.20377685945396826 0.5336414654367699 0.10977779172311405 0.04189302273741298
0 0.8550438675945686 0.34174435037837325 0.1456267605154494 0.07141869665368965
0 0.6774721455228727 0.23429531182362945 0.6213571008590826 0.1344597965005902
0 0.6048612403890615 0.06614087802152109 0.17811171189493055 0.06650570357377186
0 0.2721605257805976 0.18489755931499047 0.12235967887824381 0.04396485870696818
0 0.8664538376300996 0.06427326638598448 0.26627345318850326 0.05294722235685216