0 0.3248215259307544 0.3976777905277593 0.32302155832590546 0.7515454991714304
0 0.462008259375 0.5693475265625 0.44151904531249997 0.28989837343749997 0.40644470312500003 0.0274878046875 0.179055515625 0.052795262499999995 0.2079781765625 0.2345929546875 0.25432584375 0.42146011562499996 0.2659779453125 0.5449113390625 0.27877335937500003 0.6990710046874999 0.3051871296875 0.80685919375 0.3192939453125 0.8949957421875 0.36223430625 0.9028314906249999 0.41538148750000004 0.8268334859375001 0.4476383640625 0.7405456515625 0.462008259375 0.5693475265625
0 0.2053257140625 0.5951121968749999 0.201024946875 0.6923037078125 0.24197040625000002 0.8152977171875 0.262613334375 0.8999012859375 0.298268428125 0.8945327781250001 0.257145790625 0.7701582421875 0.2371440796875 0.6252096515625001 0.21910999531250003 0.4520119203125 0.1743585234375 0.2775819390625 0.11841972187500001 0.0595437703125 0.09516794843750001 0.0635343640625 0.1370118265625 0.2915502828125 0.1941663 0.4645998640625 0.2053257140625 0.5951121968749999
0 0.758203659375 0.035313903125000004 0.717073628125 0.3349192890625 0.7010792078125 0.439018284375 0.7481686875 0.40294173437499997 0.8156277749999999 0.3295566578125 0.8357150703125 0.213787559375 0.858341328125 0.085121053125 0.8602089359375 0.040064875 0.758203659375 0.035313903125000004
0 0.7060728875 0.3908062046875 0.7566256546875 0.03524040625 0.6351326640625 0.029581779687499997 0.6298437671875 0.23249438281249998 0.617931065625 0.368377559375 0.60410481875 0.5002704437500001 0.5663755328125 0.5983793921875 0.5354021437500001 0.7055482546875 0.622113375 0.6188084359375 0.684842278125 0.4758668609375 0.7060728875 0.3908062046875
0 0.552009771875 0.486444775 0.573215265625 0.48829047656249996 0.6046970453125 0.189039571875 0.5602447390624999 0.1911839109375 0.552009771875 0.486444775
0 0.05260820468750001 0.2546879921875 0.076154503125 0.42727475937500003 0.10997791406249999 0.5818971125 0.1045733203125 0.6595878468749999 0.1225679203125 0.8215779109374999 0.166719725 0.9259942078125001 0.20290419218750003 0.9247700453125001 0.25981790312499997 0.88900034375 0.2086935359375 0.76293594375 0.1986376328125 0.6519219015625 0.1949832671875 0.547206715625 0.17949971874999998 0.45922339218749997 0.13403889687499998 0.27926632812499996 0.083651475 0.0718223765625 0.027995721875 0.0738133640625 0.05260820468750001 0.2546879921875
0 0.5893747370678762 0.07047755148601409 0.03881845909205772 0.047059090570540585
0 0.4908834127738391 0.04085636393479215 0.02756271034569906 0.035612168320799574
0 0.5810788522698556 0.1404989530575907 0.04060827962517113 0.054944365177646406
0 0.5250441494460041 0.2380246164159915 0.02742631802583091 0.030924668320799587
0 0.5334691002247915 0.43242958787994423 0.04565949247815269 0.067662688998964