0 0.6409358542499846 0.63203125 0.36981885006611304 0.7359375
0 0.7051582078124999 1 0.7184827281249999 0.8564833421875001 0.7196887828125 0.6530305203125 0.7401407765625 0.524295090625 0.76749904375 0.364061725 0.768526703125 0.2468024609375 0.7771301625 0.153162175 0.7346958921875 0.1323690015625 0.6595957890624999 0.1935785390625 0.6034330125 0.2714760359375 0.543434196875 0.440871175 0.49103762343749996 0.73052111875 0.46010887343749995 0.991516909375 0.50866345 1 0.7051582078124999 1
0 0.7946882453125 1 0.80703188125 0.8199215921875 0.7933982421875 0.627255465625 0.816221271875 0.4915033796875 0.84628620625 0.39418177656250003 0.8362612031250001 0.2571487375 0.83716045625 0.165138003125 0.7987967984375001 0.15992050468750002 0.8086416671875 0.29840718125 0.791178184375 0.4514505953125 0.7642325609375 0.632566334375 0.7646493343749999 0.8229233109375 0.7650364765625 1 0.7946882453125 1
0 0.0481915640625 0.919549815625 0.0826628578125 0.92557238125 0.217344196875 0.60242720625 0.2613471796875 0.501594959375 0.20304316406249998 0.524113065625 0.11380017499999999 0.5783909781250001 0.0624809234375 0.6898392484375 0.038828304687499995 0.7408882 0.0481915640625 0.919549815625
0 0.2181936671875 0.9492513046875001 0.2807530078125 0.7324347890625 0.32890064375 0.59813433125 0.37797991249999996 0.46845465 0.44292834843750006 0.380200525 0.5032627984375 0.280733803125 0.3905502125 0.34280287187499997 0.2878822953125 0.46906574531249995 0.2434693140625 0.549016078125 0.084211403125 0.9258429312500001 0.2181936671875 0.9492513046875001
0 0.4283229046875 0.4980631546875 0.40683408437499996 0.48984810625 0.29536290625 0.784044140625 0.34199355625 0.79516399375 0.4283229046875 0.4980631546875
0 0.871157815625 1 0.8847863484375 0.8825657625 0.905858721875 0.7004212187500001 0.9115477078125 0.5334290625 0.9376184562500001 0.45622258125000004 0.96165199375 0.28648965312499997 0.94340940625 0.16734607031249998 0.9055891171875 0.1577654984375 0.8371851593749999 0.1770339078125 0.856949515625 0.3202265421875 0.8381203453125 0.435866121875 0.814316925 0.543200384375 0.8071805359375 0.6370969859375 0.8068761265625 0.8332737546875 0.8050714484375 1 0.871157815625 1
0 0.27964863070795076 0.90859375 0.043163501809022266 0.0484375
0 0.3716181247150569 0.9640625 0.029598968792335523 0.028125
0 0.30733653945980655 0.840625 0.04513543758467105 0.05625
0 0.39131871381549455 0.75859375 0.03140713025772479 0.0328125
0 0.43239965795888635 0.55859375 0.048997421980838854 0.0703125