0 0.6716185291704665 0.6040177672535592 0.20432701092189803 0.7507341538983496
0 0.6320872468750001 0.1518634 0.5877348953125 0.23878893437499998 0.551138765625 0.4151597546875 0.5369165109375 0.7065123609375 0.539961059375 0.9813473078125 0.7786772046875 0.9730111562499999 0.7717797078124999 0.78224186875 0.74747814375 0.5848445015625 0.7510675625000001 0.455929975 0.7573676453125 0.29508619999999997 0.7436818828125 0.18124922968749999 0.740249959375 0.0887565140625 0.6967705609375 0.0772513703125 0.6320872468750001 0.1518634
0 0.8202519515625 0.4086559328125 0.8370331640625001 0.30822411875 0.8102255421875 0.1774772640625 0.7995760921875 0.0881330109375 0.7619673140625001 0.09089194375000001 0.788783340625 0.2230841125 0.791115053125 0.3749450078125 0.7878260265625 0.555940353125 0.8120518375 0.7403168890625 0.8423334546874999 0.97078823125 0.8669213859375 0.9684813906249999 0.8525033328125 0.7287746296875001 0.8152566890624999 0.54485279375 0.8202519515625 0.4086559328125
0 0.163804809375 0.9944829734375 0.2572354296875 0.6381381687500001 0.287003809375 0.5314651984375 0.23365773124999997 0.5651626765625 0.154483015625 0.635938728125 0.1189955203125 0.7543892875 0.079242634375 0.886012275 0.06107503125 0.9966221640624999 0.163804809375 0.9944829734375
0 0.30849390312499997 0.49453812812500003 0.275717071875 0.5810594375 0.165250121875 0.9944325015625 0.17682564218750002 0.994028275 0.29977434375 0.985392784375 0.3345884859375 0.7512026421875 0.3641606671875 0.611253721875 0.39520861093750004 0.4755926875 0.44672800781250005 0.3768416078125 0.49239942187499997 0.26816507968750003 0.391591515625 0.351271846875 0.30849390312499997 0.49453812812500003
0 0.447409784375 0.4940291078125 0.425681403125 0.49044584999999996 0.35512145 0.7982375015625001 0.4014325515625 0.7995141 0.447409784375 0.4940291078125
0 0.935244646875 0.7736397312500001 0.9327472 0.5928438484375 0.9173273265624999 0.4298647328125 0.9327784625 0.3497386890625 0.934686903125 0.180366821875 0.9022022421875 0.06862932656250001 0.864570825 0.06704962812500001 0.801088734375 0.09965545625 0.8380491984375 0.2343871890625 0.834384025 0.35028088125 0.8248876875000001 0.4591397546875 0.829764921875 0.5515819984375 0.8540243984375 0.741744990625 0.8799001453124999 0.960794921875 0.9377951781249999 0.96311260625 0.935244646875 0.7736397312500001
0 0.3562218299091512 0.9229066988267229 0.031504530054229284 0.04484127404661713
0 0.4541144292452213 0.9601214674310444 0.022074987899751618 0.03513889183263217
0 0.3737724233914888 0.8504042162499179 0.03466589149054773 0.05120040145127902
0 0.44353950184671176 0.7541988496450295 0.025163626463433175 0.028998019237293705
0 0.4595498003459012 0.5512548989193901 0.034738614363184796 0.06370040145127884