0 0.3578125 0.64375 0.71484375 0.1921875
0 0 0.744445 0.1833325 0.7388899999999999 0.37361 0.7166675 0.4972225 0.7208325 0.6513899999999999 0.7277775 0.7611100000000001 0.7152775 0.85 0.7125 0.8625 0.6708325 0.7930550000000001 0.6083325 0.71111 0.5652775 0.5430550000000001 0.5291675 0.26389 0.51389 0 0.5152775 0 0.744445
0 0.4097225 0.781945 0.5402775 0.7875 0.6361100000000001 0.8041674999999999 0.7625 0.7791675 0.8486100000000001 0.7694449999999999 0.8472225 0.7333325 0.719445 0.7583325000000001 0.5736100000000001 0.7597225 0.4 0.755555 0.2222225 0.7777775 0 0.805555 0.00139 0.8291675 0.23194499999999998 0.8166675 0.4097225 0.781945
0 0.4402775 0.275 0.4097225 0.22361 0.344445 0.14722249999999998 0.23194499999999998 0.1125 0.106945 0.07361 0.00139 0.055555 0 0.15416749999999999 0.33889 0.24583249999999998 0.4402775 0.275
0 0 0.1666675 0.004167499999999999 0.2847225 0.22777750000000002 0.319445 0.36111 0.34861 0.49027750000000003 0.3791675 0.5833325 0.4291675 0.68611 0.47361000000000003 0.6097225 0.37639 0.475 0.2958325 0.39305500000000004 0.26389 0 0.155555 0 0.1666675
0 0.181945 0.33889 0.17916749999999998 0.38333249999999996 0.47083250000000004 0.4291675 0.475 0.40833250000000004 0.181945 0.33889
0 0.3597225 0.8944449999999999 0.5166675 0.880555 0.593055 0.8958325 0.755555 0.89861 0.8638899999999999 0.868055 0.8666674999999999 0.8319449999999999 0.8375 0.7708325 0.7069449999999999 0.805555 0.5958325 0.8013899999999999 0.4916675 0.7916675 0.4027775 0.7958325 0.21944499999999997 0.818055 0.0083325 0.8416675 0.004167499999999999 0.8972225 0.18611 0.8958325 0.3597225 0.8944449999999999
0 0.0625 0.3390625 0.04140625 0.03046875
0 0.02265625 0.4328125 0.03203125 0.02109375
0 0.13125 0.35625 0.0484375 0.03203125
0 0.221875 0.42421875 0.0265625 0.0234375
0 0.415625 0.440625 0.0609375 0.03359375