0 0.6366865559826006 0.3505071506996452 0.37649811196520117 0.7010143013992904
0 0.4158629484375 0 0.4742295515625 0.239743015625 0.5618997875 0.5245989171875001 0.6424739374999999 0.68931221875 0.7080461953125 0.7632287453125 0.7904833796874999 0.8193287874999999 0.8303010109375 0.795924221875 0.810278771875 0.70330048125 0.7949343453125 0.5866906375000001 0.748059834375 0.42900520625 0.711925215625 0.30221906875000004 0.6858775406250001 0.09985611875 0.6641932734375 0 0.4158629484375 0
0 0.7203556890625 0 0.7360578109375 0.13029541718749998 0.758886475 0.31973153125 0.8078990640624999 0.4982217953125 0.8440189046875 0.649386121875 0.8511027765625 0.787813328125 0.8887591968749999 0.7801673390625 0.8766260656249999 0.6886721328125 0.86989950625 0.5516798078125 0.8280054921875 0.45676615312499996 0.7886473609375 0.32314997968750003 0.778729428125 0.1305706125 0.75361646875 0 0.7203556890625 0
0 0.0082535640625 0.2363511296875 0.051423909375 0.3076409296875 0.1162584109375 0.41525110625000006 0.21196620625 0.463549184375 0.2729133546875 0.482224984375 0.21667808125 0.3847099 0.04949453125 0.0838666015625 0.00332124375 0.0951079828125 0.0082535640625 0.2363511296875
0 0.0510735328125 0.0834821765625 0.249277528125 0.4361837140625 0.3033721421875 0.51289459375 0.42127047500000003 0.6319604062499999 0.54135635 0.686509303125 0.46898620625 0.5913978156249999 0.393379690625 0.5077383109375 0.3285548203125 0.381844159375 0.26409563281250004 0.251292628125 0.1803987734375 0.051996562499999996 0.0510735328125 0.0834821765625
0 0.3175643171875 0.18495756875 0.272376759375 0.1990054453125 0.41956874375000003 0.4846052890625 0.4400151390625 0.47505630156249995 0.3175643171875 0.18495756875
0 0.7612643140625 0 0.7769435109375 0.1172948734375 0.8012027046875 0.312475671875 0.819791853125 0.4054483140625 0.8566584546874999 0.510725390625 0.8895740671875 0.6245846953124999 0.8873312328124999 0.7683290671874999 0.9579630421875001 0.7831251625 0.9945443062500001 0.77117258125 0.9982048078125001 0.6514549125 0.9534889468750001 0.4841044890625 0.9180380953125 0.40895028906249997 0.8919679328125 0.243153334375 0.8486922296875001 0.063263621875 0.8334495171875 0 0.7612643140625 0
0 0.24195437622353536 0.07585649168672978 0.04237103847458741 0.051182066772189706
0 0.32921627404661713 0.021702537609236964 0.027108137023308564 0.01639788981258558
0 0.27711311542376216 0.1420892454476535 0.0457688569862416 0.0590854949854351
0 0.3704935823914704 0.21835857726353797 0.030833337748947986 0.03367631802583091
0 0.4367981725874891 0.415068441211876 0.04938493030721922 0.07323892319868044