0 0.36344006205786833 0.60859375 0.34208839563046506 0.7578125
0 0.28754814687499997 0.5904628921875 0.23963975468749998 0.785657075 0.2133620171875 0.9555485171875 0.4536800625 0.99340179375 0.486499525 0.738706865625 0.5064672781249999 0.44440216406250005 0.4902033078125 0.2627780234375 0.455528753125 0.1700040484375 0.3988053984375 0.0870758234375 0.353401778125 0.093242884375 0.3390123109375 0.1856885140625 0.311717025 0.2982956390625 0.2991219890625 0.46057699375 0.28754814687499997 0.5904628921875
0 0.2236045109375 0.5419131078125 0.1641722109375 0.7219733921875 0.124746109375 0.9415903374999999 0.15112871875 0.9457459484375 0.2037891953125 0.7385729000000001 0.2500845765625 0.5564433796875 0.2681075140625 0.37430103593749997 0.2883870171875 0.22210835312500002 0.33114937499999997 0.0926972578125 0.293375859375 0.08526905 0.2720462515625 0.173659428125 0.229462934375 0.301620346875 0.23461339531249997 0.40454099687499995 0.2236045109375 0.5419131078125
0 0.9301127828125001 1 0.9289610546875 0.9756250796874999 0.9042195796874999 0.8385406578125 0.8822449421874999 0.7152107812499999 0.8103886890625001 0.634339390625 0.760323028125 0.5938970796875 0.7778935859375 0.704692903125 0.819950365625 1 0.9301127828125001 1
0 0.8181676343750001 1 0.7659054890625 0.64509189375 0.7429096578125 0.554157471875 0.675632171875 0.4000137546875 0.5833155734375 0.3040819015625 0.6167600796875 0.4188591265625 0.6572998609375 0.524394640625 0.672746490625 0.6644554671875 0.6861922078125 0.8086389234375 0.6922951578125 1 0.8181676343750001 1
0 0.612776734375 0.8488688953124999 0.65984215 0.8533229 0.6246773796875 0.5355343203125 0.6022429812500001 0.536441071875 0.612776734375 0.8488688953124999
0 0.1275714171875 0.3314461203125 0.1337702515625 0.4138132859375 0.0989201875 0.5755486000000001 0.07505887812499999 0.756773984375 0.052290195312499996 0.9301775703124999 0.1119202796875 0.9395700984375001 0.161101 0.7348083671875 0.2081132046875 0.5468729078125001 0.2239608703125 0.454656965625 0.227184515625 0.34417708125 0.2371453484375 0.2273558421875 0.2904840171875 0.0966512328125 0.2300214140625 0.056049646875000005 0.19171306875 0.052974996875 0.1456215375 0.1611457484375 0.1275714171875 0.3314461203125
0 0.6434773139567849 0.9765625 0.039136911069925694 0.046875
0 0.5417064828312588 0.99296875 0.02705357332097762 0.0140625
0 0.6354440699472347 0.903125 0.044151793283910834 0.05625
0 0.5747297700399019 0.79765625 0.03077877404661713 0.03125
0 0.5832069250345597 0.59296875 0.046205366604888456 0.0703125