0 0.35482659671386146 0.34765625 0.27215319342772293 0.6953125
0 0.275803825 0 0.270497859375 0.1168682078125 0.2787331515625 0.31950339687499996 0.264453759375 0.4494283859375 0.24479754531250003 0.6113072734375 0.2492147203125 0.7281241296875 0.2450378578125 0.8220858453125001 0.288007859375 0.8391059468750001 0.359513778125 0.7716630828125 0.4114999328125 0.6892496593749999 0.4630429109375 0.5154207656249999 0.501487009375 0.22254121875 0.517188834375 0 0.275803825 0
0 0.18799298125 0 0.1845362046875 0.1609409671875 0.2069616125 0.35155183437500004 0.190660290625 0.4886672296875 0.1654090078125 0.5881541718750001 0.1816838125 0.7236969656250001 0.1850579390625 0.8153686015625 0.22327651093749998 0.8172365312500001 0.2071126515625 0.6802310687500001 0.21730709843749998 0.5263673640625 0.23558702187499997 0.343736528125 0.22635220781249998 0.15427851718750002 0.21883263749999998 0 0.18799298125 0
0 0.7394708015625 0.430516803125 0.7961432 0.403046121875 0.8819706265624999 0.3412773484375 0.9276071671875 0.2258851390625 0.9786409765625 0.0977001109375 0.9928217265624999 0.0411644890625 0.88300134375 0.031566221875 0.7783568640625 0.326326778125 0.7394708015625 0.430516803125
0 0.752298784375 0.020142859375 0.7095622234375 0.20240568125 0.6681244140625 0.34027153593750004 0.6255502171875 0.47361832656249997 0.5653469921875 0.5671030984375001 0.5102308765625 0.671349640625 0.6189301203124999 0.5997903375 0.7147108828125 0.46519902343749997 0.754970596875 0.3817607140625 0.881252596875 0.03141338125 0.752298784375 0.020142859375
0 0.5743427015625 0.4485084921875 0.5959955406249999 0.45482334062499996 0.692707790625 0.15229685937499998 0.6460320484375 0.145270034375 0.5743427015625 0.4485084921875
0 0.1118412625 0 0.10466259062500001 0.10532163593749999 0.0922443671875 0.2884674359375 0.0943521375 0.45519586875 0.0721225078125 0.534312590625 0.056197753125000006 0.7053597468749999 0.0797781703125 0.8223817531250001 0.1176610625 0.8286400859375 0.1844821609375 0.8035287609375 0.158280753125 0.6626986390625 0.1715606203125 0.5459508296875 0.19014949375 0.43703945468749994 0.19286219843750002 0.3429497734375 0.184071571875 0.147635821875 0.178792221875 0 0.1118412625 0
0 0.7042698766709089 0.03125 0.03477498933799979 0.034375
0 0.6784800833465903 0.09765625 0.039698846674090585 0.0546875
0 0.5990385786919079 0.1859375 0.028470445337363516 0.0296875
0 0.567018061386043 0.38828125 0.04142497867599957 0.06875