0 0.65703125 0.68203125 0.0328125 0.03828125
0 0.6765625 0.7125 0.01875 0.0171875
0 0.71015625 0.73125 0.03515625 0.040625
0 0.5625 0.56875 0.025 0.02109375
0 0.784375 0.8578125 0.0234375 0.02109375
0 0.8875 0.984375 0.03828125 0.03125
0 0.87265625 0.84765625 0.02109375 0.01875
0 0.89140625 0.86796875 0.02734375 0.02265625
0 0.91875 0.93515625 0.01875 0.01953125
0 0.68359375 0.68359375 0.0171875 0.025
0 0.85703125 0.921875 0.02734375 0.01953125
0 0.93671875 0.953125 0.02890625 0.02734375
0 0.76484375 0.81015625 0.01875 0.01484375
0 0.75625 0.89453125 0.01484375 0.02109375
0 0.83984375 0.95078125 0.02734375 0.02734375
0 0.8140625 0.92578125 0.01953125 0.0171875
0 0.45625 0.35390625 0.01328125 0.01875