0 0.5710982163775689 0.6738979296712133 0.0448773953265972 0.050730340343633176
0 0.5819805117804161 0.7092212760077402 0.023983013867708357 0.024665807326946166
0 0.611794645139166 0.73574947648271 0.048075130508958355 0.05401911465389268
0 0.5049127847661801 0.5337919080744873 0.031904616641249994 0.029762743102595125
0 0.6519988049990617 0.8858003861390771 0.030305749050069507 0.028118355947465545
0 0.7470385480652075 0.8925240196761621 0.02554551386770836 0.0247476944820761
0 0.7612822328107284 0.9175273417024293 0.03510235182361114 0.03305151741285428
0 0.5974606946260759 0.6810995980340075 0.02569098423243048 0.0309976944820761
0 0.7096281606223951 0.9576886742441463 0.03455683795590261 0.009614017412854281
0 0.6454955382815617 0.8299598219147256 0.022347778685347208 0.02145892017181623
0 0.613008386971041 0.918275371439756 0.020894381458888844 0.026064533016686653
0 0.6643702120091659 0.9577196517429092 0.025290940729444423 0.013810194482076099
0 0.45684353315065945 0.2858357649264637 0.01925914627652787 0.022857645861556985