0 0.28875889075426875 0.6518586664125002 0.04736589600572696 0.04327852773541672
0 0.25298502275617774 0.6650847118153475 0.022129538669636163 0.02238414627652787
0 0.2275673994270866 0.6957346465608683 0.05052725867281786 0.046476262917777865
0 0.4269305054105419 0.5785328820275698 0.026907945337363515 0.030305749050069507
0 0.07973897410085899 0.7446234753987153 0.02688976400381802 0.02874324905006951
0 0.0738076947803584 0.838991071238403 0.022165901336727113 0.025509146276527873
0 0.04898950811581285 0.854034189779514 0.030087489337999783 0.03506598423243048
0 0.28282706409131403 0.679056946047778 0.029960220003181704 0.02412848423243048
0 0.13429920476604087 0.7349588410900348 0.01900453866963625 0.022311411094166723
0 0.04649012209576832 0.7063597559839236 0.025218176002545334 0.019331881458888846
0 0.011179878103086165 0.7594295513867708 0.004978401336727117 0.025109102773541635
0 0.6730237080680878 0.5170914614340978 0.020512494668999893 0.017660278685347208