0 0.6744705519573656 0.3140625 0.04418635200509069 0.0375
0 0.7044216812937745 0.29140625 0.020548857336090798 0.0203125
0 0.7212551926320925 0.2546875 0.047347714672181594 0.040625
0 0.5630416086091845 0.4234375 0.023764764003817974 0.028125
0 0.8473006193109555 0.16484375 0.02374658267027243 0.0265625
0 0.9580210379933185 0.04921875 0.011392033338636054 0.0390625
0 0.8296051366565914 0.07421875 0.020585220003181703 0.0234375
0 0.8493818346594548 0.053125 0.026907945337363515 0.0296875
0 0.9169784146642275 0.01796875 0.022111357336090976 0.0203125
0 0.6732353159611837 0.2859375 0.02836135733609062 0.0203125
0 0.9091835486553187 0.08359375 0.023782945337363515 0.0296875
0 0.9342931839990456 0.00703125 0.03141363200190881 0.0140625
0 0.7993443773074558 0.190625 0.0174238573360908 0.0203125
0 0.8876165366406831 0.19140625 0.023637494668999892 0.0171875
0 0.9394795759866369 0.0984375 0.0316136266709087 0.03125
0 0.9164687899825008 0.12890625 0.020567038669636162 0.021875
0 0.3474609672581398 0.55390625 0.02049431333545444 0.015625