0 0.7487160215022247 0.6894112347513228 0.045569365177646405 0.04084517589344294
0 0.7830739048768363 0.7071863251695023 0.021258569892376046 0.021140170950527094
0 0.8072584216260592 0.740921996614321 0.04727741439185813 0.0440338428896375
0 0.6173696681114025 0.5982848745614799 0.026237168320799496 0.02758117193911023
0 0.9500131559102936 0.809120192773719 0.026237168320799496 0.027581171939110406
0 0.9527807450330922 0.9020252757775247 0.021404119106588126 0.024265170950527094
0 0.9770187657112566 0.9201677807204405 0.027945217535011224 0.030769838935304605
0 0.7546770771265773 0.716945985739906 0.027581344499482085 0.022957338935304605
0 0.8969780471427878 0.7921435984012068 0.018133569892376043 0.021012836958138336
0 0.9836775264646235 0.7785214501880928 0.02423802067816432 0.01814250494291585
0 0.3789556774170275 0.5020160751323213 0.021040246071058543 0.016452670950527094