0 0.27866729625969433 0.702623969878115 0.04555793969514967 0.04376984736759475
0 0.2472718505144204 0.7287152439247322 0.020439765027114642 0.022584328130301045
0 0.22986163671696982 0.7675966946503716 0.050263620413308986 0.04705853847458741
0 0.3934161183702055 0.5806720696079626 0.026735216822512696 0.03061508293962447
0 0.09804348927449369 0.8698362956461635 0.02672612646343313 0.029052582939624472
0 0.11936397737063702 0.9643849038135315 0.022020445745273863 0.02576389183263217
0 0.0989423930616816 0.9838442319438325 0.028270445745273865 0.02598214664195524
0 0.2800570794371816 0.7322569061757843 0.029814765027114644 0.02291171034428636
0 0.04442760988419434 0.9560664615254126 0.012681807181592352 0.03168650961864685
0 0.14898382055838702 0.8407192253204107 0.017314765027114643 0.02247520072563951
0 0.053671320558387005 0.8440476111625929 0.02511817466803503 0.021185519237293705
0 0.6192433410464506 0.4306273964723194 0.021974993949875808 0.01795139183263199