0 0.27600024919251637 0.6173987747055891 0.4284981103845604 0.7423362347230882
0 0.4569631921875 1 0.4817187140625 0.812227790625 0.5092519531249999 0.473417578125 0.527641625 0.229955646875 0.5090327218749999 0.22610885625 0.46658860625000004 0.386807575 0.37241785156249996 0.9924449203125001 0.4089656578125 1 0.4569631921875 1
0 0.09873771164868216 0.5629550806810902 0.1974754232973643 0.5678613040260896
0 0.5080552240320083 0.8873407467377241 0.05098184740221221 0.05683180267345449
0 0.5815802731385038 0.7936458380808145 0.06370003571381488 0.06947725334181776
0 0.6379217763849147 0.7442912754216777 0.054134120941162676 0.05843066534054522
0 0.7611586789827024 0.8019866914385407 0.05725912094116268 0.058467028007635945
0 0.9111033210238881 0.1801673301240852 0.03171365016215581 0.02692612667090888
0 0.8029995312561787 0.911870768777813 0.07164890340856686 0.07738066000954476
0 0.6489082953125 0.5222236765625 0.6483707546875 0.332539315625 0.6060893484375 0.35485139375 0.60090651875 0.7329264906249999 0.6457893078125 0.7291301609375 0.6489082953125 0.5222236765625
0 0.5956995000065906 0.9696270827498144 0.06331820616851011 0.04760225334181776
0 0.7569273263054844 0.994979429384134 0.051889782467404014 0.010041141231732099