0 0.6380545119038568 0.3810493555020539 0.7238909761922866 0.3648453454729241
0 0.1937803609375 0.5062135234375 0.43836893125 0.5638192625 0.779271765625 0.6420903578125 0.99441179375 0.6804108375 0.9999970921875001 0.5934661718750001 0.3646572796875 0.49529795937500004 0.1950238890625 0.4868559125 0.1937803609375 0.5062135234375
0 0.6384863039601385 0.1880806055020539 0.5773079094445286 0.14490125534376935
0 0.8460690833269968 0.691692653469625 0.05337953005422946 0.04529577962517113
0 0.7346139537403057 0.7337544698461034 0.06439884328594588 0.059676528371529966
0 0.6707923482559155 0.7732966914745735 0.05339771077238851 0.04842077962517131
0 0.9579247095940382 0.8527331050398356 0.050290891490547905 0.05145485141192552
0 0.6942485498549219 0.9114559210206025 0.05655907220870695 0.054761707838416385
0 0.040969013750568405 0.8658894244523218 0.023610216822512742 0.030369461599340043
0 0.7899837515521242 0.9768929125094765 0.07381020472226432 0.04621417498104705
0 0.44865839531249996 0.7152816359374999 0.65314130625 0.7764482546875 0.6690085531250001 0.7338171421874999 0.29550156875 0.621544828125 0.26211399375 0.6558906359375001 0.44865839531249996 0.7152816359374999
0 0.9037321132830302 0.8019458433613529 0.040970433645025395 0.06055706677218993
0 0.8976871672431688 0.9712725048815509 0.03309430113146803 0.04939224623907634