0 0.35625 0.325 0.7125 0.26484375
0 0 0.5675 0.255 0.5475 0.5650000000000001 0.5075000000000001 0.7875 0.47750000000000004 0.7875 0.45999999999999996 0.635 0.4525 0 0.4875 0 0.5675
0 0.4078125 0.15234375 0.51484375 0.0796875
0 0.1921875 0.5859375 0.0453125 0.0375
0 0.28984375 0.63359375 0.0546875 0.04765625
0 0.3453125 0.675 0.0453125 0.03984375
0 0.08203125 0.7203125 0.04140625 0.04140625
0 0.31640625 0.796875 0.046875 0.04375
0 0.90390625 0.8140625 0.01875 0.025
0 0.225 0.85625 0.06171875 0.053125
0 0.7176475 0.6058825 0.689705 0.57206 0.34853 0.639705 0.360295 0.6794125 0.54706 0.6426475 0.7176475 0.6058825
0 0.134375 0.68046875 0.03359375 0.0515625
0 0.1296875 0.8328125 0.0265625 0.04296875