0 0.6390586165412715 0.6018469046764576 0.3814859882113639 0.7507492865988178
0 0.5463413015625 0.1604101359375 0.481776740625 0.39022068125 0.39367604843750004 0.7105151671875001 0.3350961046875 0.972174884375 0.41755787343749995 0.97702200625 0.549087259375 0.32068329218749997 0.564392965625 0.1614712171875 0.5463413015625 0.1604101359375
0 0.8241339534994097 0.5760720010379665 0.1627811146756482 0.5502997146395272
0 0.3443151664275407 0.7738675696874884 0.045787343878220546 0.052037688998963993
0 0.30958202216875935 0.6694369348651348 0.05873301285158128 0.0635573858558109
0 0.275409952016535 0.6086471381321225 0.04741351087441492 0.05367296360606986
0 0.18949106216919684 0.8801090692732035 0.05041117688202616 0.05069351282028158
0 0.1458033650583967 0.6318385432183556 0.053790844866803675 0.05708906203449331
0 0.21679091057040373 0.018754192308732893 0.02745383794672147 0.023112168320799577
0 0.07114426327151077 0.7226497878416722 0.06536501482874761 0.07322348428423417
0 0.339658240625 0.4007023671875 0.27351483593750003 0.5929014625 0.3126964171875 0.6075567937499999 0.43402399843749995 0.2564843515625 0.4033572890625 0.2253445578125 0.339658240625 0.4007023671875
0 0.2384034060474174 0.827925831060028 0.05790534190105419 0.04324488585581108
0 0.08025532502077812 0.8243749536812726 0.04821200692008221 0.034995738213175545