0 0.28828657304918776 0.4178646879233553 0.4476026663909149 0.780577129126071
0 0.44303219531250004 0.0232183328125 0.3672630046875 0.036794845312500005 0.48605908593749997 0.66443106875 0.5330559328125 0.8230322796875 0.5511227015625 0.81979503125 0.5248221531249999 0.58081946875 0.48632271562499996 0.24819731250000002 0.44905576406250003 0.023534015624999998 0.44303219531250004 0.0232183328125
0 0.11767979261037853 0.4815133508590826 0.21431505924946997 0.5622897173219975
0 0.5104034862002823 0.17505082541716938 0.05095457386326192 0.057307888964152065
0 0.5838467146899269 0.2686613845531379 0.06370003571381488 0.07202548620519007
0 0.6409285576279122 0.319265572137809 0.05251707386326192 0.057389776119281775
0 0.620557961850553 0.046571700586511486 0.05361592370110611 0.030909163274411556
0 0.7602046631477993 0.2661958830827999 0.05728639448011297 0.06232293758467104
0 0.9285856594910561 0.8799352357509049 0.03012387662320535 0.02655585594746519
0 0.7973716521907507 0.15964931196104368 0.07164890340856651 0.08024742198083885
0 0.65972883125 0.536998171875 0.649610671875 0.3342609703125 0.60558883125 0.3292635578125 0.6235724703125001 0.699705509375 0.6656828531250001 0.7227634671875001 0.65972883125 0.536998171875
0 0.5925517386359143 0.09661928821661107 0.061755706168510116 0.050068599050060315
0 0.7488602398537303 0.06344269730715114 0.0506545649348082 0.040120388964152064