0 0.2924726651614589 0.4034422148980455 0.4466667682258033 0.7669173446815012
0 0.44744788281250003 0.013019403125 0.3963938296875 0.0223167453125 0.47174745937499996 0.6494770937500001 0.507232328125 0.8052301765625 0.52528954375 0.8019418171874999 0.5157628109375 0.5670021390625 0.5006346171875 0.24000825781250001 0.4787878671875 0.013931304687500002 0.44744788281250003 0.013019403125
0 0.12037692115190868 0.4719468593294846 0.21435523211346869 0.5509955133278351
0 0.5290550390227416 0.16789247446495695 0.05034722958158007 0.056096887305303114
0 0.5954488761387173 0.2597593772096663 0.06328373920022692 0.06896060015828454
0 0.6484721832176262 0.30900687094146007 0.05347222958157989 0.0561878155185485
0 0.6470287674231952 0.03681362219510133 0.052817465153609786 0.03743781551854848
0 0.769186476501537 0.25621214304478385 0.05832342068857237 0.061011707838416564
0 0.8936010785088193 0.8588778049606931 0.030560519237293703 0.02586381802583091
0 0.8135218082600353 0.15114420981697357 0.07142362141421188 0.07856292069139795
0 0.651949496875 0.52311859375 0.65590484375 0.323735253125 0.6127924828125 0.31907185 0.6050674578125 0.6833885125 0.6450507937500001 0.7058298390625 0.651949496875 0.52311859375
0 0.6161855059904499 0.09144128622258173 0.06095734736759475 0.047040136051661886
0 0.7730183485487212 0.056902464831538505 0.04969246515360979 0.03734688730530311