0 0.28814971979329707 0.5915988432843091 0.40168165043978854 0.7837154172311405
0 0.47241617812500003 0.973411596875 0.4968397515625 0.7191155593749999 0.511811178125 0.395037653125 0.5212391859375 0.1623166515625 0.5033690921875 0.1607339375 0.4682519453125 0.31770141406249996 0.39027544375 0.9720998921874999 0.4301158265625 0.9756284640624999 0.47241617812500003 0.973411596875
0 0.12123752750517817 0.5254835996158873 0.17512904100647614 0.5488137155129753
0 0.5246427473832933 0.786636947084068 0.04711310217691818 0.05393722749876275
0 0.5911705376719791 0.6903517673013129 0.05999504809323426 0.0655298247398008
0 0.6429165761465665 0.6377313783371609 0.04867560217691817 0.05401911465389268
0 0.6426610826851705 0.9130213054063823 0.051746038474587405 0.0526203889641522
0 0.7623734150766409 0.678260123814605 0.055034729581579886 0.05747166327441171
0 0.8856696267716895 0.07289651515360632 0.028888891832632168 0.02334896879233552
0 0.8064557425739698 0.7781063155831476 0.06495536660488846 0.07358798620519007
0 0.646586603125 0.42580584374999997 0.6397593890625 0.24613718593749997 0.6001903859375 0.2719636125 0.607835359375 0.630768684375 0.6505009609375 0.6221978765625 0.646586603125 0.42580584374999997
0 0.610359503373743 0.8554478228192369 0.05934028366526398 0.0467798247398008
0 0.765654638582953 0.8746028573062616 0.048075401451278844 0.03683161465389269