0 0.13937127968750002 0.8367819546874999 0.0745349328125 0.92698958125 0.1776388203125 0.9537733749999999 0.22442524531250002 0.912402071875 0.13937127968750002 0.8367819546874999
0 0.3631046828125 0.5005057671875 0.2638895265625 0.6127709390625 0.30879585625 0.6526076515625 0.3951496578125 0.559538365625 0.3631046828125 0.5005057671875
0 0.4187262890625 0.7938495203125 0.31785263124999996 0.9761118015625 0.5126072671874999 0.7928833734375 0.47607435625 0.741136278125 0.4187262890625 0.7938495203125
0 0.4015095921875 1 0.46191316875000005 0.9290215671875 0.6238375359375 0.765435840625 0.595014640625 0.729777203125 0.4495663546875 0.8582033499999999 0.3429411875 0.996714765625 0.35558765625 1 0.4015095921875 1
0 0.9630113781249999 0.633809475 0.9205148671875 0.583330303125 0.86509605625 0.5773852453125 0.8204874515625 0.6615790578125 0.8984948015625 0.6931118734374999 0.9630113781249999 0.633809475
0 0.8775917312500001 0.7102187265625 0.8385880546875001 0.6944523171875 0.7677761796875 0.7690220625 0.7965990734374999 0.8046807046875 0.8775917312500001 0.7102187265625
0 0.4404148199793191 0.17293896381095766 0.09327838001272681 0.09804370181924557
0 0.6389644778803691 0.9114878492524838 0.1420795066836355 0.13154971463952733
0 0.79863026875 0.3319325640625 0.9733902796875 0.135058684375 0.8842835875 0.1119110109375 0.7033955203125 0.27620468125 0.52089978125 0.4428978359375 0.5932142890625001 0.48703738281250003 0.79863026875 0.3319325640625
0 0.635527959375 0.6135312390625 0.83121675 0.41364277656250004 0.9978331 0.23279869375 0.9980403640625 0.214986421875 0.8507660515625 0.33984189374999996 0.614807728125 0.5546234078125 0.48195004218750004 0.6525148640625 0.4720400140625 0.6837459015625 0.21692062812500001 0.9639777984375 0.2798571921875 0.9803271328125 0.37920807343749996 0.8680972171875 0.635527959375 0.6135312390625
0 0.8763938343750001 0.46481829374999994 0.9965120593749999 0.33544626875 0.9822969359375 0.297948125 0.8523296281249999 0.43321295937500004 0.8763938343750001 0.46481829374999994
0 0.6357551393220915 0.11246815239563687 0.07739884134309047 0.07544095574818703
0 0.7829023119828189 0.16309535276714043 0.10134541868236298 0.12028257485477489