0 0.7857994609375 0.9771355703125 0.7322489765625 0.8175284968750001 0.6332125984375 0.8641401703125 0.703095621875 0.97954200625 0.7857994609375 0.9771355703125
0 0.5744722062500001 0.4858261 0.6278869890625 0.5973158390625 0.680151034375 0.57278908125 0.620261146875 0.4397064125 0.5744722062500001 0.4858261
0 0.4498143 0.632702271875 0.40192883124999995 0.6707381515625 0.5297976390625 0.8972427250000001 0.48781129375 0.698239334375 0.4498143 0.632702271875
0 0.34382020625 0.588383521875 0.307474734375 0.613560234375 0.410667809375 0.8123966140625001 0.484926853125 0.9858900703125 0.5290290234375 0.984606828125 0.4416513078125 0.749676009375 0.34382020625 0.588383521875
0 0.0327580421875 0.3943902390625 0.075504659375 0.46811943281249996 0.15583962499999998 0.460735215625 0.13826952812499999 0.36937149062499997 0.0857641796875 0.359229503125 0.0327580421875 0.3943902390625
0 0.13804764375 0.6013104234375 0.17439311562499998 0.5761337140625 0.1301065375 0.486345228125 0.089939053125 0.4900373359375 0.13804764375 0.6013104234375
0 0.63984375 0.11106994833801209 0.0796875 0.08513116943775674
0 0.253125 0.7465410647271258 0.1234375 0.10984166442319179
0 0.1955515921875 0 0.26737997812500003 0.158691465625 0.41283706249999996 0.3619195421875 0.4914465453125 0.3411345296875 0.37023836875 0.1335643921875 0.291745125 0 0.1955515921875 0
0 0.107552325 0 0.21480066562500003 0.22586245312500003 0.3389032421875 0.4682096640625 0.503470384375 0.7788607578125 0.595393225 0.9826758265625 0.656836565625 0.9808880078125 0.469443325 0.5801823421875001 0.46901650000000006 0.5481720906249999 0.37426532031250004 0.41899818125 0.21734219999999999 0.15131629375 0.1213818484375 0 0.107552325 0
0 0.189995190625 0.23817999531249998 0.1082681875 0.074878965625 0.08481715 0.1059142921875 0.15914143281249998 0.2609148640625 0.189995190625 0.23817999531249998
0 0.47734375 0.01620034685957928 0.0671875 0.03240069371915856
0 0.328125 0.028652534244024676 0.084375 0.05730506848804935