0 0.9926353265625 0.3222342171875 0.8675362609375 0.348829884375 0.9000026671875 0.45788854843750004 0.9904260265625 0.41715475625 0.9926353265625 0.3222342171875
0 0.4938839953125 0.475274153125 0.6195371234375 0.43237286093750005 0.602478603125 0.37482811875 0.4531292984375 0.4219888796875 0.4938839953125 0.475274153125
0 0.6271737749999999 0.6228242015625 0.6591114265625 0.677361340625 0.9175899453125 0.5699548171875 0.702127434375 0.5907014562499999 0.6271737749999999 0.6228242015625
0 0.8089894859375001 0.684722103125 0.9698598265625 0.6370684343749999 0.9796325765624999 0.5881575328124999 0.7483920515625 0.6449944703125 0.563210703125 0.7285686765625 0.5835822 0.7695325609375 0.8089894859375001 0.684722103125
0 0.392832415625 0.9953115328125 0.398377446875 0.9103917718750001 0.299739315625 0.918131484375 0.2804311859375 0.9718893984375001 0.2819089921875 0.9750241468749999 0.392832415625 0.9953115328125
0 0.5427338796875001 0.94538729375 0.522362384375 0.9044234078125 0.42095759218750006 0.9403017546875001 0.4181850765625 0.982761634375 0.5427338796875001 0.94538729375
0 0.11189340264170108 0.3624187076491306 0.09585932028847229 0.09117042154477702
0 0.7133194711272216 0.8417633784083407 0.12667421561506947 0.13978063836729007
0 0 0.7904022078125 0.1003304765625 0.7584885640625 0.33732732187500003 0.6299663578125 0.3285453875 0.545290721875 0.09100808125 0.6479339046875 0 0.687549771875 0 0.7904022078125
0 0 0.87604304375 0.1620205328125 0.8213317484375 0.43647665468749997 0.7197119187500001 0.7891935578125 0.5837097390625 0.9880147625 0.5207525046875 0.9894529640625 0.4589615109375 0.575387534375 0.59616595 0.541775840625 0.5928829890625 0.3907583484375 0.6769766796875001 0.08432946875 0.8099868718750001 0 0.8500096062500001 0 0.87604304375
0 0 0.9234642828125 0.0476013890625 0.9321703593749999 0.1895467359375 0.883655446875 0.170825875 0.84872238125 0 0.9102429015625001 0 0.9234642828125
0 0.0021573395714234076 0.5211392017953982 0.004314679142846815 0.07040340359079629
0 0.004336128990346957 0.6805369276930971 0.008672257980693914 0.09232385538619425