0 0.8275 0.28500000000000003 0.875 0.375 0.9974999999999999 0.29 0.9974999999999999 0.215 0.8275 0.28500000000000003
0 0.6 0.35 0.47750000000000004 0.41500000000000004 0.5225 0.45499999999999996 0.625 0.3975 0.6 0.35
0 0.9099999999999999 0.47000000000000003 0.725 0.5225 0.665 0.5625 0.7025 0.605 0.9099999999999999 0.47000000000000003
0 0.835 0.5875 0.9974999999999999 0.505 0.9974999999999999 0.4625 0.775 0.5625 0.6275000000000001 0.665 0.6525000000000001 0.6975 0.835 0.5875
0 0.525 0.925 0.515 0.85 0.43 0.8724999999999999 0.4225 0.9225 0.4575 0.97 0.525 0.925
0 0.54 0.8724999999999999 0.545 0.9099999999999999 0.6475 0.8574999999999999 0.6224999999999999 0.825 0.54 0.8724999999999999
0 0.16875 0.4171875 0.07265625 0.0703125
0 0.77890625 0.73984375 0.0921875 0.11015625
0 0.4125 0.615 0.39 0.5425 0.2 0.67 0 0.805 0.0025 0.885 0.22749999999999998 0.765 0.4125 0.615
0 0.8 0.5025000000000001 0.9974999999999999 0.3975 0.9974999999999999 0.3375 0.615 0.5475 0.585 0.55 0.46749999999999997 0.6475 0.2225 0.8125 0.005 0.97 0.2925 0.8099999999999999 0.515 0.6775 0.8 0.5025000000000001
0 0.185 0.9400000000000001 0.3275 0.86 0.305 0.8324999999999999 0.155 0.9199999999999999 0.185 0.9400000000000001
0 0.0703125 0.57734375 0.0546875 0.06015625
0 0.08125 0.7171875 0.0921875 0.075