0 0.6699312296875 0.866710475 0.7623443453125 0.9838861953125001 0.8386745484375 0.9803281640625 0.7573252078125 0.8145495296874999 0.6699312296875 0.866710475
0 0.5644181859375 0.5147712421875 0.629619490625 0.6154990703125 0.6757489875 0.5880397546875 0.6015756890625 0.46748290625 0.5644181859375 0.5147712421875
0 0.46607763437500005 0.6636168328125 0.42587071249999997 0.703454596875 0.576614678125 0.9064929703125 0.5106380609375 0.722281421875 0.46607763437500005 0.6636168328125
0 0.45285695312499996 0.8363346265624999 0.5460389 0.9939689859374999 0.5890365625 0.9919647062499999 0.47383307812500003 0.7746151359375 0.3600876296875 0.630593840625 0.3290819546875 0.6573481796875 0.45285695312499996 0.8363346265624999
0 0.0405842734375 0.4733855359375 0.09071475625 0.5393832 0.165628815625 0.5257675625 0.13695024218750002 0.44105360937500004 0.0860087296875 0.43583546718750005 0.0405842734375 0.4733855359375
0 0.167408690625 0.6598225531249999 0.198414365625 0.633068215625 0.1447056859375 0.5520519140625 0.1072486578125 0.5588597328125 0.167408690625 0.6598225531249999
0 0.5775769068935744 0.1566268819223672 0.07767362141421189 0.07743520401018138
0 0.29555070152824764 0.7867256512969563 0.11744544954451311 0.09820223734881743
0 0.3249058828125 0.1994490625 0.178446078125 0.0088655125 0.0957271828125 0.01272134375 0.23106055312499998 0.231663490625 0.395341996875 0.41129268906250005 0.46685411875 0.385181103125 0.3249058828125 0.1994490625
0 0.7148173843750001 0.9861015999999999 0.47767625156250004 0.6124580796875 0.47304049531250003 0.5823033125 0.3664514421875 0.46831929062500005 0.1828159359375 0.22885053906250002 0.008681198437499999 0.016778875 0.19027185468750002 0.2993683265625 0.3395527421875 0.5176603296875 0.5360909578124999 0.7970221171875 0.654365896875 0.988919465625 0.7148173843750001 0.9861015999999999
0 0.168467425 0.3130392359375 0.0696695359375 0.1657902765625 0.051619565624999995 0.1970025109375 0.14232676093750002 0.33703589218749996 0.168467425 0.3130392359375
0 0.4094320529025577 0.06401376261141163 0.0645188569862416 0.0585397533418178
0 0.26859872177703165 0.08206542329727437 0.0815079495445131 0.09778406667727224