0 0.6300558953125 0.9690282140625 0.60749944375 0.848073396875 0.4992466609375 0.88747929375 0.536661240625 0.9733781406249999 0.6300558953125 0.9690282140625
0 0.49375940937499996 0.489448265625 0.5323824265625 0.6100219046875 0.589499878125 0.5893005375 0.5473632578125 0.445725503125 0.49375940937499996 0.489448265625
0 0.344742353125 0.6306098812500001 0.29015886874999997 0.66575124375 0.3884599109375 0.9124651953124999 0.3742091453125 0.7020849453125 0.344742353125 0.6306098812500001
0 0.278626190625 0.8135908125 0.3201202203125 0.9655354562499999 0.3681308578125 0.971803490625 0.319455915625 0.7512933171875 0.2425105296875 0.574995478125 0.20161535000000003 0.597834746875 0.278626190625 0.8135908125
0 0 0.42576101250000004 0.068296953125 0.4254484578125 0.0635030640625 0.329016225 0.013770403125 0.31449254375 0 0.38021392187499997 0 0.42576101250000004
0 0 0.4624795296875 0.029727151562499998 0.56975819375 0.070622328125 0.5469189250000001 0.038216625 0.44969966093749997 0 0.4498745546875 0 0.4624795296875
0 0.6155654578972156 0.1070459809789746 0.09389882213985139 0.09797092721213971
0 0.12658968249983604 0.7304044758071789 0.14175596878180677 0.12827916542531562
0 0.19020541562499999 0 0.22631272343750003 0.122027278125 0.346008265625 0.3461738859375 0.4295881453125 0.331725159375 0.335375396875 0.10526979218750002 0.2912233546875 0 0.19020541562499999 0
0 0.1035410859375 0 0.162703915625 0.18698651718749998 0.254853096875 0.44980431875000004 0.378598090625 0.787192975 0.4348073046875 0.9781220640624999 0.49557120781249997 0.9752919390624999 0.3724584609375 0.577871675 0.3766510515625 0.5446050265625 0.2982167859375 0.40192681874999997 0.17609157343749998 0.10983498124999999 0.12542468281250002 0 0.1035410859375 0
0 0.135497046875 0.19752369218750002 0.07534862656249999 0.020600946875 0.0602629671875 0.0925995875 0.1005839875 0.21832612187499997 0.135497046875 0.19752369218750002
0 0.46192708112552605 0.006472516130050465 0.0730208377489479 0.01294503226010093
0 0.30632192186969887 0.014272207610213836 0.09673115626060227 0.028544415220427673