0 0.787296009375 0.23377416874999998 0.8847257296875 0.112591209375 0.7985918703125 0.087820109375 0.710391671875 0.159160153125 0.787296009375 0.23377416874999998
0 0.54902765625 0.5520725515625 0.652211046875 0.4463593421875 0.611601546875 0.40705040312499996 0.522105978125 0.4945959828125 0.54902765625 0.5520725515625
0 0.5151284359375 0.26878539375 0.6246153015625 0.0958097015625 0.424567715625 0.2676082796875 0.45630518750000004 0.31818078125000004 0.5151284359375 0.26878539375
0 0.48972588124999994 0.20621968281249997 0.632213575 0.0399716359375 0.5870135249999999 0.026972625 0.4825842390625 0.137853553125 0.315503375 0.2915028671875 0.34089020937500003 0.326433940625 0.48972588124999994 0.20621968281249997
0 0 0.437170021875 0.0172837359375 0.459935403125 0.0703046421875 0.46689456875 0.118963725 0.3869459671875 0.0458886328125 0.35487837187500004 0 0.3934122328125 0 0.437170021875
0 0.0671877921875 0.33889967187500003 0.10372533749999999 0.35493346875 0.1769959703125 0.28482587656249997 0.1516091375 0.24989480312499998 0.0671877921875 0.33889967187500003
0 0.4526708883415195 0.8656250662342195 0.09491870181924558 0.0953521947351895
0 0.31067417266402575 0.15092018157316373 0.14161391935425688 0.12662204210278444
0 0 0.9025726593750001 0.025466893750000004 0.9098966421875 0.205931015625 0.7600962 0.393050340625 0.60392068125 0.3263101671875 0.5598598765625 0.1178759640625 0.704379459375 0 0.8246400656249999 0 0.9025726593750001
0 0 0.7485201546875 0.0681517296875 0.6956053671875 0.31003806875 0.49439395625 0.44468478281249996 0.40325525625 0.45633662968750005 0.37345005468750003 0.755532046875 0.07543660156250001 0.6952584984375 0.0581026265625 0.5582121640625 0.19828543125 0.294024396875 0.43729139375 0.0919565546875 0.6250870390625 0 0.7156456906249999 0 0.7485201546875
0 0 0.674791040625 0.0729203609375 0.6057973921875 0.0518481875 0.574870175 0 0.6255560359375 0 0.674791040625
0 0.2600253159679439 0.9191518264010206 0.07834763192686944 0.07449405771188111
0 0.12158355418111966 0.8673660931912435 0.10687504631872757 0.11760914065150559