0 0.3883325 0.4658325 0.3808325 0.4233325 0.3508325 0.4233325 0.2883325 0.49833249999999996 0.2883325 0.5283325 0.2983325 0.5408324999999999 0.33833250000000004 0.5208325 0.3883325 0.4658325
0 0.5783324999999999 0.4191675 0.5516675 0.3783325 0.44833249999999997 0.4316675 0.4233325 0.4491675 0.38583249999999997 0.5091675 0.3716675 0.5766675 0.385 0.6316675 0.5533325 0.45916750000000006 0.5783324999999999 0.4191675
0 0.18666750000000001 0.8433325 0.395 0.625 0.25833249999999996 0.52 0.1966675 0.5883325 0.11499999999999999 0.6733325 0.06999999999999999 0.7666675 0 0.8800000000000001 0.005 0.9966675 0.0816675 0.9974999999999999 0.18666750000000001 0.8433325
0 0.8583325 0 0.65 0.1683325 0.7533325 0.2783325 0.8316675 0.2 0.9974999999999999 0.08499999999999999 0.9933325 0 0.8583325 0
0 0.7383325000000001 0.2666675 0.65 0.2233325 0.5349999999999999 0.3433325 0.5349999999999999 0.355 0.6133325000000001 0.39 0.7383325000000001 0.2666675
0 0.8683325 0.205 0.9383324999999999 0.20833249999999998 0.9974999999999999 0.18 0.9916674999999999 0.0866675 0.8683325 0.205
0 0.375 0.7333325 0.37666750000000004 0.7 0.3166675 0.7316675 0.255 0.8300000000000001 0.15666750000000002 0.9433325 0.215 0.9316675 0.2983325 0.8300000000000001 0.375 0.7333325
0 0.4025 0.9175000000000001 0.43 0.8724999999999999 0.4225 0.825 0.3775 0.8074999999999999 0.34500000000000003 0.8099999999999999 0.32999999999999996 0.825 0.335 0.8574999999999999 0.325 0.9 0.365 0.9275 0.4025 0.9175000000000001
0 0.6725 0.49749999999999994 0.7150000000000001 0.49749999999999994 0.75 0.47750000000000004 0.77 0.43 0.76 0.3875 0.705 0.3825 0.7 0.375 0.6725 0.4025 0.6775 0.43 0.67 0.4525 0.6799999999999999 0.475 0.6725 0.49749999999999994
0 0.5258325 0.36666750000000004 0.5408324999999999 0.3366675 0.5933325 0.24833249999999998 0.5283325 0.2383325 0.4733325 0.3116675 0.4558325 0.3366675 0.4658325 0.36666750000000004 0.4933325 0.3816675 0.5258325 0.36666750000000004
0 0.37 0.3775 0.355 0.3725 0.3325 0.3825 0.3033325 0.41666749999999997 0.325 0.445 0.36 0.445 0.3725 0.425 0.37 0.3775
0 0.6283325 0.41666749999999997 0.5416675 0.4816675 0.36666750000000004 0.6716675000000001 0.54 0.7866675 0.7483325 0.545 0.6283325 0.41666749999999997