0 0.45278386875 0.29450566562499997 0.38146674375 0.37231140156250003 0.38600776406250004 0.40466212968750004 0.4329169828125 0.4068517265625 0.4845855109375 0.3453010296875 0.5000715062500001 0.29939115625 0.4850949046875 0.29034231093749996 0.45278386875 0.29450566562499997
0 0.5497675578125001 0.37349938125 0.4792118515625 0.398141865625 0.420266059375 0.446906984375 0.40520213906249997 0.476294546875 0.36340005 0.595128378125 0.41141696093749996 0.6182157640625 0.45071415468750003 0.5857056828125 0.6110225578125 0.38024376718749997 0.5497675578125001 0.37349938125
0 0.73541406875 0 0.7087415 0.021826034375 0.6150280203125 0.083305015625 0.5358418828125 0.1831679546875 0.47157949375 0.25914795625 0.6053551015624999 0.3919526484375 0.8089719921875 0.1369958609375 0.9542524218749999 0.006739299999999999 0.9533064375 0 0.73541406875 0
0 0.286222096875 0.8264732078125 0.152107146875 0.730309459375 0.0668451171875 0.8715072171875 0.084718746875 0.9988409390624999 0.175735403125 0.9967225031250001 0.21371265625000002 0.9218172156250001 0.286222096875 0.8264732078125
0 0.385300415625 0.6600061 0.33574722968750004 0.5803929015625 0.3231809296875 0.5820121015625 0.211344040625 0.7226766421875 0.2713879796875 0.8119166953124999 0.385300415625 0.6600061
0 0.198785578125 0.9961860046875 0.23122181875 0.9954310421875 0.22464771093749997 0.960661303125 0.198785578125 0.9961860046875
0 0.8049557390625001 0.2125329953125 0.70838269375 0.29267904843750003 0.68335774375 0.36177526875 0.7190055890625 0.35535127499999997 0.8115148624999999 0.25926092500000003 0.9084004421874999 0.15528942968749998 0.9121344171875 0.0907672859375 0.8049557390625001 0.2125329953125
0 0.890943859375 0.2783035296875 0.8466835703125 0.2949851921875 0.8109231156250001 0.29410370625 0.7970381062499999 0.312360746875 0.7992649593750001 0.3477543140625 0.824924590625 0.39385178125000003 0.8772189812500001 0.395347484375 0.9215229296875 0.3594476203125 0.926617 0.317621425 0.890943859375 0.2783035296875
0 0.5100376437499999 0.7088911343750001 0.4869396234375 0.72010133125 0.46119267500000005 0.7124402703125 0.43809465625 0.7236504703125 0.407719371875 0.722075090625 0.38226352656249996 0.7555463328124999 0.3910981203125 0.75989728125 0.404808496875 0.8185130562499999 0.4520961328125 0.8233985453124999 0.5002279203125 0.795239415625 0.5164707546875 0.7547213296875 0.5100376437499999 0.7088911343750001
0 0.3040191234375 0.497566184375 0.279742190625 0.5199069062499999 0.209083071875 0.58939389375 0.22969229375000003 0.65809935 0.31688534687500003 0.5892265796875 0.3469258703125 0.5688878625 0.3581619484375 0.5317595625 0.33784382968750004 0.50418640625 0.3040191234375 0.497566184375
0 0.36709836406249996 0.3220143765625 0.3347137953125 0.3582090859375 0.3273492140625 0.383859915625 0.335004896875 0.3993413859375 0.3865424515625 0.395445303125 0.4061910484375 0.3791902609375 0.40089319375 0.341447746875 0.36709836406249996 0.3220143765625
0 0.572675340625 0.7840737046874999 0.8014248281249999 0.5258785234375 0.65132899375 0.3549236359375 0.47318172968749994 0.5700041265625 0.41629274218749995 0.6724805875000001 0.572675340625 0.7840737046874999