0 0.5254311625 0.414043675 0.56931860625 0.413527359375 0.57479105 0.3834487703125 0.5111578578125 0.308426221875 0.4811442125 0.30348269375000003 0.46681437812500004 0.3114490875 0.4795268828125 0.3548495578125 0.5254311625 0.414043675
0 0.360128621875 0.3833754484375 0.5020007515625 0.5805742046875 0.5374585796875 0.6122310671875 0.5831762453125 0.592225178125 0.5486668171875 0.479830709375 0.535719225 0.45188149375000003 0.4825324875 0.4043962 0.4175856875 0.37907115468749997 0.360128621875 0.3833754484375
0 0.24241406250000003 0.009877615624999999 0.0576373671875 0.0023485421875 0.053843125000000006 0.0232031125 0.1845461203125 0.1496443234375 0.364975009375 0.39450034375 0.49495294687499997 0.27477716874999997 0.4378379703125 0.20169050624999998 0.3676966640625 0.10580240468749999 0.28252787343749997 0.04530438125 0.24241406250000003 0.009877615624999999
0 0.8911053875 1 0.899930409375 0.9514943921875 0.7753344703125 0.725419971875 0.6464350546875 0.810896896875 0.7105137265625 0.902345071875 0.755225221875 1 0.8911053875 1
0 0.5602548296875 0.6521290984375 0.660841584375 0.7977798109375 0.7203094515624999 0.7163568359375 0.621232565625 0.5812814656249999 0.6095597578125 0.5793588453125 0.5602548296875 0.6521290984375
0 0.7401623796875 1 0.6988232125 0.9382822000000001 0.6845508515625001 1 0.7401623796875 1
0 0.2602415234375 0.3565964578125 0.293285009375 0.3637609984375 0.27254799375 0.2983855125 0.185419825 0.2203528171875 0.089973075 0.10308730625 0.09100266875 0.163494828125 0.1775153359375 0.263798834375 0.2602415234375 0.3565964578125
0 0.17674099062499998 0.2963732109375 0.1433141328125 0.29603082187499996 0.1026189484375 0.27900129375 0.0678098484375 0.3145745125 0.0709738390625 0.3538205921875 0.110977903125 0.388807925 0.159867621875 0.3891155296875 0.18558425 0.34688136875 0.18901159218750002 0.3138842703125 0.17674099062499998 0.2963732109375
0 0.4916581640625 0.8026156421874999 0.5360016453124999 0.799592778125 0.5510367328125 0.74527261875 0.55945221875 0.741495403125 0.536956115625 0.7093917937499999 0.5085315328125 0.709873325 0.48738940781249995 0.6986460328125 0.46305502656249997 0.7049645828125 0.44191290156249996 0.6937372890625 0.434160271875 0.7363486234375001 0.44778485312500005 0.7747359968749999 0.4916581640625 0.8026156421874999
0 0.6105041250000001 0.5080875296875 0.5904808953125 0.5331878062500001 0.5995592375000001 0.5682447093749999 0.6268366624999999 0.58822753125 0.7056350703125001 0.6554212828125 0.7274965796874999 0.591898846875 0.664161034375 0.5246703109374999 0.6423419203125 0.5030048609375 0.6105041250000001 0.5080875296875
0 0.617147965625 0.41021895781250006 0.6248864609375 0.39600358281250003 0.61898624375 0.3717968 0.5901237859374999 0.33692262500000003 0.5578259250000001 0.35397813437500003 0.5514414078125001 0.389069821875 0.56917031875 0.40489825156250003 0.617147965625 0.41021895781250006
0 0.38055832343749996 0.761941190625 0.530838978125 0.662774009375 0.4816183875 0.565171 0.3234545453125 0.35840355156250003 0.1767838203125 0.5132399328125 0.38055832343749996 0.761941190625