0 0.458615465625 0.294845253125 0.37405777812499996 0.3624231140625 0.3723593625 0.3948604859375 0.4178457046875 0.4029698296875 0.480090565625 0.348907540625 0.503960271875 0.3056577109375 0.491023190625 0.294845253125 0.458615465625 0.294845253125
0 0.538519521875 0.3849508703125 0.4648002 0.40026671406250003 0.397861725 0.44081343124999994 0.3775418703125 0.467844575 0.3140761359375 0.57957510625 0.35667884375000003 0.6084065234375 0.40130449375 0.5813753796875 0.5971788828125 0.39936657656249996 0.538519521875 0.3849508703125
0 0.8589949406249999 0 0.76084703125 0.0587741640625 0.6574735671874999 0.107430221875 0.561028159375 0.1957328609375 0.4837203625 0.2624078796875 0.5894101265625 0.41017903437500003 0.8370599750000001 0.18492040468749998 0.9965999312499999 0.0799101546875 0.9993904562499999 0 0.8589949406249999 0
0 0 0.99134863125 0.02433433125 0.99134863125 0.10557921249999999 0.88232391875 0.1946333375 0.79762453125 0.0816550625 0.6858967046875 0 0.7808863515625 0 0.99134863125
0 0.32318894375 0.6462501265625 0.2898146390625 0.5615534421875 0.2772107328125 0.5615534421875 0.1410692265625 0.6858967046875 0.18288134218750002 0.7814058453125 0.32318894375 0.6462501265625
0 0.10890475156249999 0.92196779375 0.0387660859375 0.99134863125 0.10857198593749999 0.99134863125 0.10890475156249999 0.92196779375
0 0.8187888734375001 0.258804628125 0.7090732078124999 0.3254823515625 0.6714673171875 0.3903570984375 0.70756940625 0.3885541203125 0.8163356500000001 0.3056577125 0.9308805124999999 0.2155547984375 0.9467841484375 0.1524830296875 0.8187888734375001 0.258804628125
0 0.890443928125 0.3344918328125 0.84396684375 0.345304290625 0.809141540625 0.3398980609375 0.7920884703125 0.35611674843749996 0.7875478734375 0.3912572359375 0.8039047546875 0.43991329375 0.8547923859375001 0.4480226375 0.9049608578124999 0.418288378125 0.9178864546875 0.37774166249999996 0.890443928125 0.3344918328125
0 0.43596692968750006 0.710224734375 0.41123652968749996 0.7183340765625 0.3874968734375 0.70752161875 0.36276647500000003 0.7156309624999999 0.33334246093750003 0.710224734375 0.302078496875 0.7399589921875 0.3098973578125 0.745365221875 0.31218488125 0.8048337374999999 0.3575296890625 0.815646196875 0.4099742015625 0.79402128125 0.4335608390625 0.7561776796874999 0.43596692968750006 0.710224734375
0 0.27449279843749996 0.47595392031249995 0.246495615625 0.4948757203125 0.16416116249999999 0.5543442359374999 0.17128383593750002 0.6246252109375 0.2696806171875 0.56785980625 0.3029375515625 0.5516411203125 0.32098136718750003 0.516500634375 0.3063343859375 0.4867663765625 0.27449279843749996 0.47595392031249995
0 0.3695470234375 0.31106393906249996 0.3309860359375 0.3426011765625 0.31890964843749997 0.3669292046875 0.3234617265625 0.3831478921875 0.3746324265625 0.38585100781250004 0.3969452515625 0.37233543281250003 0.39892673749999996 0.3344918328125 0.3695470234375 0.31106393906249996
0 0.48298599062500003 0.7922183031250001 0.7558436484375 0.56695966875 0.6414270609375 0.3795446390625 0.4262706890625 0.568762646875 0.3511475046875 0.6624688125 0.48298599062500003 0.7922183031250001