0 0.5586074078125 0.7108172765624999 0.623504865625 0.638953759375 0.6185613390625 0.608702334375 0.574714121875 0.606148646875 0.527809253125 0.6630501468750001 0.51434823125 0.7057426375 0.5285288171875 0.7143531609375 0.5586074078125 0.7108172765624999
0 0.4663349 0.6360166406250001 0.5316775578125 0.6137771859375001 0.5856553265625 0.56889113125 0.5990815640625 0.541619009375 0.6355283015625 0.4311317609375 0.59019235625 0.4090562109375 0.5542071765625 0.43898024687500004 0.40899383437500003 0.6290548578124999 0.4663349 0.6360166406250001
0 0.2800684140625 1 0.3255472234375 0.962606315625 0.4117114375 0.9062284484375001 0.4834765890625 0.8138581640625 0.541826675 0.743622496875 0.4140309578125 0.6181851968750001 0.229456421875 0.8539969921875 0.0944133765625 0.9760359812500001 0.09832945 1 0.2800684140625 1
0 0.70255905 0.21599034687500002 0.8298747796875 0.307223953125 0.95633155 0.0909639046875 0.9423626328125 0.0054825046875 0.8280213765625 0.0048172875 0.7681883765624999 0.1277663421875 0.70255905 0.21599034687500002
0 0.6136688171875 0.3703251171875 0.6616684671875 0.4451889140625 0.67336653125 0.4438137484375 0.7747306984375 0.313706409375 0.7167263703125 0.22974119218750003 0.6136688171875 0.3703251171875
0 0.747244759375 0.0043473421875000005 0.742257334375 0.0211894875 0.7571334625 0.0913833703125 0.8187056968749999 0.004763090625 0.747244759375 0.0043473421875000005
0 0.2315637265625 0.7835204 0.3199919890625 0.7097463265624999 0.3418553921875 0.645511053125 0.30871035 0.6511211890624999 0.2244232125 0.739824734375 0.13622126406249999 0.8358384546875 0.1341379828125 0.8960347015625001 0.2315637265625 0.7835204
0 0.1498454515625 0.7211841359375 0.190808946875 0.7060911578125 0.22421800468750003 0.7073025203125 0.2367855359375 0.6904088640625 0.23393659531250002 0.6573418296875 0.2089754609375 0.6140272875 0.16011514531249998 0.6120629156249999 0.11952882812500001 0.6450972171875 0.11568204062500001 0.684090128125 0.1498454515625 0.7211841359375
0 0.4961373296875 0.3233319953125 0.5174603890625 0.31311722343750004 0.5416671765625 0.32054911875 0.5629902359375001 0.31033435 0.591386196875 0.312135028125 0.6144266703125 0.2811633234375 0.6060831015625 0.27700539062499996 0.59200686875 0.2221337578125 0.5477476921875 0.21705911875 0.5034189421875 0.2428252203125 0.48913399843749994 0.2804758078125 0.4961373296875 0.3233319953125
0 0.69309455 0.5228591859375 0.7152763156249999 0.5022659515625 0.7797402921875001 0.43816153281250003 0.75900311875 0.37379540312500004 0.6790878890625 0.4371468125 0.6514810625 0.45580841093749996 0.6417972562500001 0.49034873125 0.66136811875 0.5163112625 0.69309455 0.5228591859375
0 0.6380145765624999 0.6860662953125 0.6674652390625 0.65262726875 0.673783790625 0.6287600703125 0.666298928125 0.6142236734375001 0.6182625328125 0.6173012046874999 0.60026994375 0.632263221875 0.6060373921875 0.6675565515625 0.6380145765624999 0.6860662953125
0 0.4360168953125 0.2524624359375 0.22804622812500003 0.491024559375 0.37190995625 0.6522555125 0.53357044375 0.4533949234375 0.5844596921874999 0.35834251093749997 0.4360168953125 0.2524624359375