0 0.45012515468750003 0.6121321875 0.40655930625 0.61315268125 0.40234193906250004 0.64311173125 0.46857606562500004 0.7169427765624999 0.49858419062500003 0.72150931875 0.5124933640625 0.71342569375 0.498111103125 0.6704359328125 0.45012515468750003 0.6121321875
0 0.6155365796875001 0.6407032265625 0.4666538671875 0.4463428796875 0.43015750781250006 0.41528828124999995 0.385562915625 0.43570105937500003 0.4243856375 0.54701355625 0.43837590468750004 0.5746432484375 0.4931204421875 0.6212251484375 0.55864741875 0.6456455328125 0.6155365796875001 0.6407032265625
0 0.9361743328125 1 0.936564678125 0.9972270890624999 0.79937753125 0.8709842453125001 0.6102730640625 0.6297019640625 0.48603206718749997 0.7502000109375 0.545714271875 0.8221822796874999 0.6192565609375 0.9166768421875 0.7062907843749999 0.9758226921875 0.735008346875 1 0.9361743328125 1
0 0.1893295265625 0.30553698281249997 0.3138856796875 0.21908952343750002 0.246544215625 0.1289378265625 0.1830272921875 0.002129715625 0.06535663124999999 0.0007604937499999999 0.05437003124999999 0.078806375 0.1893295265625 0.30553698281249997
0 0.405902371875 0.3758962359375 0.3001088375 0.232293425 0.2443444171875 0.313908978125 0.3482103390625 0.4470181734375 0.3598809984375 0.448794178125 0.405902371875 0.3758962359375
0 0.1916860625 0.00223046875 0.25669989375 0.093083965625 0.2698738203125 0.02368678125 0.26336099687500003 0.0030644828125 0.1916860625 0.00223046875
0 0.7158233187499999 0.6661648296875 0.682716209375 0.6594257953125 0.70595755 0.7241642609375 0.7956475281250001 0.8007155703125 0.8951872421875 0.9161651031250001 0.8917194015625001 0.8561366046875 0.8017391625 0.7574422203125 0.7158233187499999 0.6661648296875
0 0.8011895906250001 0.7250568562499999 0.8344012859375001 0.72501076875 0.87550700625 0.7414663890625001 0.9086376062499999 0.7057069859375 0.9039066078125 0.6667359937499999 0.8627603421875 0.632423715625 0.8141931375 0.6326831187499999 0.79036235 0.6749578765625001 0.7882942125 0.7077940609375 0.8011895906250001 0.7250568562499999
0 0.467937346875 0.22553131093749998 0.4240200484375 0.22904839375 0.41128685625 0.2832122265625 0.40308193125 0.2870637671875 0.4267234578125 0.31871222499999996 0.4549337984375 0.3179050484375 0.47638554843750003 0.32881971875 0.50029743125 0.3222582765625 0.5217491812499999 0.33317294531249997 0.527723784375 0.2907309578125 0.5126386296875001 0.2527343703125 0.467937346875 0.22553131093749998
0 0.36182816875 0.51964326875 0.3806981484375 0.4944640765625 0.37026290156249997 0.45972516875 0.34236346093750003 0.4401791015625 0.261384934375 0.374304578125 0.24224459843749999 0.4376936734375 0.3078676171875 0.5037815109375 0.3304142546875 0.525063075 0.36182816875 0.51964326875
0 0.359191575 0.6169938593750001 0.35208153750000004 0.63121229375 0.35892122031249996 0.6552037609375 0.3889976375 0.689532359375 0.4203838015625 0.6722071546875 0.42530406249999997 0.63725493125 0.40705588437499995 0.6217276296875001 0.359191575 0.6169938593750001
0 0.5799224921875 0.2646743171875 0.43468577656249996 0.3649759875 0.48752010781250005 0.46141686406250004 0.65297025 0.6650994265625 0.792368278125 0.50950860625 0.5799224921875 0.2646743171875