0 0.4807289578125 0.701371471875 0.5714243078125001 0.65717358125 0.577815425 0.6265771078125 0.5355642421875 0.6078526281250001 0.4681666640625 0.6445139265625001 0.4390103671875 0.6800972875 0.44977675 0.6935535703125 0.4807289578125 0.701371471875
0 0.417661040625 0.595965728125 0.49032118281250003 0.5991093734375 0.5602144984375 0.5764995921875 0.5835958828125001 0.5555629734374999 0.66063795625 0.464072353125 0.624187478125 0.4262357234375 0.5775919359375 0.4413089125 0.363755640625 0.5680353265625 0.417661040625 0.595965728125
0 0.0302354921875 0.7420321171875 0.0362909140625 0.8906428140625 0.03964761875 0.89149065 0.157363971875 0.854117715625 0.2632481296875 0.8325458046875 0.36834427187499996 0.771405284375 0.451982609375 0.7263214640625 0.37276514375 0.5595740296875 0.10312012343750002 0.7151519375000001 0.0302354921875 0.7420321171875
0 1 0.1384705390625 0.9042812078125 0.22497815625 0.8067741406250001 0.2844574484375 0.898251903125 0.41851008749999996 1 0.3398359875 1 0.1384705390625
0 0.661737065625 0.3981407953125 0.6811602390625 0.48715161875 0.6931980671875 0.49019213125 0.8415061859374999 0.404177265625 0.81561383125 0.30279554375 0.661737065625 0.3981407953125
0 1 0.11404953124999999 0.93196096875 0.0968642453125 0.9184078484375 0.1140209796875 0.9069335171875 0.1862811859375 1 0.1267201546875 1 0.11404953124999999
0 0.1314331671875 0.6489352312500001 0.24602424374999998 0.6116667640625 0.29147911406250004 0.5587262671875 0.256733390625 0.55174058125 0.1406646046875 0.6047411781250001 0.026853095312500002 0.6590221453125 0.028592446875 0.7017089234375 0.1314331671875 0.6489352312500001
0 0.074123953125 0.559301690625 0.12010328906250001 0.5601782296875 0.15256966249999998 0.573747034375 0.171241325 0.56235775 0.1807443859375 0.5298630656250001 0.17227560625 0.47940791562499996 0.124865721875 0.4593804515625 0.0725788828125 0.47570036406250005 0.054272584375 0.5113399859375 0.074123953125 0.559301690625
0 0.5634298640625001 0.3097827546875 0.5882418 0.30799706250000003 0.609325584375 0.3240593140625 0.6341375203124999 0.322273621875 0.66144519375 0.3345394453125 0.6956765765624999 0.3136590890625 0.689003709375 0.3066052015625 0.69556205625 0.2492086875 0.653843465625 0.2279345 0.6005750562500001 0.235953803125 0.572483946875 0.266437753125 0.5634298640625001 0.3097827546875
0 0.6832089906250001 0.572670546875 0.7127306515625 0.561337525 0.8001103734375 0.5243548546875 0.8036403906249999 0.45545653281250004 0.70131715625 0.48598054375000005 0.6671693890625 0.49346087812499995 0.6447695734375001 0.522698103125 0.6543871546875 0.554653821875 0.6832089906250001 0.572670546875
0 0.5681815875 0.707354871875 0.6096473390625 0.686511390625 0.62475808125 0.6661700046875 0.6227949374999999 0.6495687859375 0.5743198656249999 0.6346407328125 0.5510220953125 0.6421773296875 0.543565790625 0.6778732109375001 0.5681815875 0.707354871875
0 0.530577346875 0.22006417812499998 0.2368566671875 0.369561059375 0.318580525 0.5763084484375 0.5518927 0.4473424125 0.637418690625 0.37589309531250004 0.530577346875 0.22006417812499998