0 0 0.2890033296875 0.0627974046875 0.3109556515625 0.2175144921875 0.385479075 0.4145220703125 0.49245979218749997 0.66054369375 0.6556465874999999 0.7463236484375 0.726461621875 0.8627748531250001 0.8616426265625 0.9215232875 0.9485687609375001 0.933675721875 0.8493119140625 0.9220688656249999 0.8181702515625 0.559761615625 0.48695343593749996 0.25508034999999996 0.330561078125 0.0043749546875 0.2402561625 0 0.2759892640625 0 0.2890033296875
0 0.9152263421875 1 0.9201792703124999 0.9595462171875001 0.7255659046875 0.72282733125 0.32070598437500003 0.45578446718750004 0 0.31872742187499997 0 0.41480946249999995 0.094876909375 0.47402461406249996 0.3496701859375 0.6128015109375 0.5177462546875 0.6884185390625001 0.6388837296875 0.7853237187500001 0.778201746875 0.9069128828125 0.8501315046875 1 0.9152263421875 1
0 0.841118978125 1 0.7717730656249999 0.9121862078125 0.5141983156250001 0.70165958125 0.31807742031249997 0.6063479375 0 0.42927188593750004 0 0.5458632953125 0.084902825 0.6027233812499999 0.21048966562500002 0.6632656328125 0.43012982656250004 0.758567628125 0.6434404421875 0.9055451218749999 0.7623076281250001 1 0.841118978125 1
0 0.7358633265625001 1 0.6740092296875 0.923514059375 0.5731968609375 0.8495361328125 0.48296453906250003 0.8150864828125 0.240658971875 0.715994028125 0 0.568835234375 0 0.7075119187500001 0.073053903125 0.74673515625 0.25589499843749997 0.8119617015625 0.361393965625 0.8476611234375 0.4832979078125 0.8595755328125 0.5677717421875 0.8780872890625 0.7037428968749999 0.9955378749999999 0.7219575296875 1 0.7358633265625001 1
0 0.21479471718749998 0.014106687500000001 0.03707839375 0.0014906140624999999 0.0333293421875 0.0037668078124999996 0.01824614375 0.1269611078125 0.1781358234375 0.156084740625 0.391548378125 0.23928044218750003 0.5717123453124999 0.3893440515625 0.7004499890625 0.4714076171875 0.79577125625 0.5430010249999999 0.7715621687499999 0.4888255484375 0.659802771875 0.42555065625 0.549612 0.317945121875 0.3714881203125 0.11972216875 0.21479471718749998 0.014106687500000001
0 0.2235739828125 0.320249984375 0.43799010000000005 0.426723515625 0.5717148828124999 0.49952845 0.6032518687499999 0.4151216421875 0.413075453125 0.2681056859375 0.24687389375 0.17717832656250002 0.0490338671875 0.12425270625 0.018595149999999998 0.12411055625 0.0038810578125000003 0.24429013125000001 0.2235739828125 0.320249984375
0 0.6576864314802356 0.5470441054264503 0.10565685775648763 0.07930678668045381
0 0.47994312754419133 0.045452691398769715 0.06577548620519007 0.06322725334181778
0 0.5606940812985215 0.20508277741086006 0.06520227611928178 0.052289753341817756
0 0.5407135312076644 0.03443392274026934 0.03798467887824373 0.03948067067154524
0 0.5212022133652686 0.12332370007158762 0.04760534034363317 0.04427725867281791
0 0.4534758028043905 0.10299247139558805 0.052129066033373486 0.041206802673454224
0 0.3654778358210773 0.0816436353834977 0.033297178878243815 0.039426126670908904
0 0.2612274270692215 0.012420373368862002 0.2837951458615571 0.022040821371725507