0 0.423215 0.7410725 0.5071424999999999 0.5464275 0.639285 0.3 0.698215 0.2125 0.8142849999999999 0.089285 0.9196424999999999 0 0.8428575 0.0017850000000000001 0.7696425 0.039285 0.4910725 0.4125 0.3696425 0.7125 0.29464250000000003 0.9946425 0.339285 0.9974999999999999 0.36607249999999997 0.8928575000000001 0.423215 0.7410725
0 0.925 0 0.6964275 0.2321425 0.48035750000000005 0.6375 0.3625 0.9974999999999999 0.4375 0.9974999999999999 0.514285 0.8446425 0.623215 0.5928575 0.6803575000000001 0.4285725 0.760715 0.3053575 0.8625 0.1625 0.9910724999999999 0.039285 0.9974999999999999 0 0.925 0
0 0.6803575000000001 0.7160725 0.751785 0.501785 0.8714275 0.2875 0.9974999999999999 0.09285750000000001 0.9974999999999999 0.0410725 0.8678575000000001 0.1678575 0.6928575 0.43035750000000006 0.6196425 0.6228575000000001 0.45357250000000005 0.9974999999999999 0.548215 0.9974999999999999 0.6339275 0.839285 0.6803575000000001 0.7160725
0 0.8142849999999999 0.6571425 0.839285 0.5553575000000001 0.8410724999999999 0.44107250000000003 0.8517849999999999 0.360715 0.95 0.22142750000000003 0.9553575000000001 0.1875 0.885715 0.2571425 0.825 0.3589275 0.8 0.4464275 0.726785 0.6821425 0.575 0.9910724999999999 0.698215 0.9974999999999999 0.7678575000000001 0.8339275 0.8142849999999999 0.6571425
0 0.214285 0.8035724999999999 0.275 0.5964275 0.4 0.4125 0.4660725 0.2839275 0.525 0.1875 0.476785 0.21607249999999997 0.426785 0.326785 0.335715 0.44107250000000003 0.1660725 0.6285725 0.0803575 0.7857149999999999 0.0821425 0.9517849999999999 0.1160725 0.9974999999999999 0.21607249999999997 0.9974999999999999 0.198215 0.9678575 0.214285 0.8035724999999999
0 0.1946425 0.926785 0.2 0.9964275 0.298215 0.9974999999999999 0.3625 0.7428575000000001 0.44464249999999994 0.5321425 0.501785 0.4 0.42142749999999995 0.3803575 0.3 0.573215 0.22857249999999998 0.7375 0.1946425 0.926785
0 0.5390625 0.31484375 0.06796875 0.09140625
0 0.0890625 0.53671875 0.05390625 0.05546875
0 0.23125 0.44375 0.04453125 0.05546875
0 0.075 0.48125 0.0359375 0.03046875
0 0.1578125 0.4890625 0.0375 0.0390625
0 0.14453125 0.5546875 0.0359375 0.04453125
0 0.13125 0.63828125 0.03359375 0.0265625
0 0.04453125 0.74453125 0.0640625 0.2640625