0 1 0.379795209375 0.715651365625 0.4093720046875 0.3710743265625 0.49053773281249996 0.01984711875 0.6821012140625 0.022088514062500002 0.759133009375 0.1283182671875 0.68321659375 0.23124929062500002 0.6337237140624999 0.5176407703125 0.5314771484375 0.7417393437500001 0.47316937656249997 0.9156343296875 0.4368199265625 1 0.4288405 1 0.379795209375
0 1 0.45627351562499996 0.6212044624999999 0.5179040421875001 0.150242665625 0.684670003125 0.0227078359375 0.7804177046875 0.02558401875 0.8792657140625 0.05600566875 0.854921921875 0.22463249531249999 0.7679978359375 0.36930569375 0.701187034375 0.55703529375 0.667011609375 0.84695794375 0.5911864859375 1 0.5412999484375 1 0.45627351562499996
0 1 0.5571857234375 0.59060748125 0.66830630625 0.369989759375 0.7152237390625 0.06138163906250001 0.8617367828125 0.025882418750000004 0.889521059375 0.0274199515625 0.9423626328125 0.0601119984375 0.9474999875 0.1934294046875 0.886465465625 0.44295504062499996 0.7923548671875 0.6875018078124999 0.7511896140625 0.8286668046875001 0.721634178125 1 0.659603078125 1 0.5571857234375
0 1 0.6841933109375 0.6451521828125 0.7962704984375 0.3767054328125 0.835671890625 0.27728010468750003 0.847906225 0.15835445625 0.8968747390624999 0.086614246875 0.9516646546875001 0.120548834375 0.95699726875 0.2764909921875 0.8776297296875001 0.3665350203125 0.8798422671875 0.4932068125 0.897756090625 0.6084423390625 0.8880062343749999 0.8088994640625 0.86777098125 0.9913782124999999 0.8212134015625001 1 0.7295809359375001 1 0.6841933109375
0 1 0.13357346406249998 0.8265727765625 0.104441725 0.6437961249999999 0.1712348609375 0.4187492296875 0.32490898281249997 0.28284988437499997 0.4050358765625 0.15515064375 0.44068555624999994 0.11854584531250001 0.4886610796875 0.23135728906250003 0.44072363281250004 0.38048405937499996 0.39053098125 0.596964496875 0.285257471875 0.8324993390625 0.25461338125 1 0.2645877875 1 0.13357346406249998
0 1 0.2613172265625 0.9708966140624999 0.254473309375 0.7578961328125 0.2588110265625 0.5686905875 0.308672815625 0.342695815625 0.408470240625 0.3561328828125 0.5001271078125 0.5082881578125 0.46036139531250003 0.7499880796875 0.4068086609375 1 0.384012115625 1 0.2613172265625
0 0.25882135134541884 0.5264806875636135 0.11192098997087019 0.09131945916315995
0 0.5499378155185484 0.0707143595181304 0.07070495658477541 0.06958830290255766
0 0.4330494953811465 0.21101692258748903 0.0704321719450391 0.060213302902557685
0 0.48990358597251954 0.045984688829557877 0.040335494985435004 0.04511409255827139
0 0.4902422182632578 0.13809034327606157 0.049755959092057725 0.047003974772256554
0 0.5643018438900784 0.13521336913677726 0.056051423198680436 0.04878472958157998
0 0.6579381836235216 0.13458094127662862 0.03555706677218975 0.041825401451278846
0 0.7810514231986805 0.07410228746309706 0.2957504206913981 0.0790079760382009