0 0 0.39486693281249996 0.073160934375 0.401358746875 0.23367938437500002 0.43397024218749997 0.44053960468750003 0.48657725 0.704900971875 0.5794009171875001 0.7999142234375001 0.6245247796875 0.9368647421875 0.721580284375 0.9767654562500001 0.7577726203124999 0.9794431093749999 0.6657476171875001 0.575831709375 0.44800440625000004 0.2577605953125 0.37494991093749996 0 0.34964651562500004 0 0.39486693281249996
0 0 0.4997488484375 0.13655452343750002 0.5434570609375 0.40417542968750003 0.61187683125 0.5774642921875001 0.6424073953125 0.71100878125 0.7032896046875 0.866664315625 0.7826058203125 0.9735722234375 0.8675168875000001 0.9763381687500001 0.7724575078125 0.7796763171875 0.6259841890625 0.34494235156249997 0.47460788281250005 0 0.42050655312499996 0 0.4997488484375
0 0 0.6091033125 0.15343865 0.6637514140625 0.28374480156250004 0.6902687750000001 0.5094802781250001 0.7269445234374999 0.7398116375 0.8124578046875 0.94650715625 0.9058643140625 0.9725800484375 0.9016157546875 0.9733361109375 0.8756315375 0.8617018812499999 0.788924334375 0.5768328453125 0.6553658390625 0.37318571875 0.613252465625 0 0.51415304375 0 0.6091033125
0 0 0.6945422921875 0.005899103125 0.7571929890625 0.17168542656250002 0.798517615625 0.3567227734375 0.8161139984375 0.463094028125 0.824491978125 0.5800218375 0.80727701875 0.6631394 0.8047502796874999 0.814807221875 0.8810447421875001 0.8499796406250001 0.8808233109374999 0.7721885109375 0.821875909375 0.662410990625 0.7773221015625 0.5706337625 0.766566034375 0.3228367640625 0.73164685 0 0.6315803171875001 0 0.6945422921875
0 0 0.24254816250000003 0.149900928125 0.23274907968749997 0.367317703125 0.25976315 0.5671458015625 0.355756803125 0.70480128125 0.4012778078125 0.8089349218749999 0.4449129390625 0.775145878125 0.40083241249999996 0.6572696546875 0.3686180578125 0.5318241031250001 0.295398928125 0.324088509375 0.154781484375 0.1553716 0.09412070781250001 0 0.121121228125 0 0.24254816250000003
0 0 0.3534778796875 0.22606516562499998 0.372768996875 0.44917278749999995 0.42089273125000004 0.589623809375 0.4567741984375 0.6020272578125 0.3721098796875 0.3934167 0.2812214375 0.2187654265625 0.23622155312499998 0.0221495953125 0.2333648546875 0 0.23870182187500003 0 0.3534778796875
0 0.679709951241006 0.481075020191593 0.10388116943775678 0.08382585475263546
0 0.4102040626155546 0.06209816300468065 0.06427310015828454 0.06348417984777566
0 0.518862345605938 0.18954538927868447 0.062483279625171126 0.055608012851581276
0 0.4663093101082721 0.03796298463977975 0.03711956677218957 0.042089340912471004
0 0.46539401629733596 0.12305556764358536 0.04654003087881229 0.04403384288963737
0 0.39756165861720405 0.12113758197804139 0.05279003087881238 0.04428851087441492
0 0.3109565688837607 0.1207648502668301 0.033903638558944314 0.038837006920082205
0 0.19507916778840412 0.05369670847950667 0.27602895407749284 0.10020422433401852