0 0.043946971875000004 0.78869615 0.309494225 0.6689236421875 0.5848492546874999 0.5004364078125 0.9059942015625 0.1650043078125 0.93066820625 0.08667158750000001 0.9195476375 0.01069990625 0.9194804281250001 0.0106991234375 0.8492069890625 0.1290592703125 0.74722975 0.2635845390625 0.6708661265625 0.3359298625 0.45012266093750003 0.5062996296875 0.27233111249999997 0.620690925 0.13229402343750002 0.7016986046875 0.033633684375 0.745105121875 0.043946971875000004 0.78869615
0 0.364839453125 0.5475027765625 0.728165975 0.268534290625 0.9147827984375001 0.0106444609375 0.8258862390624999 0.00961005625 0.768934121875 0.0933540015625 0.6451942328125 0.21696822500000001 0.5372201984375 0.3162513890625 0.38486038125 0.3992864296875 0.1549375828125 0.5476183734375 0.017141546875 0.6481837765625 0.029735451562499998 0.7221959015625 0.364839453125 0.5475027765625
0 0 0.5474459781250001 0.014442673437500001 0.6323229765625 0.3558857328125 0.40767754062500006 0.533361528125 0.304205540625 0.762752978125 0.0889359953125 0.8179547515625 0.009517765625 0.7493814624999999 0.0087198421875 0.6442077765625001 0.1048177046875 0.4530519828125 0.2576389625 0.25379752031249997 0.362880696875 0.1401288859375 0.4286828359375 0 0.5377983203125 0 0.5474459781250001
0 0 0.5097170109375 0.000389065625 0.5114524109375 0.279450278125 0.31156165625 0.4995282 0.20108066249999998 0.5815893078125 0.162218425 0.6717356078125001 0.0857947453125 0.7267866062499999 0.008456928125 0.720813725 0.0083874265625 0.6961494421875 0.016563909374999998 0.5753294546875 0.136076140625 0.49791041406250003 0.159680634375 0.3855463578125 0.1799803484375 0.2894028390625 0.22115945468749998 0.12292105 0.29564799218750004 0 0.3739372859375 0 0.5097170109375
0 0.715796309375 0.5042540828125001 0.600142034375 0.5903093312500001 0.43981283437499996 0.7434938718749999 0.2458007484375 0.8370057734374999 0.086544090625 0.8795093093749999 0.054323371875000005 0.8666947078125 0.07111524531249999 0.965377540625 0.1218793984375 0.9914461593749999 0.2858939296875 0.9662729375 0.42641468125 0.856200178125 0.5827694046875 0.6583817328125 0.680143721875 0.5499751125000001 0.7808901609375 0.48267735624999997 0.8009612453124999 0.43046328593750005 0.715796309375 0.5042540828125001
0 0.458498165625 0.715058353125 0.6282306109375 0.563950909375 0.5953731515625 0.487837646875 0.474699990625 0.5656595328125 0.2807666140625 0.6808957140625 0.0405301078125 0.7856341609374999 0.0580795359375 0.8823815578125 0.127633990625 0.8763732484375 0.3085370703125 0.8121902375 0.458498165625 0.715058353125
0 0.6732814012531051 0.43755092675840485 0.10204428903121965 0.0839942866804538
0 0.5298565706565828 0.9171646067393148 0.0644261143631848 0.0632454346753633
0 0.5979531065645446 0.761696404081769 0.06280907220870695 0.05385225334181776
0 0.586860549579344 0.9225157254137237 0.03773634933607006 0.04106135200509087
0 0.5654537030719443 0.8417924367440873 0.04556703005422928 0.044277258672817864
0 0.5028128025062102 0.8652839334022696 0.050254530054229286 0.044331802673454136
0 0.42296167604277707 0.8924816853914518 0.03303975897699054 0.0394443080044546
0 0.3318685225501768 0.9691414460136812 0.27224770472226434 0.06171710797263756