0 1 0.714393525 0.5698781796875 0.49505488125 0.21723522968750003 0.41274733750000003 0.02051469375 0.39144368281249997 0.0229904625 0.43868414375000003 0.023713121875 0.4387557828125 0.20098943593750002 0.47572951406249997 0.43115884062500004 0.5347223515625 0.7294530453125 0.637555478125 0.8385666828125 0.6871263828124999 1 0.792236459375 1 0.714393525
0 1 0.8128689 0.8171180921874999 0.6884381890625 0.3267881828125 0.52069331875 0.024680534375 0.47093264687499997 0.028727037500000004 0.5481445218750001 0.0331221140625 0.5660946874999999 0.1146494578125 0.59191008125 0.41248451093750005 0.668617421875 0.603107353125 0.7035195796875 0.7560589765625 0.7704687328125 0.9356876125 0.857459765625 1 0.9037664109374999 1 0.8128689
0 1 0.9126107937500001 0.931393528125 0.8641726125 0.6045291328125 0.7174060875 0.3795017953125 0.6697049890625 0.0360645265625 0.57811195625 0.06348781249999999 0.690112859375 0.152220178125 0.7211041109375 0.2961371875 0.751165834375 0.5439516656250001 0.7933127078125 0.8045989421874999 0.8878819968749999 0.978972040625 0.96359890625 1 0.9603350609374999 1 0.9126107937500001
0 0.61589356875 0.836560525 0.34472461249999997 0.7960212796875 0.06863667343749999 0.7111416 0.1007951890625 0.8424819031249999 0.19359441718749998 0.8658322953124999 0.3947113140625 0.8870129390624999 0.5100447578125 0.8973258828124999 0.632545259375 0.88032934375 0.7211965609375001 0.878659228125 0.8960630500000001 0.962360403125 0.9337144359374999 0.9625627 0.8408158406249999 0.8983851234375001 0.7159745984375 0.8492408671874999 0.61589356875 0.836560525
0 0.49801248593749997 0.33087687187500003 0.2526535 0.17750585937500002 0.062050493750000005 0.11035441093750001 0.0062704703125 0.1196477078125 0.013754382812499999 0.2624492546875 0.0786368921875 0.258927209375 0.31597335625 0.2906105625 0.5456334890625001 0.39603584999999997 0.7005025781249999 0.44656568906249994 0.81914764375 0.49465435312499995 0.7758046859375 0.44696756249999997 0.644283825 0.41095276406250003 0.49801248593749997 0.33087687187500003
0 0.0206730578125 0.3944654296875 0.18292042343749998 0.4100126484375 0.4297729390625 0.4644015171875 0.5860765140625 0.5046305249999999 0.5856570343749999 0.41400615781249994 0.34741318906249996 0.3139450203125 0.1529874953125 0.263511428125 0.013619053124999999 0.2598670234375 0.0206730578125 0.3944654296875
0 0.6866058011069098 0.5315868058921304 0.11733134215265544 0.09677152372599629
0 0.33078301051544956 0.07896323570272501 0.07555992198083886 0.07324118182494202
0 0.4666906122790434 0.21780951288876232 0.07194359905006031 0.06373884783255326
0 0.3863812353006789 0.0539433310638203 0.042999727498762755 0.046967841901054186
0 0.3989841338757694 0.1456679160447923 0.05253850180902227 0.05047484387822054
0 0.32628694029820454 0.14192615072175305 0.058788501809022266 0.0507295118629981
0 0.23348196460846404 0.14126296444818676 0.03814845318850324 0.043651840912471006
0 0.1245296884891822 0.08537110870696815 0.24480124491161734 0.08949221741393629