0 0 0.2561726515625 0.3721569546875 0.5329336265625 0.7029520171875 0.6651885734375 0.9830908015625001 0.7381241421875 0.9842456171875 0.6885085890625 0.9022697187500001 0.6679740328125 0.7348763375 0.605805746875 0.5202840515625 0.5143148171874999 0.24876903125 0.369877840625 0.15243832968749998 0.30532103906249997 0.017000940625 0.17785251562499999 0 0.15775617656250002 0 0.2561726515625
0 0 0.1357771015625 0.17413676718749999 0.3071699984375 0.6207699640625 0.5433275125 0.984894809375 0.6606166124999999 0.9869407062500001 0.5727165828125 0.8499329812499999 0.504504965625 0.572347309375 0.38575290624999997 0.3911382671875 0.3236649828125 0.2554712421875 0.23565979062500003 0.098232065625 0.1241028796875 0 0.021569334375 0 0.1357771015625
0 0 0.01160598125 0.10418790781250001 0.11814824531250001 0.39319152343749997 0.30984065156249996 0.6054819250000001 0.3895077546875 0.9873079453125 0.5569385046875001 0.9884639312499999 0.5072726171874999 0.9887986984375001 0.44974268124999994 0.8447809093749999 0.3723310390625 0.7088984859374999 0.32181668281250003 0.47251588906249997 0.24426488906250002 0.23644608749999999 0.113434128125 0.0731264359375 0.008224846875 0 0.008650196875 0 0.01160598125
0 0.4116418828125 0.1913418265625 0.6716957906250001 0.27073110625 0.9889417078125 0.4251664046875 0.9897427140625 0.2875130828125 0.8397207124999999 0.2243690171875 0.6446271078125 0.1742018359375 0.5322896921875 0.147230484375 0.4059873546875 0.1459899703125 0.31724087500000003 0.1346689609375 0.163924496875 0.027034049999999997 0.12646047656249998 0.021331975 0.20298524218749997 0.0978411984375 0.315093003125 0.164278640625 0.4116418828125 0.1913418265625
0 0.40273781875000003 0.7044243984375 0.6088819109375 0.8906787796875 0.782012959375 0.9843860484375 0.9655737921875 0.9813459296874999 0.9776388656250001 0.97236158125 0.980425359375 0.852642434375 0.8026111890625 0.8362775421875 0.57405398125 0.770517446875 0.3715713421875 0.6335713328125 0.2298910671875 0.5613859140625 0.1236932046875 0.49688926875000006 0.1549630140625 0.5499845265625 0.2770068203125 0.60452419375 0.40273781875000003 0.7044243984375
0 0.980399815625 0.8537398578125 0.9831910796875001 0.73381580625 0.73645880625 0.6728860765625 0.5040936265625 0.5834709328125001 0.35841017656249996 0.5211763703125001 0.3361835328125 0.610099975 0.5485590499999999 0.743040965625 0.7296762359375 0.8209142187499999 0.9386658640625001 0.8571909484375 0.980399815625 0.8537398578125
0 0.2646709508943399 0.480552755370771 0.10334451196784729 0.07774428668045381
0 0.5055407258768743 0.9732033320337259 0.06388196846486113 0.053593335932548315
0 0.40525305119933963 0.8197799820575883 0.06370013050895836 0.052289753341817756
0 0.4435128513518395 0.9862118620305441 0.03357621941479163 0.02757627593891172
0 0.45494262025354093 0.9008487160645879 0.044695557370694416 0.041134077339272324
0 0.5265084957285062 0.9149663074076784 0.05098192496187508 0.042769302673454135
0 0.6191681212034714 0.9293293467536323 0.030560322188333443 0.03784544533736352