0 0.8026774421875 0.28349503125000003 0.7302702437499999 0.48374986875000003 0.656366546875 0.6186386640625 0.542457071875 0.7864885578125 0.4370189875 0.906741621875 0.3654251359375 0.966682171875 0.42934848125 0.980528690625 0.5055908515625 0.934603440625 0.6422578484375 0.7716830796874999 0.706944990625 0.6738230062499999 0.7417408078125 0.6111149375 0.756900140625 0.5259416609375 0.8064156015625 0.424795228125 0.8382245968750001 0.2755848953125 0.8435564281250001 0.1128342828125 0.8117289156249999 0.1293551625 0.8026774421875 0.28349503125000003
0 0.8678660062500001 0.5811982234374999 0.7844526296875001 0.7842723484375 0.6488239203124999 0.9266042109375 0.52032284375 0.9846247109374999 0.5049603640625 0.9947340734375001 0.6695537234375 0.9928188562500001 0.7801590828125 0.9264344609374999 0.8510944765625 0.8377328546875 0.8951006765624999 0.69376625 0.809451809375 0.8651360374999999 0.7203702578125 0.9525086578125 0.848852815625 0.7617987015625001 0.8928590156249999 0.6178320953124999 0.8678660062500001 0.5811982234374999
0 0.646239746875 0.527988121875 0.6599149296875 0.4659084375 0.6013171328125 0.5000456484375 0.5452541171874999 0.578960403125 0.4591532171875 0.7086054703125 0.2962066828125 0.951688671875 0.316928990625 0.956177359375 0.5064578828124999 0.752673975 0.646239746875 0.527988121875
0 0.19499591248144205 0.6778330039783647 0.2151026153312611 0.4990749413589988
0 0.40869880709980366 0.4447370512810479 0.06707903663473136 0.11789657200827239
0 0.23999855325461644 0.7758068799729557 0.11006547602842476 0.22302042401336308
0 0.6958093034817591 0.3444621419080497 0.048424211894930555 0.059902258672817864
0 0.5645216819304615 0.3303552832590943 0.11178510628614972 0.255832924013363
0 0.4317622501115417 0.6461541006126843 0.034279824739800804 0.05817612667090906
0 0.32778407903521395 0.6012421372931381 0.03198034034363299 0.044095445337363516
0 0.5967189490046317 0.13923938725336732 0.07612648801421251 0.11175566000954502
0 0.4420767938708206 0.3059830866088663 0.042017081637205675 0.027035214672181597
0 0.48101089834794786 0.5119058226050484 0.06692190637700665 0.08510225334181776
0 0.45277303369405536 0.4653308146085481 0.03757524310259512 0.03166817067154533
0 0.6751748196514182 0.12972747990932235 0.0432453889641522 0.0504727146721816
0 0.5842343956344144 0.4380041512571854 0.03255355042954129 0.05503294533736351
0 0.828148169944674 0.438292863224096 0.03107958163720568 0.026907945337363515