0 0.5266309453125 0 0.50975215 0.014228746875 0.3916391203125 0.20580276562500002 0.3384835125 0.3178436875 0.31122496875 0.388479925 0.307016753125 0.478832 0.26980563125 0.5916155484375001 0.257064540625 0.75081284375 0.273183690625 0.9193438625000001 0.303529184375 0.8967886187499999 0.2923535484375 0.736477384375 0.339830340625 0.51764481875 0.3974999265625 0.365866459375 0.49169623125 0.17317849999999999 0.5835408859375 0.03098140625 0.6107840890625 0 0.5266309453125 0
0 0.3139942546875 0 0.23016304999999998 0.0704493203125 0.169406515625 0.1741466875 0.14350212499999998 0.3300677140625 0.2083431046875 0.1386756875 0.28782530781250004 0.033187303125 0.1817616390625 0.25195431875 0.15585724843749998 0.40787534374999995 0.186260965625 0.441249565625 0.2446149546875 0.21759725625 0.36439522968750004 0.047406318749999996 0.435782146875 0 0.3139942546875 0
0 0.67167168125 0 0.5329771437499999 0.201732975 0.41986585156249995 0.45745624375 0.41411415937499996 0.523767821875 0.46949031874999997 0.4784097921875 0.516340928125 0.387380640625 0.5871738140625 0.2388785484375 0.7023287500000001 0 0.67167168125 0
0 0.8600160053183336 0.24262511141982568 0.12678985049243074 0.48237870174736114
0 0.673738238885174 0.5010045751350342 0.04807643692972228 0.11980466014423605
0 0.8027282225489237 0.1321792271111452 0.07402330072118062 0.2281626740119445
0 0.39358122625173664 0.6552615429343053 0.03884560087368065 0.058685322188333444
0 0.5293914396826047 0.6466288125015968 0.07020862290951406 0.2655535712384028
0 0.6229167020317016 0.2989524190748606 0.02478310087368065 0.05835801386770836
0 0.7361258700597225 0.3268027025098605 0.02598192496187508 0.042769381458888936
0 0.5223822927404868 0.8492453194354509 0.06039459897381967 0.11228310087368065
0 0.658443160047327 0.6498784862292009 0.04273301386770836 0.02441942496187508
0 0.5903613880114934 0.44510137367201336 0.05501611474138883 0.08248649810013901
0 0.6257546805645491 0.48805128666604114 0.03655574905006951 0.027398954597152782
0 0.44318575522142434 0.8721938165856594 0.03855466014423605 0.04618532218833345
0 0.4948508258911463 0.5395618481207982 0.024710365691319503 0.05523301386770836
0 0.2456690966927088 0.5805369127096873 0.027144381458888932 0.025618249050069507