0 1 0.463228453125 0.9842833421874999 0.44888164374999995 0.7698219374999999 0.34753315625000003 0.6471430171875 0.3045427984375 0.5708791546875001 0.2838345703125 0.47861921093750004 0.28869934375 0.3579393671875 0.2620899421875 0.19446134375 0.26521451875 0.026507709375 0.298800090625 0.05459443125 0.3275441046875 0.21507384218749998 0.299848096875 0.4449611546875 0.32619455468749997 0.6086761703125 0.369768846875 0.8201389593749999 0.4465459015625 0.980044725 0.5260415078125 1 0.5397088421875 1 0.463228453125
0 1 0.376262090625 0.9866874921875001 0.26717589375 0.8790809718749999 0.16866521406249999 0.763543096875 0.11705513593750001 0.6011127046875 0.10638583593749999 0.806196996875 0.153274221875 0.926780653125 0.2238523328125 0.68684986875 0.13758545625000002 0.524419478125 0.12691615625 0.49585529531250006 0.16139504531249999 0.73250238125 0.19837597499999998 0.92558874375 0.303599275 1 0.387688159375 1 0.376262090625
0 1 0.598863228125 0.7983345515625 0.4916592640625 0.51974801875 0.4019352109375 0.451576646875 0.40278209218749994 0.5070837328125 0.45480980625 0.6073880734375 0.493484496875 0.7700554578125 0.5508526671875 1 0.632972890625 1 0.598863228125
0 0.7816543156012473 0.829189091546781 0.4366913687975053 0.14271335588993353
0 0.5195189364673052 0.6657887573412122 0.12512897477225665 0.05274803248413775
0 0.8988046100662845 0.7606524010727608 0.20239077986743084 0.0829117368379741
0 0.3149851707733905 0.39490579454985514 0.06073909255827141 0.041135920688572546
0 0.34791177657850586 0.5333879411918107 0.2743303666048885 0.07980658420556885
0 0.715200969499597 0.5938120975372309 0.060248019237293705 0.02707342068857237
0 0.706847810876742 0.712125587918584 0.04618551923729371 0.02658234736759475
0 0.14002735470880698 0.5464161869306413 0.1177529843909034 0.06497521397248338
0 0.36499512757429775 0.6650744508104575 0.024910719962933037 0.043005955534962934
0 0.5616121780297847 0.5751836047088069 0.08790179328391083 0.0592510036281972
0 0.5239956161415524 0.6152257621505356 0.02937996515360979 0.03691964664195524
0 0.10295145144342961 0.4678720354793625 0.051364092558271415 0.04080853847458741
0 0.45007198810391846 0.48701642739681256 0.0571230192372937 0.026964293283910833
0 0.36488842313564324 0.2374678059826006 0.02749008293962456 0.02749008293962447