0 0 0.58 0.075 0.52 0.2125 0.44000000000000006 0.3975 0.36 0.5425 0.3125 0.75 0.27749999999999997 0.9 0.29500000000000004 0.9225 0.26749999999999996 0.765 0.24500000000000002 0.615 0.25 0.5075000000000001 0.27999999999999997 0.4225 0.27999999999999997 0.355 0.3025 0.2475 0.34750000000000003 0.0625 0.45 0 0.5175 0 0.58
0 0.44749999999999995 0.135 0.3 0.1525 0.09 0.2425 0.1925 0.17250000000000001 0.375 0.12 0.22749999999999998 0.1375 0.1275 0.19 0.0075 0.32 0 0.445 0.017499999999999998 0.42750000000000005 0.1 0.315 0.265 0.21000000000000002 0.47750000000000004 0.16499999999999998 0.44749999999999995 0.135
0 0 0.6475 0.27 0.5325 0.4125 0.4725 0.5 0.4325 0.545 0.3825 0.48250000000000004 0.385 0.2375 0.48 0 0.6275000000000001 0 0.6475
0 0.2453125 0.7890625 0.4796875 0.07734375
0 0.5125 0.625 0.11015625 0.03515625
0 0.16015625 0.7296875 0.21015625 0.05
0 0.66875 0.36875 0.05234375 0.0328125
0 0.6546875 0.49609375 0.2453125 0.0421875
0 0.325 0.56875 0.053125 0.01875
0 0.34609375 0.67578125 0.0390625 0.0203125
0 0.84609375 0.4984375 0.1015625 0.046875
0 0.653125 0.6171875 0.01875 0.0375
0 0.46328125 0.54453125 0.0734375 0.0453125
0 0.50234375 0.5796875 0.0234375 0.03125
0 0.87109375 0.425 0.0421875 0.03125
0 0.55625 0.459375 0.05 0.01875
0 0.60625 0.22734375 0.021875 0.0234375