0 0.56691785625 1 0.6119208734375 0.9382977984374999 0.6812948125 0.7274732703125 0.706676009375 0.60812255 0.716711015625 0.5344287249999999 0.7002946296875 0.447769115625 0.7102947921875 0.3316689984375 0.6864517078125 0.1776567421875 0.633012334375 0.022105278125 0.632844409375 0.0220994140625 0.609108515625 0.050856226562499995 0.656023146875 0.19999258125 0.66020936875 0.41912871406249996 0.639507190625 0.57725338125 0.5932048015625 0.7832020078124999 0.53772855 0.9407232046875 0.50656249375 1 0.56691785625 1
0 0.7431076421875 0.8708102140625 0.6436834515625 0.9793005140625001 0.6353607703125 0.9916628296875001 0.7558455234375 0.9661997921875001 0.865971728125 0.8156849453125 0.9004919453125 0.7023553625 0.8899492234374999 0.548183084375 0.8713625578125 0.745623465625 0.8193806390624999 0.8652942265625001 0.8711087 0.6316904125 0.8605659781250001 0.4775181359375 0.8240098953125001 0.4534335921875 0.8189077640625 0.679834415625 0.7431076421875 0.8708102140625
0 0.4575466453125 1 0.5473603671875 0.76638215625 0.5974557500000001 0.4960114390625 0.5879483828125001 0.43174937187499995 0.5453693046875 0.48846332343750004 0.5212524390625 0.5863400125 0.48724989843750005 0.7446246999999999 0.431294790625 1 0.4575466453125 1
0 0.23179561653323955 0.7851413810328587 0.22382796800644583 0.4297172379342825
0 0.3456053004799927 0.5177827885594054 0.0711609104104042 0.12411211179556503
0 0.30612151137038973 0.8928336019028411 0.11779225768074628 0.21433279619431786
0 0.5781503028990672 0.30201148873689065 0.0504242052052021 0.0625744110699257
0 0.45042014504891165 0.34452139255042213 0.11979437343752686 0.2630307680561673
0 0.4393189611727456 0.6964112747644073 0.03470819994353036 0.06046627404661713
0 0.3256736901260583 0.6987054063454202 0.03388915258848364 0.04640377404661713
0 0.41087804486538504 0.14977932222466936 0.08008088410204497 0.11662699400955026
0 0.3266795371846388 0.3722966737686154 0.043825594710093264 0.029598219962933037
0 0.4376717031390635 0.5499628606992568 0.06906778939195171 0.08817461179556503
0 0.39413380574166457 0.5179117633316619 0.039411110495108835 0.03412202885594055
0 0.4813494395613609 0.10918409327606157 0.04509966837349921 0.05147321996293312
0 0.5069060925027804 0.43652040879249104 0.03452618942018652 0.05734127404661713
0 0.7358872081889739 0.33570198637463794 0.031234589448421345 0.027599210344286185