0 0.10554936562499999 0.25509895781249997 0.2723276515625 0.239617359375 0.49809294375 0.28363469218750004 0.6539323203125 0.3398586296875 0.8511420046874999 0.4330285375 0.985466140625 0.518289496875 0.9880576281250001 0.483995940625 0.9892675750000001 0.4320116859375 0.820293040625 0.3299027359375 0.70557408125 0.277406240625 0.6330605640625 0.2508043109375 0.5393810390625 0.24861790312499998 0.4234093859375 0.21269851874999998 0.2585101453125 0.20331445 0.0830484546875 0.224128834375 0.10554936562499999 0.25509895781249997
0 0.8598730234374999 0.09833763125 0.698772975 0.0752036109375 0.8955239890625 0.13791784375 0.9943941546874999 0.2117529390625 0.9948046984375001 0.19411431562499998 0.9656997921875 0.1589297625 0.8598730234374999 0.09833763125
0 0.778717203125 0.113049865625 0.6176171546875 0.08991584375 0.5820484031250001 0.12229839218750001 0.8124891234374999 0.17749574375 0.985568740625 0.2977797203125 0.9921541296875 0.30799356875 0.9943412531250001 0.21402583593750002 0.778717203125 0.113049865625
0 0.5581649703125 0.365300740625 0.48949175 0.3609302375 0.5349111390625 0.4173447828125 0.6280054203125001 0.4638011234375 0.780045603125 0.5337750156250001 0.9773558124999999 0.6256146625000001 0.9804112015625 0.5851822390625 0.8202486796875 0.4765911046875 0.5581649703125 0.365300740625
0 0.7422075373316313 0.816117498021443 0.447858231382639 0.122332270387464
0 0.5045114348424301 0.6301956845479586 0.12449216014423606 0.04890416442319179
0 0.8685895057964924 0.7531053694916284 0.20308993882958326 0.07148986975432585
0 0.35428092439319414 0.34257732726353796 0.06028418977951393 0.04079013605166182
0 0.35880215739135374 0.48375625673042455 0.2748558360560418 0.06889371865896923
0 0.7166490653513884 0.5724955301538965 0.06151938145888884 0.026773100158284536
0 0.6842339960128466 0.6905468481797274 0.04585801386770836 0.024755959092057724
0 0.14806467914284682 0.48130016112448654 0.11697060087368057 0.06117684389007838
0 0.35022397834541613 0.617509131103604 0.02441942496187508 0.04286946159934022
0 0.5659048361529508 0.5417492984962966 0.0856478656913195 0.057142561757624756
0 0.5205189477602079 0.5797637755350431 0.027398954597152782 0.036710389812585474
0 0.12655466147541633 0.3991696227238267 0.04931032218833335 0.038909387305303154
0 0.47053974439732593 0.44615330516021423 0.058394381458888846 0.0266821719450391
0 0.43518869832888873 0.18720185398571526 0.027180749050069508 0.027335389812585563