0 0.64154305 0 0.6352264234375 0.00735558125 0.6799530046875 0.1621863734375 0.6790016609375 0.38852420468750004 0.6538879296875 0.55141845625 0.6012655265625 0.7632310875 0.5403597046875 0.9248762859375 0.5085445296875 0.982444396875 0.545168684375 0.9811654531249999 0.5779512515625 0.9748225671874999 0.6168131828125001 0.92370751875 0.69330925 0.7072757281250001 0.7223098953125 0.5845005859375 0.734412384375 0.5085908625 0.71958941875 0.41881756093750006 0.7326742859375 0.2991218578125 0.7118213734375 0.1396719046875 0.6674825328125 0 0.64154305 0
0 0.7535156375 0.8563866890625 0.6548968046875 0.959934871875 0.7789675296875 0.9359292359375001 0.88135145625 0.80168038125 0.9196178984375001 0.6852866921875 0.912464103125 0.5259109296875 0.8885846562499999 0.72943753125 0.8321857781249999 0.852064290625 0.8910590031250001 0.6117947874999999 0.8839052093750001 0.4524190265625 0.84684201875 0.4268932125 0.8361520953125 0.6605647859375 0.7535156375 0.8563866890625
0 0.45652786718750005 0.9842608593750001 0.55446375625 0.745039015625 0.61253866875 0.46677755468750004 0.6042920609375 0.40025453593749993 0.55908691875 0.45804637656249997 0.5319037796874999 0.5586719109375 0.4930909296875 0.721491971875 0.42908651718749996 0.98521913125 0.45652786718750005 0.9842608593750001
0 0.22403097774441078 0.7657712998225147 0.16357370413308914 0.4587450613400783
0 0.3528907341873184 0.48465273067788833 0.0569681383672898 0.12540179328391082
0 0.30203377877768306 0.8763516465571375 0.08881810206654457 0.22961806733052798
0 0.5969896712501894 0.26749247941194393 0.042542024004104916 0.062410719962933126
0 0.4643817043294808 0.3072866441100667 0.08748286104353512 0.2686260036281971
0 0.4446202128154919 0.6713317859426986 0.028470433645025394 0.06035714664195542
0 0.32818669173825316 0.6707092817663474 0.028388620413308984 0.046294646641955414
0 0.4288249576491306 0.1053620455613455 0.06786018657189175 0.11797123920022683
0 0.3371697645361353 0.3343898358500314 0.04390453610435348 0.028090283665263983
0 0.446863447984769 0.5196601585380369 0.059865879390299526 0.08644842068857254
0 0.40212766490547763 0.4860589740544663 0.0376727168225127 0.030997028855940557
0 0.5020397438516799 0.06451630155179529 0.040915891490547904 0.05141865626060227
0 0.5212043969514968 0.40375985082615584 0.028452252926866352 0.05723214664195542
0 0.7581726109453392 0.30405991807186583 0.02827953610435365 0.02754464664195542