0 0.48671875 0.3166796511770823 0.1546875 0.18623182835784552
0 0.5921875 0.35646476820582407 0.0609375 0.06413109905006031
0 0.63671875 0.49475598428462614 0.196875 0.21188028154634875
0 0.4265625 0.4542073066495778 0.0390625 0.06923467887824372
0 0.46796875 0.2160997970386393 0.0359375 0.044070904567984306
0 0.61640625 0.25285176730131287 0.0734375 0.05384869629109836
0 0.4109375 0.21127617820087527 0.040625 0.044316566033373486
0 0.36953125 0.17985243781181368 0.0640625 0.054919873360319824
0 0.2796875 0.1408109492317744 0.128125 0.18640224672063965
0 0.35625 0.3266422286304166 0.1078125 0.14940021370395282
0 0.19765625 0.30057877487608636 0.0546875 0.06067855042954129
0 0.2359375 0.25169753957540747 0.0671875 0.06133364767057934
0 0.103125 0.4164704477614364 0.0859375 0.05137879353213641
0 0.225 0.48586449966131573 0.0921875 0.08295634215265543
0 0.31484375 0.598343488241355 0.1390625 0.05260045680654794
0 0.08359375 0.21671278720055825 0.140625 0.1026823439616777
0 0.1953125 0.681170355608781 0.165625 0.1211800384437538
0 0.05859375 0.5836479816826343 0.1171875 0.09520403663473136
0 0.359375 0.6936659543201571 0.0875 0.08271068068726599
0 0.365625 0.46130715569963804 0.059375 0.06561171189493056
0 0.4734375 0.5361256919956852 0.0640625 0.06273237336031982
0 0.1328125 0.07350834181397109 0.15 0.09848616689245618