0 0.632081541811026 0.28793146498397365 0.21604774715740263 0.22896828130301117
0 0.5094175865352368 0.3055232474681112 0.08267526308359248 0.08085318511654283
0 0.42726378114650804 0.4406919103521355 0.26814086817585514 0.26665181977759855
0 0.661585573239883 0.4450346368536725 0.06245376834526439 0.0817063569862416
0 0.6786919603256996 0.18766608095588996 0.049878173635170955 0.05319941106992569
0 0.5106322050640278 0.191969178956457 0.09306673151356151 0.07186013103285878
0 0.7409112392648949 0.19410456471382118 0.05465667889684269 0.05492560217691826
0 0.7920264182323248 0.1711829306857375 0.08378273677523325 0.07309524881887364
0 0.8981476156156063 0.1518203170760739 0.18746772084904323 0.22017363466105583
0 0.7690956943995098 0.32855148658352007 0.15706758930724724 0.18012898801910043
0 0.9449147417545565 0.3365028519224642 0.07468075256024882 0.07745536660488854
0 0.9163655365493544 0.2764383711597579 0.08883425782192056 0.07950893992586625
0 0.9811113050357928 0.47638131825720026 0.037777389928414354 0.0663541754978958
0 0.8688891100009986 0.5231248874018266 0.12006884727034191 0.10710815027015244
0 0.7438806757013096 0.6214309565464532 0.1577662683452644 0.08503474282842376
0 0.8498793176958623 0.7343724114484438 0.20753802616718495 0.16317959019601885
0 0.9728846996964752 0.6553520556433285 0.05423060060704969 0.10240080290255768
0 0.6715877177240972 0.7108506098118305 0.11372784200867017 0.105327395460829
0 0.7254506521649606 0.46628958876043836 0.08276626834526439 0.08241568511654265
0 0.5900360679076239 0.5203372264167191 0.08736276308359248 0.0810168762235353