0 0.48155296438662576 0.37330499089926283 0.15416130093507655 0.18525691149637397
0 0.5914592295119363 0.4214043507002258 0.06129202400410509 0.06377570967712849
0 0.6406229164766115 0.5674831381276133 0.1980476563212708 0.21073210049533805
0 0.42370358206946024 0.511273717739899 0.03789997579950324 0.07049659057054054
0 0.45871542808588056 0.26908837179267503 0.03773634933607006 0.04237159057054054
0 0.6131711239293504 0.3161368078961549 0.0752818011314682 0.05193068114108117
0 0.39938133470173887 0.2592916867226524 0.040861349336070066 0.042517139784752266
0 0.35660348224241084 0.22447788502724136 0.06437157220870696 0.05610875889134013
0 0.2623176719375605 0.17788752129733695 0.12605448165323568 0.18707196856846858
0 0.34712796741168794 0.3756401246881591 0.10708631303532483 0.14869867328319836
0 0.18246147941374047 0.33749365363849115 0.05347043364502548 0.061849336641599174
0 0.22024782572474844 0.2900214942090317 0.06907725292686626 0.059452082712657714
0 0.08880640730322933 0.45113231451569263 0.0877636204133089 0.04938787799792799
0 0.21572291042648728 0.53050094499482 0.0926329275949013 0.08085620181924558
0 0.31191158831597615 0.6529817206353832 0.14086134933607006 0.04717471463952716
0 0.0670167953268336 0.2430094454091048 0.1340335906536672 0.10000861621110371
0 0.19112184446429623 0.7294093258882322 0.1662613251355732 0.1170891083532208
0 0.05301260133958043 0.621297111248705 0.10602520267916087 0.09103172249741007
0 0.36133889569396027 0.7537480080627705 0.08639201795398091 0.0821276033908223
0 0.36038597063314176 0.5145763461521119 0.05973861436318471 0.06526543507002244
0 0.47477065749962105 0.5988315297743924 0.06597043364502539 0.0624315334984459
0 0.10882957845522294 0.09884422249741001 0.15050906010845858 0.09448636228216231