0 0.5680236081423503 0.31695361232008123 0.18720579796757128 0.20574198165323568
0 0.44836432600989673 0.3488944796101322 0.07235838479802066 0.07072156615858276
0 0.3739373243605441 0.49070979576871504 0.2333366518867795 0.23413060206654457
0 0.604215857746639 0.46906101298401115 0.050619777117888634 0.07528180113146803
0 0.6077429891794474 0.2136149888817102 0.04359688730530316 0.048682939695149675
0 0.4430439916867298 0.2364444765850701 0.08610263605166182 0.059865879390299345
0 0.670220257126136 0.2140326245185255 0.046721887305303154 0.048701120413308895
0 0.7202800930986555 0.18484002820751758 0.07364810015828453 0.061355656517662414
0 0.8227291431777978 0.1537804048673424 0.15742736975432586 0.20244426483072292
0 0.7047507183297648 0.34271616072107486 0.1312907670887588 0.16323631908544903
0 0.8785064670761237 0.33076963086323735 0.0644549565847754 0.0675511143631847
0 0.8473079428612287 0.2754917784039093 0.07851745658477541 0.06763292759490129
0 0.9465170180131957 0.4631639743455748 0.08132420783841639 0.056713608313060604
0 0.8135166499082225 0.5240838145082628 0.10727895407749273 0.08967155405833438
0 0.6954904124446347 0.6341269559006146 0.15333560015828454 0.061819264830722885
0 0.9644643506205031 0.2490332966524778 0.059341559250342256 0.10657725292686618
0 0.8058846916740945 0.7326866548673424 0.18823944906292772 0.13388516237139497
0 0.93742785985821 0.641311700243274 0.0715233105039836 0.09571247579950323
0 0.6286546019406513 0.729812160622879 0.10111988229073816 0.09276019262201593
0 0.6686504307870349 0.4827462630822071 0.07244931301126592 0.07384656615858276
0 0.5385477421489482 0.5514604225267357 0.07704588479802066 0.07074883723582168
0 0.9524908510162143 0.09678499542281375 0.09219952335696498 0.10833065046753823