0 0.51796875 0.34453125 0.146875 0.171875
0 0.4125 0.3859375 0.05859375 0.05859375
0 0.3640625 0.5234375 0.18828125 0.19296875
0 0.5734375 0.47890625 0.03671875 0.06484375
0 0.540625 0.2453125 0.03515625 0.03984375
0 0.3921875 0.28359375 0.071875 0.046875
0 0.59765625 0.23828125 0.03828125 0.03984375
0 0.6390625 0.20703125 0.06171875 0.05
0 0.7296875 0.16640625 0.1203125 0.1734375
0 0.64765625 0.35234375 0.1015625 0.13828125
0 0.80546875 0.3234375 0.0515625 0.05703125
0 0.76953125 0.27578125 0.06484375 0.0546875
0 0.8953125 0.43671875 0.08359375 0.04296875
0 0.77265625 0.50703125 0.08828125 0.0734375
0 0.67890625 0.6203125 0.13515625 0.03984375
0 0.921875 0.23828125 0.13671875 0.08984375
0 0.7953125 0.69921875 0.16015625 0.1046875
0 0.93828125 0.60078125 0.1234375 0.0828125
0 0.63125 0.71484375 0.0828125 0.075
0 0.63359375 0.48515625 0.0578125 0.06015625
0 0.5234375 0.5609375 0.0625 0.0578125
0 0.87734375 0.09765625 0.1453125 0.08515625