0 0.347197885264185 0.49910011190327397 0.1846306333545445 0.1615693004748536
0 0.3896297385821403 0.611108366917839 0.06322725334181775 0.06431856426490726
0 0.5359138452419133 0.657615990895307 0.2085772106938169 0.206001262074194
0 0.49083934460536643 0.43712764614729877 0.06920453333863605 0.04106292069139812
0 0.24200185526736667 0.4787314391003051 0.04262385200509069 0.03872753087881229
0 0.2807905405792767 0.6353618723281154 0.050890885343726745 0.07801735141192587
0 0.23567058660886628 0.4187797775801071 0.0426602146721816 0.041852530878812286
0 0.20181375461491147 0.3752487379258061 0.053888616008908666 0.06717077962517112
0 0.16075349729472904 0.27960126880461844 0.18586586935072646 0.13348976458147632
0 0.3573825019494114 0.36213130931684934 0.14812951201463562 0.11208612602253201
0 0.32809608597231943 0.19429059144930294 0.06001134667409058 0.05641513605166191
0 0.27764155263368334 0.23480794286122872 0.060174978675999566 0.07047763605166191
0 0.45028980665181884 0.09623587318604516 0.047893154678545005 0.08886392319868044
0 0.522999505967547 0.22376382812146778 0.07921588001272664 0.09602320533113406
0 0.6421574912874112 0.31948184191152135 0.04386018268618095 0.14497753087881246
0 0.23968866132240957 0.07376645744270512 0.0985658640197264 0.14753291488541023
0 0.7279597259707286 0.19437053015389658 0.11448176535645338 0.17358591567683304
0 0.6258170653246367 0.05558344411486997 0.0889908693507266 0.11116688822973994
0 0.7431200072804115 0.36808917498104704 0.080705654678545 0.08981866943775678
0 0.4978438699475024 0.372102039720808 0.0647715720082724 0.06280152837152997
0 0.577730269931594 0.4869254061764286 0.061701116008908666 0.06739810015828454
0 0.08914322131604625 0.12470683181588449 0.0924067706874536 0.1557619181841155