0 0.6639741400125908 0.5510807106749034 0.18877394805083547 0.16791022868809904
0 0.6300201055165917 0.43999244648913843 0.06518071509696384 0.06592652837152997
0 0.4945814374975285 0.3751450333195878 0.214537607141445 0.212387654394062
0 0.5248940491032003 0.5907616731321734 0.06951365909060954 0.04575042069139812
0 0.7629707475610727 0.5859761993921323 0.0444045649348082 0.038772994985435
0 0.7345166907439393 0.43210104163285806 0.0544341298696164 0.07654577962517113
0 0.7655287317327601 0.643052913498755 0.04448638555165907 0.04346049498543501
0 0.7944310275928448 0.6884025174179633 0.05586026217486477 0.06877874373179385
0 0.8281123266993404 0.7838657816037282 0.18674779788867965 0.14130226458147632
0 0.647487843745469 0.6802226413954312 0.1504557418823252 0.11994409012915455
0 0.665140768257354 0.8415920504083466 0.061946620941162676 0.059585600158284534
0 0.7161441607088721 0.8110611159268952 0.06372730925276535 0.07213106426490726
0 0.5446703555132965 0.9185146000917775 0.05308981818121907 0.08900031551854859
0 0.48225040178041834 0.7870767319868043 0.0844761858759707 0.09772209765100204
0 0.3749815982096959 0.6808829047897733 0.055579618505530615 0.1421707796251713
0 0.7421317366007288 0.946538997030499 0.10377165665497756 0.10692200593900196
0 0.2870333591667445 0.7868624686589692 0.1233125892845374 0.17537573620994634
0 0.3756027556754523 0.9381401606622681 0.09593188311602727 0.12371967867546374
0 0.28257986403800844 0.6211920045523465 0.08439436525911974 0.09303459765100204
0 0.5142253303527884 0.6505769423325033 0.06671594155801372 0.06440949247815268
0 0.44577356493151293 0.5314572178010394 0.06367276217486477 0.06900606426490725
0 0.887062407055424 0.9310976850417652 0.10111030681713337 0.13780462991646977