0 0.2132691625 0.9659900406249999 0.44356340781250003 0.0232461734375 0.4212678953125 0.022077715625 0.380303503125 0.15581503125 0.182748334375 0.9572857515625 0.2132691625 0.9659900406249999
0 0.12004518281250001 0.750243565625 0.13512306875 0.5408777046875 0.1543697328125 0.443723384375 0.1974252296875 0.192060565625 0.252806615625 0.0132490328125 0.22306739687500002 0.011690467187500001 0.1695382484375 0.2260013234375 0.1380383546875 0.409736815625 0.117120790625 0.5692609 0.11173499375 0.70178865 0.08138952031249999 0.8251066781249999 0.056110614062499994 0.9211697171875001 0.08789609375 0.9302346734375 0.12004518281250001 0.750243565625
0 0.6658585125 0.060244179687499996 0.6479124453125 0.152952059375 0.5937188875 0.478946459375 0.5424964296875 0.7136156296875 0.5032889140625 0.8385945749999999 0.48902384843749996 0.8848022390624999 0.501382940625 0.8778534765625 0.5792461171875 0.6780114187499999 0.6149939515625 0.5101491796875 0.6973842515625 0.06923506093750001 0.6658585125 0.060244179687499996
0 0.6324355359375 0.050712221875 0.59330625 0.2484014578125 0.5371566703124999 0.5738380171874999 0.48093604843750004 0.77147030625 0.43870738749999993 0.9479577406249999 0.455496225 0.940178153125 0.47358846874999994 0.9034412953125001 0.5326085140625 0.7191750015625 0.584344246875 0.4825553375 0.6566918312500001 0.057629917187500004 0.6324355359375 0.050712221875
0 0.68229681875 0.19836964375 0.6382129 0.45393019062500006 0.5958923953124999 0.6387680296875 0.5473095703124999 0.767358390625 0.525260934375 0.8511459890624999 0.6143648203125001 0.6566065609375 0.6708078296875 0.394097253125 0.7306153875 0.07871230781250001 0.7005598296875 0.07014070781250001 0.68229681875 0.19836964375
0 0.42079865625 1 0.43735138281249997 0.93709754375 0.5116084390625 0.6629127328125 0.5469754250000001 0.4404776359375 0.620941278125 0.0474341546875 0.60327215 0.0423950640625 0.5815357109375 0.15706578124999998 0.5270544875 0.4201318515625 0.46865290625 0.682082590625 0.39629733125 1 0.42079865625 1
0 0.38709877187499997 1 0.4336926640625 0.822937321875 0.49064827656250004 0.5584800546875 0.5932569109375 0.0395388 0.5723763328125 0.03358383125 0.536912490625 0.238603596875 0.48363894687500003 0.4810671390625 0.410459696875 0.7911735 0.3610785390625 1 0.38709877187499997 1
0 0.7058815593750001 0.245944 0.6510563640625 0.543477703125 0.62663928125 0.60653883125 0.62058409375 0.6592761828125 0.6583816546875 0.5825235281250001 0.687901375 0.4703448609375 0.7109277953124999 0.36798331875 0.76163999375 0.08756026875 0.7330208609375 0.0793983296875 0.7058815593750001 0.245944
0 0.7419978984375 0.19788836875 0.7174217609375 0.3581636578125 0.6959957171875 0.4395853359375 0.6721892984375 0.5300527374999999 0.694922609375 0.49568791093750003 0.729424409375 0.3868744625 0.75790885 0.28606950468750003 0.7893585437499999 0.09546537187500001 0.7645927015625 0.0884023578125 0.7419978984375 0.19788836875
0 0.3568597796875 1 0.4015357828125 0.8302255374999999 0.45091900156250003 0.6128361921875001 0.48857155937499996 0.4251666015625 0.5665168125 0.03191274375 0.5569678031249999 0.0291894453125 0.5418001375 0.0283945421875 0.45993890000000004 0.4150564296875 0.4271850265625 0.6138476749999999 0.37545605000000004 0.795555690625 0.3240698890625 0.9975894953125 0.3325221125 1 0.3568597796875 1
0 0.5303002515624999 0.027791857812499998 0.5106771484375 0.0267634546875 0.41966085781249995 0.42691283750000003 0.389543971875 0.5933854421875 0.33387140625 0.7603527203125 0.2917953640625 0.9883850671875001 0.314187996875 0.9947712609374999 0.3601204765625 0.7795104265624999 0.40384105156250005 0.6208062265625001 0.5303002515624999 0.027791857812499998
0 0.37005764375 0.622840440625 0.496079265625 0.0259984125 0.49582645468750003 0.0259851640625 0.3880859421875 0.4354127390625 0.36337829843749997 0.5664713031249999 0.33324724687499996 0.6512462296875 0.251252303125 0.97682251875 0.283087734375 0.9859017218749999 0.28807639375 0.941808678125 0.3281574390625 0.7820665171875001 0.37005764375 0.622840440625
0 0.42245739238637503 0.48612776628120075 0.054670779625171126 0.05590916327441171
0 0.3939399358015997 0.5519231846439949 0.07437552586424748 0.08970430913596861
0 0.6321877450519421 0.45799720149102263 0.04355142319868044 0.04908595318850324
0 0.603147451241006 0.5417613698538168 0.04520485141192587 0.05229284034363317
0 0.5362805484962967 0.6078943029159322 0.06252874373179385 0.057881099050060315
0 0.5168736674591997 0.7101594877870697 0.0523641335443795 0.08387038896415219
0 0.4084330301538966 0.7529877176606817 0.04110838479802066 0.07235967887824372
0 0.36637957396483267 0.6654976837394838 0.05025606426490725 0.06503850180902226
0 0.4492876991959419 0.8278958644267499 0.048238923198680436 0.049331614653892686
0 0.41576684237373973 0.9759189877312989 0.044051528371529966 0.04816202453740211
0 0.3770286027985811 0.918001886023476 0.07360263605166181 0.06314180913596842
0 0.3134411274091873 0.8176466819304615 0.04221624373179385 0.056816566033373664
0 0.37544130304864315 0.32717549016191894 0.02930706677218975 0.042098968792335524
0 0.33889473462710085 0.5075689970593238 0.033903638558944314 0.0392196302577247
0 0.3347334542105068 0.8657090456798429 0.02586381802583091 0.0309976944820761
0 0.2732360130651378 0.9086501402073475 0.03886392319868044 0.048840291723114146
0 0.2912107747436202 0.8556037053362099 0.029079746239076342 0.034286468792335614
0 0.2922527860263913 0.9542459232240343 0.04060827962517113 0.05517217887824373
0 0.32291438196153377 0.5458535690855912 0.05118206677218975 0.0432453889641522
0 0.2477766749810471 0.7617817842598822 0.06525659012915472 0.1516310990500603
0 0.2170625694124862 0.9299618962002413 0.05324467194503919 0.06051477611928178
0 0.2860388560972863 0.6299895516727367 0.057568459092057725 0.048260437584671224
0 0.22680729394395013 0.8639650819758901 0.04984688730530316 0.050976001809022266
0 0.403131628125 0.0211272328125 0.388497959375 0.020360315625 0.304136753125 0.33080413124999997 0.274910171875 0.46023352968750003 0.218416221875 0.7116366671875001 0.157176609375 0.94999290625 0.174833525 0.9550285125 0.2700760109375 0.558170415625 0.3018644390625 0.4006409859375 0.403131628125 0.0211272328125
0 0.3776125890625 0.019789837499999997 0.360801546875 0.0189088078125 0.30048387656250003 0.2528724640625 0.2507292171875 0.472557753125 0.206924184375 0.6635052031249999 0.1850062359375 0.7773970593749999 0.18123700781250002 0.8468042828125 0.22436906093750003 0.682897025 0.304166946875 0.2939704046875 0.3776125890625 0.019789837499999997
0 0.37452262688046184 0.03605916723114045 0.044704746239076346 0.03510534034363305
0 0.3891581252311092 0.17844806309269748 0.0434604949854351 0.04596095318850328
0 0.3538654829112412 0.18129310210227806 0.04015363855894431 0.03954717887824377
0 0.30114834521022665 0.3796177374483855 0.034130959092057725 0.04703213025772479
0 0.25172369206980594 0.5992408406823173 0.03702863855894432 0.03938340456798421
0 0.2154786520197935 0.7154899604245925 0.05186402837152988 0.0666828889641522
0 0.15270188125 0.8450740187499999 0.1298072515625 0.9421873906249999 0.14680851875 0.9470360124999999 0.171393509375 0.8536099374999999 0.166885834375 0.7850447078125 0.17825710781249998 0.741832425 0.2073746453125 0.5883450265625 0.23784797656249998 0.44805972499999996 0.291847759375 0.21837092500000002 0.3197986109375 0.136636946875 0.3470033125 0.0181856734375 0.32626924375 0.017099046875000003 0.29586715468749997 0.160249234375 0.25903986093750003 0.26347862499999997 0.2443622015625 0.3682211640625 0.20115925625000003 0.5385159234375 0.1896894390625 0.6249501578125 0.17646866249999998 0.6996735671875001 0.1561475046875 0.7707680359375 0.15270188125 0.8450740187499999
0 0.0508354390625 0.883302228125 0.05524245 0.9209221234375 0.0553951578125 0.9209656734375 0.080283871875 0.801995346875 0.093213784375 0.685540178125 0.10636300000000001 0.6172068 0.113189115625 0.47498125468749997 0.1294345828125 0.3642808453125 0.15202550625 0.223348796875 0.2003941765625 0.0272951375 0.20541297187500002 0.0107652375 0.1793219125 0.0093978625 0.14943822499999998 0.1168849375 0.1398881375 0.1654230765625 0.12257452656250001 0.3046549515625 0.092928346875 0.47240826875 0.088989015625 0.5914274796875 0.0839014765625 0.6780806390625 0.058989034375000006 0.7911157656250001 0.0508354390625 0.883302228125
0 0.09944002656249999 0.392568984375 0.1258408796875 0.212675934375 0.1393445625 0.112405059375 0.167389134375 0.0087724921875 0.13938736406250002 0.007304982812499999 0.12962791875 0.039151775 0.1204402546875 0.1230316390625 0.081704284375 0.331445403125 0.076336384375 0.44364675625 0.06485792968750001 0.7014829453125 0.071283453125 0.7321488234375 0.07883496250000001 0.660615053125 0.09944002656249999 0.392568984375
0 0.06373941718750001 0.151827221875 0.0625552375 0.159386303125 0.075440890625 0.422566965625 0.083442859375 0.2758730171875 0.10995463750000001 0.120041228125 0.129890446875 0.0068072703125 0.1022820421875 0.005360375 0.06373941718750001 0.151827221875
0 0.09806473906249999 0.8935691374999999 0.08934571718749999 0.93064809375 0.10897402656249999 0.9362459265625 0.11396945781250001 0.8820843765624999 0.126827809375 0.7720192390625 0.1476401265625 0.6562108203125 0.15743054218750002 0.5516757265625001 0.189975890625 0.4279992828125 0.2180154453125 0.235760865625 0.26731964375 0.0912357578125 0.28081488125 0.014716884375 0.2676870359375 0.014028882812499999 0.2626043828125 0.041834479687499995 0.224066828125 0.163799271875 0.1989719 0.2591631734375 0.1876104625 0.369657940625 0.15670448125 0.48098648125 0.13881964687499998 0.6040347921875 0.1261733078125 0.6949399625 0.09806473906249999 0.8935691374999999
0 0.12308450156249999 0.94027011875 0.151272646875 0.8382586953125 0.166946890625 0.7113747203125 0.18835874375 0.5749128812500001 0.19551830312500001 0.5048685796875 0.2174762828125 0.42142548281250003 0.254251159375 0.2204641203125 0.27346414218750004 0.147452359375 0.3090000984375 0.016194009375000002 0.29372016875 0.015393221874999998 0.2568438671875 0.15552783125 0.22939655937499998 0.2598310703125 0.20627444218750002 0.41502831249999994 0.1772586609375 0.5252919515625 0.1548502203125 0.6838952265625 0.1268408609375 0.8392999187499999 0.1117402671875 0.9370348343750001 0.12308450156249999 0.94027011875
0 0.21605662820061008 0.5073908553816384 0.04060827962517113 0.05517217887824373
0 0.17592337318604515 0.46147084577069997 0.0499378155185485 0.05410100180902226
0 0.18959707977082046 0.3948974994341731 0.0356479949854351 0.04555151741285446
0 0.14253656017477914 0.5332706026681049 0.07575616943775673 0.08353619629109836
0 0.19553587655125743 0.647937290252776 0.051864028371529924 0.0666828889641522
0 0.15476011236549247 0.6778804177969674 0.0641821719450392 0.06108798620519007
0 0.18193036612641617 0.7121668865893028 0.04024456677218975 0.042672178878243726
0 0.18259429269030888 0.8506937980546923 0.07360263605166191 0.06314180913596842
0 0.13297472591811918 0.8887802962456698 0.04355142319868044 0.04908595318850324
0 0.16575848218632533 0.9452693136585243 0.0365739974927175 0.02375840456798457
0 0.1491526215366925 0.6016897320213186 0.022466033386094875 0.021458920171816588
0 0.09076580852542651 0.6721792944366476 0.03693771034569897 0.036258404567984216
0 0.11823054513108436 0.4005466338757694 0.08317151583511762 0.17753185775648764
0 0.27367552922945976 0.1137127764579661 0.04198892319868044 0.049004066033373574
0 0.285732911520198 0.022016599388744597 0.041034176959604096 0.01619156603337355
0 0.22140598706787626 0.05463766960598965 0.040426423198680436 0.048922178878243794