0 0 0.6180594593750001 0.10953911406250001 0.6439091296874999 0.9476796078125 0.7935582921875 0.9540124203125 0.7619255765624999 0 0.593622203125 0 0.6180594593750001
0 0 0.8176954265624999 0.1985499453125 0.8537750046875001 0.3883338078125 0.8738352968750001 0.5525748171875 0.8847083781249999 0.6880247515625 0.8815401046875 0.816167071875 0.9043683671875 0.921396059375 0.92484596875 0.9280735296874999 0.891491665625 0.7366938984375 0.8699228578125 0.5221656968749999 0.8682438703124999 0.42159790625 0.8550009203125001 0.161658096875 0.8276158375 0 0.7889394640625 0 0.8176954265624999
0 0.015159325000000001 0.3630027828125 0.08438516406249999 0.37181369375 0.4209700625 0.40568082343749995 0.664277559375 0.4424844140625 0.7948482218749999 0.47422109375000004 0.8431040890625001 0.485719984375 0.8349985703125 0.47359850625 0.6249547328125 0.407416315625 0.45098752500000006 0.381998090625 0.021732515625 0.3301693609375 0.015159325000000001 0.3630027828125
0 0.008204656250000001 0.3977417109375 0.18615446875 0.42114492343750004 0.5223336484375001 0.45703863437500003 0.728328021875 0.5013445187500001 0.9116200187500001 0.532793909375 0.9023000640625 0.51621954375 0.8633738187500001 0.5002086203125 0.6707623953125 0.45218222499999994 0.42542533281250006 0.41498367968750005 0.013377009375000002 0.371905546875 0.008204656250000001 0.3977417109375
0 0.1277935734375 0.3338651265625 0.39178935 0.36204224375 0.5835953109375 0.393040175 0.7186238796875 0.4340802265625 0.8058081921875001 0.4510463265625 0.6002319296875 0.3730811078125 0.3281306328125 0.3327825125 0.02861121875 0.29580988124999996 0.022620196875 0.325735346875 0.1277935734375 0.3338651265625
0 0.995761421875 0.5533871593749999 0.9006697156250001 0.5348822765625 0.61519460625 0.47722043437500006 0.38566716875 0.45575086875000004 0.005869971874999999 0.40940358125 0.0021980859375 0.42774484375000005 0.0940914109375 0.4390811390625 0.366596846875 0.47734735781250004 0.638291896875 0.5196751765625 0.991186390625 0.5762396843750001 0.995761421875 0.5533871593749999
0 0 0.4597745765625 0.18085980937499999 0.47916286093749993 0.43227765937499996 0.5175447296875 0.7542555046875 0.5717658796875 0.9843045484375 0.6106148375 0.9892593609375 0.5858652984375 0.78468185 0.5460544374999999 0.510553625 0.5053614015625 0.00007927187500000001 0.4383284234375 0 0.438724390625 0 0.4597745765625
0 0.1742964453125 0.30676404687500003 0.48194169843749995 0.343131053125 0.54820933125 0.363859471875 0.602434596875 0.36657901718749997 0.5211079 0.333129896875 0.404381559375 0.31041490625 0.29819523281250004 0.2936659921875 0.03509114375 0.26344232343749996 0.02924678125 0.292635221875 0.1742964453125 0.30676404687500003
0 0.12234232812500001 0.2731528796875 0.28765258125000004 0.28769940312500003 0.37237505625 0.3041864296875 0.46650996874999995 0.32250511875 0.4296143859375 0.3016172921875 0.3159021078125 0.2736136203125 0.2108478828125 0.2512097953125 0.040921793750000005 0.234317928125 0.035574084374999995 0.2610300109375 0.12234232812500001 0.2731528796875
0 0 0.4927874 0.3670037609375 0.545966196875 0.5722287140625 0.5663199015625 0.7616282234375 0.6070948421875 0.97698479375 0.6471773859375001 0.9834250421874999 0.6150080140624999 0.7947782984375 0.5782972875 0.569226121875 0.542237459375 0.374923428125 0.5161737796875 0 0.4667660296875 0 0.4927874
0 0 0.5249260421875 0.38242854843749996 0.5861739312500001 0.554512259375 0.60595355625 0.72922348125 0.6517028640625 0.970360284375 0.680267153125 0.9749757640625001 0.6572125921875 0.746557690625 0.6237452609374999 0.5812570171875 0.589617453125 0 0.5045275890625 0 0.5249260421875
0 0 0.5411292859375 0.393710946875 0.6177455859375 0.5292698546875 0.6343324546875 0.6181315515625 0.6594576859375 0.961883428125 0.722609484375 0.9686283578125 0.6889182109374999 0.917873134375 0.686456665625 0.751817546875 0.656099678125 0.5861365171874999 0.6238580875 0 0.5392485046875 0 0.5411292859375
0 0.44272122678146186 0.5796875 0.051862481849627426 0.0515625
0 0.5121115762157278 0.60390625 0.08477497579950324 0.06875
0 0.3962921752572102 0.36875 0.047120439695149764 0.0421875
0 0.484437069871016 0.3921875 0.05337043969514958 0.0421875
0 0.5567251603282914 0.45546875 0.056622704722264314 0.0640625
0 0.6628978922761147 0.46875 0.08309430113146803 0.0484375
0 0.7161814526791609 0.57578125 0.06896816861791066 0.0375
0 0.6299576063681529 0.625 0.06590680113146803 0.0484375
0 0.7891058682720097 0.5296875 0.04714771077238851 0.046875
0 0.9514695128858154 0.553125 0.06742384933607007 0.040625
0 0.8855854376520462 0.59765625 0.06134656615858276 0.0703125
0 0.7890826214934634 0.66796875 0.05491475897699054 0.0390625
0 0.283791133495516 0.6375 0.040779536104353475 0.0265625
0 0.47192239257070234 0.66328125 0.0376908975406721 0.0328125
0 0.8368706817001179 0.6453125 0.029823855386194253 0.0234375
0 0.8865343384141721 0.703125 0.048655668617910666 0.0375
0 0.8303706968254284 0.68828125 0.031404536104353654 0.0265625
0 0.9304116034412868 0.68125 0.054914758976990184 0.0390625
0 0.5116843293389858 0.67734375 0.03936248184962743 0.0515625
0 0.7371065101553407 0.7390625 0.15189884328594588 0.0578125
0 0.9112070854873057 0.759375 0.05966589149054755 0.05
0 0.5997837721573933 0.70859375 0.0440954336450254 0.059375
0 0.8432701517440844 0.75390625 0.05028180113146803 0.0484375
0 0 0.6503193109375001 0.294124953125 0.7099870515625 0.4283997828125 0.731278084375 0.689191759375 0.77235324375 0.9423652625000001 0.82010373125 0.9460443390625001 0.8017265468750001 0.5285671109375001 0.729805775 0.36545466875 0.70774183125 0 0.6353287234375 0 0.6503193109375001
0 0 0.678047725 0.21504164218750002 0.718789165625 0.44296349843750005 0.7550770984375 0.6411165125 0.787186796875 0.7589563453125 0.8020554687500001 0.8299727953125 0.8013613390625001 0.659420809375 0.768171859375 0.2566009359375 0.712359921875 0 0.6612592296875001 0 0.678047725
0 0.13225590457275482 0.6328125 0.04398634933607006 0.040625
0 0.1375155763139236 0.66875 0.037718168617910844 0.0375
0 0.34430593179831376 0.71015625 0.04550339754067201 0.0328125
0 0.5722263987190224 0.7453125 0.036137487899751616 0.034375
0 0.6923616367169698 0.77578125 0.06592498184962743 0.0515625
0 0 0.711909 0.121072528125 0.729530653125 0.22928972500000003 0.76026481875 0.3372077515625 0.768363803125 0.5142723984375001 0.801208596875 0.603273696875 0.8072384328125001 0.6804909984374999 0.815813996875 0.754601615625 0.8318507437499999 0.83058140625 0.8305076890624999 0.9367091921874999 0.8483560875 0.9402086171875 0.8308762765625 0.8377234953125001 0.8109326343750001 0.7682525453125 0.8199932625 0.7232884562499999 0.8112432343749999 0.5645154640625 0.7916330609375 0.419078421875 0.769781909375 0.180613503125 0.7298274984375 0.0950307015625 0.7067221015625 0 0.6912988437500001 0 0.711909
0 0 0.86274098125 0.0890663203125 0.8813464484375 0.13930437812500002 0.8878959468750001 0.2825747890625 0.896426309375 0.45592401406249994 0.915643434375 0.5774929734375001 0.9118849375 0.6661869328125001 0.9114067531250001 0.7834028734375 0.9293781203125 0.8779882421874999 0.9316584593749999 0.9164446703125 0.9246281375000001 0.7927160671875 0.9070014578125001 0.6730119375 0.9014450500000001 0.6023099328125 0.8925253140624999 0.4568614328125 0.894860946875 0.34274400625 0.8855555562499999 0.19730314531249998 0.8717666671875 0 0.8364963953125001 0 0.86274098125
0 0 0.9038531937500001 0.011527853125 0.9065752 0.0977374421875 0.9104497140625 0.31326168593750003 0.9362620609375 0.42800418906250004 0.93440198125 0.6916086859374999 0.9292557406249999 0.7223132328124999 0.9207169000000001 0.64881623125 0.917701465625 0.374052815625 0.9142279671875 0.1886068578125 0.8991050234375001 0.08534154375 0.8919087156250001 0 0.8746884328125001 0 0.9038531937500001
0 0 0.9132009046875 0.225972240625 0.9571751890625 0.406605196875 0.93668868125 0.256507146875 0.9381195109375 0.0955625171875 0.92131358125 0 0.9107818546875001 0 0.9132009046875
0 0 0.770726546875 0.0032106953125 0.7711014765625 0.13065525 0.8023531875 0.2298851640625 0.821663365625 0.3433872609375 0.8260128531250001 0.459362796875 0.8501937890625 0.58619491875 0.8603614109375 0.6798484 0.8672965625 0.8845222453125 0.8829344156250001 0.9283172609375001 0.890274215625 0.932535990625 0.8692014421875 0.8715013953125 0.8675013890625 0.7583125625 0.861600809375 0.6386122515625 0.8479821421875 0.531311659375 0.8448422093750001 0.4026214265625 0.8197990421875 0.2044634109375 0.803814378125 0.053142603125 0.76308018125 0 0.757207575 0 0.770726546875
0 0 0.7462876578125 0.1195056859375 0.7695435109375001 0.22803733125 0.790663809375 0.38805389375 0.8040622890625 0.5027875703125 0.82638950625 0.6662144624999999 0.8388395859375001 0.8268484640624999 0.85719711875 0.933044109375 0.8666633609375 0.9352749499999999 0.8555202015625 0.8237575890625 0.83240661875 0.693201875 0.8247384890625 0.5524126703125 0.8118575546875 0.48046551718749997 0.8091437234375001 0.393639675 0.7922473812499999 0.18586995312500001 0.767944065625 0.109898328125 0.7531599578125 0 0.7309721765625 0 0.7462876578125
0 0.4813559590238727 0.7875 0.05178066861791084 0.0375
0 0.4373423386105637 0.8328125 0.05340680113146803 0.0484375
0 0.3686514259445813 0.82265625 0.04551248789975162 0.034375
0 0.5145224621471306 0.8609375 0.08166815651766246 0.071875
0 0.6266002813307756 0.79921875 0.06592498184962743 0.0515625
0 0.6599622271742452 0.8390625 0.056604524004105095 0.0609375
0 0.692947443996758 0.809375 0.04085225897699054 0.0390625
0 0.8336224409716959 0.80078125 0.05822156615858276 0.0703125
0 0.8770997301993073 0.84765625 0.047120439695149584 0.0421875
0 0.9343400584581385 0.81171875 0.025218168617910663 0.0375
0 0.5833360946606879 0.85 0.020439765027114733 0.021875
0 0.6595804320929013 0.9046875 0.03301248789975162 0.034375
0 0.3807332694269189 0.89453125 0.176989746876742 0.0734375
0 0.07529685656454463 0.7546875 0.048673849336070066 0.040625
0 0.022307241563086812 0.8109375 0.044614483126173624 0.0390625