0 0.025032115625 0.24454508125 0.991502728125 0.312669634375 0.991979409375 0.292189515625 0.8259856781250001 0.27075057343750003 0.030165187500000003 0.2129799421875 0.025032115625 0.24454508125
0 0.2011149546875 0.1139782140625 0.41226346718749995 0.0935241 0.5116748328125 0.09613576562500001 0.7683904734375 0.0961823828125 0.9958408109375 0.126287928125 0.9965817375 0.094454728125 0.7311910312500001 0.074360253125 0.5437588812499999 0.074261328125 0.381775946875 0.08052990625 0.2486051640625 0.09758592656250001 0.1217317828125 0.0884261015625 0.0514307890625 0.082209928125 0.046452543750000005 0.11282299062500001 0.2011149546875 0.1139782140625
0 0.9786511421874999 0.5372693015625 0.8600845406250001 0.5346714078125 0.5277292015625 0.53617100625 0.2870557984375 0.525185853125 0.15748693281249998 0.5075505609375 0.10960921875 0.5012584921875 0.1180013015625 0.5122962796875 0.3269533390625 0.5554836796875 0.4990063359375 0.5624598749999999 0.9733639453125 0.5697822125 0.9786511421874999 0.5372693015625
0 0.98426683125 0.50273635625 0.758251084375 0.496835775 0.42622533437500004 0.49630858125 0.22200944687500002 0.474131440625 0.04057386875 0.46220839218750004 0.050313909375 0.47748259531250004 0.08916650468750001 0.489155159375 0.280341696875 0.51635505 0.5230257109374999 0.5275179859375 0.9802827734375 0.527235796875 0.98426683125 0.50273635625
0 0.8186754 0.57631278125 0.557941571875 0.575908190625 0.368143959375 0.5653043656250001 0.23386899374999998 0.539015821875 0.1474987546875 0.5313787671875 0.352459609375 0.5865676140625 0.6215855203125 0.5980099890624999 0.9677541328125001 0.604279015625 0.9729962859375 0.5720430828125 0.8186754 0.57631278125
0 0 0.45450085625 0.05127696875 0.45903488281250004 0.3341589265625 0.4861065671875 0.5607462578125 0.48349184687499996 0.9862397921875001 0.4906039 0.9875485890625001 0.482555625 0.987787265625 0.4723010953125 0.8482228125000001 0.46978415625 0.5787690624999999 0.4603740796875 0.309973175 0.44690227031249996 0 0.429989675 0 0.45450085625
0 0 0.42155234531249997 0.165022546875 0.43614401718750007 0.43615645937499997 0.447763946875 0.9880255859375 0.46206190312500006 0.9885409296875001 0.43992058749999996 0.761467675 0.439462975 0.5127596515625 0.42776738124999997 0.1940780453125 0.40782595 0.000464509375 0.395620340625 0 0.398476778125 0 0.42155234531249997
0 0.7738487093749999 0.6076480171875 0.46988343125 0.6037179515625 0.40396546562499996 0.590241146875 0.3505156171875 0.593163175 0.43168837812499994 0.6175484109375 0.5473248046875 0.62777325 0.652385134375 0.6332401703125 0.9625591874999999 0.63622464375 0.9674486921875 0.6061572843749999 0.7738487093749999 0.6076480171875
0 0.8261250953125 0.6352176578125001 0.66296384375 0.63799831875 0.579032453125 0.6305769125 0.4857765109375 0.6223310093750001 0.5227985281249999 0.638989578125 0.6356508828125 0.6547050515625 0.7397915234375 0.6658274609375 0.9579479828125 0.6645806453125 0.9619669640625 0.6398664515625 0.8261250953125 0.6352176578125001
0 0.569242 0.4232021140625 0.9886726296875 0.43426225 0.9892497578125001 0.40946644374999996 0.5760112390625001 0.3932052375 0.37337533125 0.3944095140625 0.1856097171875 0.3739814140625 0.006317721875 0.3596267734375 0.00104030625 0.392079546875 0.15398015625 0.405602840625 0.37715717656250003 0.417688475 0.569242 0.4232021140625
0 0.989515046875 0.3980685421875 0.9899624906250001 0.3788445453125 0.5594522484375 0.3554114921875 0.38944628593749997 0.35376417187500003 0.21596271250000001 0.3269507375 0.012068223437500001 0.32426482968750003 0.0081645625 0.3482698796875 0.1998667421875 0.3561202453125 0.36369128906250003 0.3725200421875 0.989515046875 0.3980685421875
0 0.029141798437499998 0.3123429796875 0.19357961562499998 0.3249715734375 0.3577136234375 0.339484678125 0.9743804781250001 0.36341634843750004 0.5472659671875 0.32564990312500003 0.413309265625 0.323367384375 0.325008203125 0.307911415625 0.018598585937500002 0.2841072296875 0.01386705 0.3132031890625 0.029141798437499998 0.3123429796875
0 0.5001921832269094 0.3678360374277009 0.05116376291777787 0.05262038896415202
0 0.4319149619122566 0.35112657225341 0.08433993882958343 0.0699650192218769
0 0.5532405287822565 0.5694937126879001 0.04622168977951393 0.04143722749876275
0 0.4653956898764232 0.5553703369527311 0.050945557370694415 0.04324538896415202
0 0.39252254075010373 0.5014474768213942 0.05454333605604171 0.06372166327441171
0 0.2879986949104162 0.4999026662150877 0.08230466014423624 0.049570632066746965
0 0.231805205928333 0.3998484345324533 0.06955008700597229 0.03797803482570909
0 0.31505477023288164 0.34320560888814133 0.06351829255305556 0.04702548620519007
0 0.16190962680614546 0.4526702193581624 0.04476829255305561 0.04604284034363317
0 0.017219621723697735 0.44959388625061864 0.03443924344739547 0.03666784034363317
0 0.06412739665777745 0.3961513037089016 0.0578501740119445 0.07169793758467105
0 0.15649804103444417 0.31640184871137605 0.05396145459715278 0.03872166327441153
0 0.6540451882609025 0.29500828980255006 0.041206881458888844 0.02712906603337357
0 0.4692526141727081 0.2890869176854257 0.03666485182361114 0.033133404567984304
0 0.11058547577996498 0.34455782621013886 0.030196646276527784 0.02343085594746528
0 0.06029584147128447 0.2925726023294207 0.046148954597152805 0.03831222749876275
0 0.11471058453743029 0.30142530189987937 0.03183188145888893 0.026637743102595035
0 0.027646342421215008 0.3208137890095806 0.03361258700597225 0.03609463025772479
0 0.42890037110656226 0.2794972337187992 0.038663762917777865 0.05196529172311406
0 0.2042647002287498 0.24211117763504836 0.15116376291777786 0.05786116689245615
0 0.042727788184652574 0.2427739981909777 0.04011716014423614 0.04735967887824381
0 0.34045612015663174 0.2576023015611951 0.04193423328250008 0.058379066033373485
0 0.10055847198024286 0.23896292345117684 0.047966027735416715 0.049331614653892505
0 0.9924205781250001 0.2732350875 0.9927541046874999 0.25890542499999997 0.642087309375 0.2250428609375 0.50923249375 0.21802043750000002 0.25120801406250004 0.20465245156249998 0.0344282203125 0.18676498125000002 0.031527534375 0.204602365625 0.410720721875 0.229780815625 0.5719776390625 0.234589715625 0.9924205781250001 0.2732350875
0 0.9930071999999999 0.24803140781250002 0.9934013515625001 0.23109709218750002 0.7196010734375 0.2082749625 0.49408450625 0.19621000156249999 0.29800334375 0.1851710359375 0.18154082968750002 0.182746209375 0.11168611718749999 0.1907415296875 0.2806456 0.205681315625 0.6789285609375 0.2188533171875 0.9930071999999999 0.24803140781250002
0 0.9588060766536456 0.24236248812981334 0.058758057370694415 0.0436548247398008
0 0.804136107238854 0.28324087291009387 0.04309668977951375 0.04127345318850324
0 0.7971236942448261 0.24927530868574266 0.036810322188333446 0.0393834045679843
0 0.5931271784772567 0.23031502600774018 0.04444098423243048 0.03198034034363299
0 0.3671101923449651 0.21875116350155416 0.03517508700597229 0.03617651741285455
0 0.24812445621267343 0.2015780308689802 0.06359102773541672 0.05015048620519007
0 0.11008592187499999 0.162255965625 0.039133307812500004 0.157831665625 0.0361480328125 0.17618922343750001 0.10373078124999999 0.182165046875 0.17177732031249998 0.166134109375 0.21632156406249997 0.1700728125 0.3732242640625 0.172925303125 0.5170816859375 0.1793465234375 0.7530983453125 0.19391667968749998 0.83810365625 0.20773202343750002 0.9937403359375001 0.2165328953125 0.9942328203124999 0.1953737484375 0.8116954984375001 0.188074090625 0.704156375 0.169118103125 0.597689265625 0.172301996875 0.422333315625 0.158370696875 0.334550921875 0.1616326609375 0.25827625 0.1611872578125 0.18480215312499998 0.1531137578125 0.11008592187499999 0.162255965625
0 0.0599636078125 0.0680642390625 0.053424339062500006 0.0699508609375 0.051790378125 0.079998678125 0.144716571875 0.083431346875 0.26269358593750003 0.07654295625 0.33256917656249996 0.0779966140625 0.47560692656250003 0.06072619218750001 0.588215546875 0.05808534375 0.7317997421875 0.056609353125 0.9335203390625001 0.071295121875 0.996933878125 0.0793252921875 0.9975597593750001 0.0524349328125 0.8379731781249999 0.036076628124999996 0.78831506875 0.034836571875 0.64704720625 0.04123960625 0.4758153328125 0.040273603125 0.35632339062499996 0.0564778484375 0.2690669953125 0.06608262499999999 0.15311178281249999 0.060554503125000006 0.0599636078125 0.0680642390625
0 0.2859431078125 0.058127717187500004 0.5564233421875 0.0332264375 0.7394174687499999 0.0289361796875 0.8412754015624999 0.0253474109375 0.9978422203124999 0.0402992046875 0.9984456453125 0.014373643750000002 0.9635114874999999 0.009856960937500001 0.89959131875 0.00420499375 0.8284411359374999 0.0084637859375 0.6154834296875 0.005382365625 0.5026433406249999 0.019023953125 0.24343936249999998 0.051218609375 0.2135201484375 0.0627451203125 0.2859431078125 0.058127717187500004
0 0.0552082328125 0.1164615234375 0.045953825 0.11588979531250002 0.043305128124999995 0.1321776109375 0.0685506578125 0.1302365734375 0.1801285921875 0.1243564390625 0.298378828125 0.1253652625 0.40406802343750003 0.11738768125000001 0.5315566296875 0.128660515625 0.7270887359375 0.1239048234375 0.8773843796874999 0.148215515625 0.9910284812500001 0.14881705625 0.9952932000000001 0.14981556406250002 0.9956144437500001 0.1360135734375 0.9262406546875 0.13521531250000002 0.7997644703125 0.1177330171875 0.701461103125 0.1090408078125 0.589628215625 0.1164724734375 0.47468020156249996 0.10473443281249999 0.3495309859375 0.1078404859375 0.2571398484375 0.110694934375 0.0552082328125 0.1164615234375
0 0.040088234375 0.151959471875 0.116735165625 0.159693078125 0.2454624359375 0.1537552515625 0.384438315625 0.15186910468749998 0.4553258984375 0.147115940625 0.541341015625 0.15472159531250002 0.746616609375 0.1571237453125 0.8218788609375001 0.16377860625000001 0.99458388125 0.18029078125 0.9949418906249999 0.1649092 0.811862578125 0.14872090625 0.7043443328125 0.13921389687500002 0.5464313921875 0.1425737375 0.432769021875 0.1325234515625 0.27153298124999997 0.1371635296875 0.11284212656249999 0.135729678125 0.042545665625 0.1368478234375 0.040088234375 0.151959471875
0 0.4549017862847915 0.16811267639185296 0.05083645459715278 0.03855788896415206
0 0.49658144642902774 0.1206711103584794 0.051054660144236055 0.047932888964152064
0 0.5644047260643055 0.1233590191103352 0.04291485182361114 0.033460953188503284
0 0.41980139409232625 0.10050577453740213 0.0797251740119446 0.0728443577564876
0 0.31204213905833317 0.17091785108622526 0.06359102773541672 0.05015048620519007
0 0.27852177745107626 0.1360006184990798 0.05450696846486114 0.06215916327441158
0 0.2465444256274651 0.16888836160167484 0.03993532218833344 0.03954717887824381
0 0.10868074971565955 0.191719431253093 0.0562876740119445 0.07161605042954129
0 0.06360529226871514 0.15038510232942065 0.04622168977951393 0.041437227498762844
0 0.35306783577170125 0.11804847863041656 0.020785278685347207 0.021377033016686742
0 0.2761065986894791 0.07214283638690418 0.03201371941479163 0.034450243102595035
0 0.5504344514630208 0.053084140661632716 0.17492857123840294 0.07315197421940245
0 0.8561915293509372 0.15878642752350672 0.04778418977951375 0.041519114653892554
0 0.9600795955553469 0.1541221817073782 0.036846689779513754 0.040945904567984304
0 0.9083365640202082 0.0975313449817898 0.04774782218833344 0.03995661465389255