0 0.4285032578125 1 0.22748741562500002 0.041515564062499996 0.20680239375 0.0437165296875 0.23110067500000003 0.2031723921875 0.39654991562499997 1 0.4285032578125 1
0 0.294024321875 1 0.25673317500000004 0.8635665749999999 0.1786539734375 0.6599758015625 0.153466346875 0.56086151875 0.0820911109375 0.3066973125 0.0453923625 0.060891165625 0.0135048765625 0.0642841140625 0.0718100015625 0.34933865000000003 0.1238608453125 0.53492524375 0.1748513078125 0.6936204890625 0.2280243171875 0.8209175578125001 0.2546615046875 0.9489640125 0.2644607359375 1 0.294024321875 1
0 0.639113615625 0.6213680046875 0.5978429265625 0.44917486249999994 0.4832103140625 0.0168740765625 0.46503659375 0.016239435937499998 0.4501036640625 0.01782835625 0.47111896093750005 0.0991056296875 0.5649992171875 0.42774220625000003 0.6215703953125 0.6689384140625 0.6409449625 0.801911296875 0.648316353125 0.850987059375 0.6564165156249999 0.8397383234375001 0.639113615625 0.6213680046875
0 0.41574175625 0.021484592187500002 0.4636804875 0.21000146718749998 0.5555529671875 0.5388516796875 0.591400871875 0.7469360234375 0.630605190625 0.929735878125 0.6423353546875 0.9160240703125 0.642561384375 0.8744499328125 0.6150898437500001 0.6779379859375 0.558127378125 0.4347038828125 0.4409889890625 0.0187981921875 0.41574175625 0.021484592187500002
0 0.518554434375 0.018108320312500002 0.4873184078125 0.017017534375 0.5220059484374999 0.1290079625 0.594160640625 0.38724559062499997 0.6369384734375 0.577972528125 0.6494417109375 0.7179097359375 0.6662503562500001 0.8054518953124999 0.661403709375 0.5878357125 0.5973491796875 0.3183493484375 0.518554434375 0.018108320312500002
0 0.639990746875 1 0.6246273812500001 0.91998509375 0.57152145625 0.6327164234375 0.506012065625 0.4090886078125 0.40406575 0.0227269640625 0.385911915625 0.0246586 0.4130760171875 0.1281348421875 0.47914304375 0.3974043671875 0.5411871828125 0.6671046453125 0.61628729375 1 0.639990746875 1
0 0.6071566484375001 1 0.5713424109374999 0.8134736296874999 0.5068971015625 0.54195201875 0.3755291265625 0.025763368749999998 0.35440813125 0.028010721875 0.4085466859375 0.22210110312500003 0.46668149531249997 0.47144095156250004 0.536487803125 0.7922522390625 0.5815957296875001 1 0.6071566484375001 1
0 0.5518113796875 0.019269678125000002 0.5216745484375 0.018217276562500002 0.5641005296875 0.1650392625 0.6449494765625 0.467015771875 0.65054745 0.535865621875 0.6681798296875 0.588003234375 0.6686504906249999 0.5011449328124999 0.6461463078125 0.3839394875 0.6220864109375001 0.278472021875 0.5518113796875 0.019269678125000002
0 0.581828059375 0.0203178828125 0.55431559375 0.0193571265625 0.5756207390625 0.10594042031249999 0.62364161875 0.26673139375 0.639975634375 0.35180161249999997 0.6581243171875 0.446322903125 0.6635732765625 0.40523278906250004 0.6470343546875 0.2893209078125 0.6285768890625001 0.1832573234375 0.581828059375 0.0203178828125
0 0.5776945265625 1 0.5455415171875 0.832541903125 0.49487827500000003 0.608374165625 0.44665198437500003 0.4167388859375 0.34807553593749996 0.028684534374999997 0.32326 0.031325 0.41641039375 0.4180284125 0.473922996875 0.618319753125 0.506847875 0.8096521687499999 0.5449637375 1 0.5776945265625 1
0 0.533779075 1 0.4859959734375 0.800295740625 0.4559233296875 0.6337384265625 0.31199409375 0.0325237359375 0.29275768750000003 0.0345705625 0.385287825 0.444490271875 0.43102681875000004 0.6132372109374999 0.4539418234375 0.792131275 0.5095432140625 1 0.533779075 1
0 0.498572653125 1 0.4921063015625 0.9809778859374999 0.458297834375 0.814818078125 0.4263554625 0.6484570078125 0.2785103484375 0.0360865328125 0.278291759375 0.036109790625 0.36054217187500004 0.4644833265625 0.3956516171875 0.59771025 0.4056056 0.6892469046875 0.46856122187500004 1 0.498572653125 1
0 0.41374815524535286 0.4994965800292176 0.05262038896415202 0.051746038474587405
0 0.41677465795888635 0.5721255481780523 0.0699650192218769 0.08510417549789598
0 0.5898835300760107 0.3933532513507624 0.04143722749876275 0.04667659255827141
0 0.6008420414959714 0.4834152561600858 0.0432453889641522 0.05141865626060227
0 0.5695311657608024 0.5704415410064761 0.06372166327441153 0.055252984390903495
0 0.5960704115769309 0.6750844009879426 0.049570632066746965 0.08283234736759475
0 0.5185020115315024 0.7573760566155727 0.03797803482570909 0.06995040145127884
0 0.44166619459361767 0.6899678126060225 0.04702548620519007 0.06402778366526399
0 0.5876514812283491 0.812038763964634 0.04604284034363317 0.045277783665263985
0 0.6265136646291486 0.9702864958660576 0.040857373360319825 0.059427008267884676
0 0.561597993552821 0.9249827080668516 0.07169793758467105 0.05865080290255768
0 0.46037965230467676 0.853603726671173 0.03872166327441153 0.05437996515360979
0 0.3015237149471483 0.3669072801218849 0.027129066033373485 0.0414980192372937
0 0.3478642056748941 0.55178327712666 0.033133404567984304 0.03702877404661713
0 0.49980400045022594 0.8916320055271136 0.02343085594746519 0.03045139183263217
0 0.4649620109656755 0.9559201948200077 0.03831222749876275 0.04656746515360979
0 0.4572856298034395 0.898725253713015 0.026637743102595125 0.0321230192372937
0 0.5003163348009652 0.982529790921658 0.0385578889641522 0.03494041815668396
0 0.3492529652858326 0.5931622452754945 0.05196529172311406 0.03924603847458741
0 0.3770382078226007 0.8257391322988031 0.05786116689245615 0.1517460384745874
0 0.42309541553365976 0.9834276028098905 0.04924972749876275 0.03314479438021891
0 0.3534258881711826 0.6876662134243292 0.058379066033373575 0.04258929328391083
0 0.4027962036387292 0.9303547104291041 0.049331614653892686 0.048511911069925875
0 0.3880225796875 1 0.30789715625 0.62520438125 0.26758106718749997 0.4642768640625 0.18863852187500002 0.0456492328125 0.17459598437499999 0.047143412499999995 0.23905090312500002 0.3974106703125 0.2693727984375 0.5308094203125 0.328518440625 0.78981820625 0.37009740468749996 1 0.3880225796875 1
0 0.20163427656250002 0.325138009375 0.252967940625 0.5516164156250001 0.29708250937499997 0.748680071875 0.327190465625 0.8646254328125 0.354182915625 0.9316525453125 0.3213014515625 0.7604005296875 0.222950065625 0.36258625 0.16398219687499999 0.048272759375 0.1474394625 0.05003296875 0.20163427656250002 0.325138009375
0 0.1679521398686632 0.07994793874473985 0.0436548247398008 0.05923115626060225
0 0.2494588466752111 0.22160221460545554 0.04127345318850324 0.043551592558271415
0 0.21832835538163842 0.23767115870767297 0.0393834045679843 0.037247028855940556
0 0.2572215162812007 0.4441220553496283 0.03198034034363299 0.044786710344286364
0 0.30967921019744993 0.6713219616102306 0.03617651741285455 0.03557540145127884
0 0.32704485187513543 0.7943601575265467 0.05015048620519007 0.06413691106992551
0 0.3594603390625 1 0.3482881078125 0.9418132046875 0.3142020109375 0.8787168921875 0.30553318749999997 0.8335682468750001 0.2645789140625 0.67747265 0.2306276890625 0.533341340625 0.1787412125 0.295800321875 0.1681531125 0.2079635640625 0.1331775953125 0.0515504859375 0.11233322812499999 0.05376840468750001 0.156915803125 0.23934484843749998 0.168913053125 0.3508598375 0.20154260625 0.4554154578125 0.2371569921875 0.632731403125 0.26466218750000003 0.718768115625 0.2854610296875 0.7943996765625 0.298269309375 0.8692907578125 0.3276984953125 0.9408253078125 0.3405874203125 1 0.3594603390625 1
0 0.26117606250000003 1 0.2435451171875 0.9275393781249999 0.204211321875 0.8125756796875001 0.1861459078125 0.7430106921874999 0.1300251796875 0.606002315625 0.09620041875 0.4952218515625 0.05485935937500001 0.353464853125 0.0126234828125 0.149846578125 0.0054118 0.103263296875 0.015210196875000002 0.29022784218750003 0.018553084375 0.3033142125 0.06390764374999999 0.4414654515625 0.11063179062499999 0.6112445546874999 0.1591940421875 0.725226309375 0.1925492546875 0.8090525546875 0.219582290625 0.9253223984375 0.2469094859375 1 0.26117606250000003 1
0 0.0169223859375 0.3228983578125 0.021960684375 0.41903480625 0.0387901953125 0.4822663578125 0.0830791984375 0.5903453812499999 0.1856268625 0.8383840093750001 0.2048474046875 0.8649337578124999 0.18033386406250002 0.79446416875 0.0815440921875 0.53331895 0.026578493749999998 0.35329533281250003 0.0169223859375 0.3228983578125
0 0.3124303796875 1 0.3089833671875 0.9904757140625 0.2723830015625 0.8815785890625 0.24043903906250003 0.7642405796875 0.2034940625 0.6617321421875 0.17868330937500002 0.5325137 0.1197895796875 0.34020131249999996 0.1009595109375 0.1849303265625 0.0699119546875 0.0722609515625 0.0691609984375 0.058362093749999996 0.053541954687500004 0.06002401875 0.0750774078125 0.140025234375 0.09373621875 0.26989556718749996 0.1128671890625 0.36953276874999996 0.15100526718750001 0.4782689734375 0.17188738125 0.595196 0.20964078125 0.7182678828125 0.238042890625 0.8089758734375 0.29738784375 1 0.3124303796875 1
0 0.33512485625 1 0.3234257546875 0.934925225 0.281999834375 0.8090654046875001 0.24155307499999998 0.6719799625 0.2173383359375 0.6030665859375001 0.20059880156249998 0.5158843656250001 0.1457612578125 0.31201895 0.13111435625 0.2357355015625 0.09774595781249999 0.055320546875 0.08265895625 0.056925859375 0.1196657203125 0.24966311718749998 0.1405900125 0.3586402296875 0.18769833125 0.514081015625 0.209818340625 0.62928561875 0.2590614671875 0.787675259375 0.3018543625 0.9451632265625 0.3181668015625 1 0.33512485625 1
0 0.23716240106148137 0.597046158707673 0.03855788896415202 0.05125496515360961
0 0.18034251300184043 0.5693278972749276 0.04793288896415202 0.05158234736759475
0 0.16428042175369623 0.5009226376562808 0.033460953188503326 0.04327877404661713
0 0.1830381450685875 0.6505233335725967 0.0728443577564876 0.08052580290255769
0 0.28046974502315897 0.7389261238612826 0.05015048620519007 0.0641369110699257
0 0.25620008536679206 0.7817485409216581 0.06215916327441153 0.055198420688572544
0 0.2963680619610437 0.8042063834799296 0.03954717887824373 0.04037202885594056
0 0.35624875225924824 0.9349677993591786 0.07161605042954129 0.05708830290255769
0 0.32864605268878955 0.9834077554422956 0.041273453188503326 0.03318448911540876
0 0.21822205054108296 0.7117981394703794 0.021377033016686742 0.021021828130301047
0 0.19636806196104367 0.8007143065307547 0.034450243102595035 0.0323958377489479
0 0.10201943916655076 0.5330605258607156 0.07323386137453221 0.17723711179556503
0 0.11669061227904336 0.2029290817584982 0.041519114653892554 0.04823909255827141
0 0.08328389077317436 0.10116568511654278 0.04094590456798428 0.03730159255827141
0 0.044699425598883444 0.1684424651536097 0.03995661465389255 0.04818452885594056