0 0.6725 0 0.655 0.9974999999999999 0.6849999999999999 0.9974999999999999 0.6975 0.19 0.6900000000000001 0 0.6725 0
0 0.8442299999999999 0 0.85577 0.271155 0.834615 0.5134624999999999 0.8288449999999999 0.6076925 0.7923074999999999 0.8038449999999999 0.7769225 0.9961550000000001 0.809615 0.9961550000000001 0.809615 0.8826924999999999 0.8115375 0.7615375 0.8384625 0.6384624999999999 0.8576925 0.4865375 0.8730775 0.30961500000000003 0.8769225 0 0.8442299999999999 0
0 0.43077 0 0.3980775 0.453845 0.390385 0.6173075 0.41346249999999996 0.8211550000000001 0.42307750000000005 0.83077 0.421155 0.784615 0.415385 0.659615 0.425 0.43077 0.453845 0.11730750000000001 0.46153750000000004 0 0.43077 0
0 0.471155 0 0.43269250000000004 0.4365375 0.42307750000000005 0.6673074999999999 0.43269250000000004 0.8519225 0.440385 0.890385 0.453845 0.9019225000000001 0.4576925 0.728845 0.453845 0.5326925 0.48077 0.21922999999999998 0.49423000000000006 0 0.471155 0
0 0.3980775 0 0.375 0.3326925 0.3634625 0.5884625 0.3980775 0.790385 0.3980775 0.7076925000000001 0.38461500000000004 0.5769225 0.390385 0.396155 0.4115375 0.15 0.42884500000000003 0 0.3980775 0
0 0.5057699999999999 0 0.47692249999999997 0.4076925 0.45576999999999995 0.621155 0.4576925 0.8923075 0.4576925 0.9974999999999999 0.478845 0.9974999999999999 0.490385 0.65 0.5 0.39422999999999997 0.5134624999999999 0.1384625 0.5230775000000001 0 0.5057699999999999 0
0 0.5326925 0 0.5 0.53077 0.48846249999999997 0.7884625 0.48846249999999997 0.9974999999999999 0.5115375 0.9974999999999999 0.5173075 0.765385 0.525 0.46153750000000004 0.534615 0.225 0.553845 0 0.5326925 0
0 0.3678575 0 0.3446425 0.298215 0.3410725 0.398215 0.3410725 0.5089275 0.35714250000000003 0.5892850000000001 0.364285 0.539285 0.35714250000000003 0.475 0.3785725 0.1875 0.39642750000000004 0 0.3678575 0
0 0.3410725 0 0.32142750000000003 0.21071499999999999 0.323215 0.31071499999999996 0.3285725 0.4196425 0.3410725 0.45714249999999995 0.3410725 0.3678575 0.3410725 0.2875 0.35714250000000003 0.1339275 0.364285 0 0.3410725 0
0 0.5589275 0 0.5339275 0.4089275 0.523215 0.5910725 0.5160725 0.8035724999999999 0.5160725 0.9974999999999999 0.5464275 0.9974999999999999 0.548215 0.7785725 0.5446424999999999 0.5982149999999999 0.5625 0.40714249999999996 0.5821425 0 0.5589275 0
0 0.5928575 0 0.564285 0.610715 0.5660725 0.7678575000000001 0.5553575000000001 0.9974999999999999 0.576785 0.9974999999999999 0.5946425 0.7571424999999999 0.5839274999999999 0.5892850000000001 0.5964275 0.4285725 0.610715 0 0.5928575 0
0 0.5839274999999999 0.9974999999999999 0.6178575000000001 0.9974999999999999 0.6214275 0.6571425 0.614285 0.5714275 0.623215 0.44464249999999994 0.623215 0.035715000000000004 0.5946425 0.6214275 0.5946425 0.7785725 0.5928575 0.9357150000000001 0.5839274999999999 0.9974999999999999
0 0.5796875 0.48203125 0.04140625 0.04140625
0 0.58984375 0.55 0.053125 0.0703125
0 0.3953125 0.4015625 0.03203125 0.03828125
0 0.4015625 0.4859375 0.03203125 0.04296875
0 0.44609375 0.5640625 0.0515625 0.04296875
0 0.43984375 0.6625 0.03203125 0.071875
0 0.528125 0.73125 0.0234375 0.06171875
0 0.5875 0.6609375 0.03359375 0.0546875
0 0.47265625 0.7890625 0.03671875 0.03671875
0 0.465625 0.9421875 0.028125 0.05703125
0 0.51796875 0.890625 0.05859375 0.0453125
0 0.59921875 0.81484375 0.028125 0.046875
0 0.6609375 0.3484375 0.01875 0.03515625
0 0.65078125 0.52421875 0.025 0.03125
0 0.56875 0.85390625 0.01796875 0.025
0 0.6140625 0.909375 0.028125 0.03984375
0 0.61015625 0.85625 0.0203125 0.0265625
0 0.5859375 0.94609375 0.028125 0.0453125
0 0.65625 0.56328125 0.04296875 0.0296875
0 0.67265625 0.78125 0.028125 0.13828125
0 0.66015625 0.94375 0.03828125 0.0484375
0 0.66953125 0.65 0.0484375 0.03203125
0 0.66796875 0.88046875 0.03828125 0.03984375
0 0.710295 0.9974999999999999 0.711765 0.7426475 0.7205874999999999 0.49706 0.725 0.37058749999999996 0.72206 0 0.7088225 0.00294 0.710295 0.435295 0.70147 0.588235 0.6926475 0.9974999999999999 0.710295 0.9974999999999999
0 0.713235 0.87647 0.7264700000000001 0.811765 0.7338225 0.70147 0.7397050000000001 0.514705 0.7470600000000001 0.3 0.7485299999999999 0.00294 0.7323525 0 0.7338225 0.336765 0.713235 0.714705 0.713235 0.87647
0 0.734375 0.06875 0.03125 0.05
0 0.68359375 0.20859375 0.03203125 0.03515625
0 0.715625 0.2203125 0.03125 0.0296875
0 0.71640625 0.41640625 0.0234375 0.03828125
0 0.7078125 0.63125 0.028125 0.0296875
0 0.7140625 0.74609375 0.03671875 0.0546875
0 0.763235 0 0.7573525 0.18823499999999999 0.763235 0.2705875 0.7573525 0.49558749999999996 0.7514700000000001 0.6323525 0.7411774999999999 0.7808824999999999 0.7411774999999999 0.8235300000000001 0.7205874999999999 0.8852949999999999 0.7205874999999999 0.99706 0.736765 0.9974999999999999 0.7397050000000001 0.8823525 0.7544125 0.813235 0.7529399999999999 0.7426475 0.7588225000000001 0.6705875 0.7691175 0.588235 0.7705875 0.4205875 0.7823525 0.32058749999999997 0.7735299999999999 0.2161775 0.7838225000000001 0 0.763235 0
0 0.8882350000000001 0 0.8926475 0.11911750000000002 0.889705 0.31176499999999996 0.87647 0.44706 0.8647050000000001 0.55294 0.836765 0.685295 0.8323525 0.7514700000000001 0.8161775 0.8617649999999999 0.810295 0.97794 0.8235300000000001 0.9441174999999999 0.8382350000000001 0.8573525 0.8426475 0.7470600000000001 0.8588224999999999 0.6661775 0.8838225 0.5558825 0.89706 0.3941175 0.914705 0.26176499999999997 0.9176475 0.214705 0.914705 0 0.8882350000000001 0
0 0.9264699999999999 0 0.9279400000000001 0.213235 0.9161775000000001 0.3088225 0.89706 0.4808825 0.85147 0.7323525 0.8411775 0.8 0.8544124999999999 0.7735299999999999 0.9058825 0.5338225000000001 0.9279400000000001 0.42941250000000003 0.9426475 0.22793999999999998 0.9544124999999999 0.14853 0.9485300000000001 0 0.9264699999999999 0
0 0.939705 0.37794 0.9117649999999999 0.514705 0.9867649999999999 0.27647 0.9974999999999999 0.1705875 0.9974999999999999 0.00147 0.9632350000000001 0 0.964705 0.085295 0.9529400000000001 0.22793999999999998 0.939705 0.37794
0 0.8176475 0 0.825 0.05294 0.8161775 0.16029500000000002 0.8264699999999999 0.3058825 0.8058825000000001 0.489705 0.8058825000000001 0.611765 0.789705 0.710295 0.7808824999999999 0.8220599999999999 0.7661775 0.9264699999999999 0.7544125 0.9974999999999999 0.77647 0.9974999999999999 0.77794 0.9411775 0.8 0.7514700000000001 0.810295 0.664705 0.8235300000000001 0.54706 0.8220599999999999 0.436765 0.8382350000000001 0.3323525 0.8382350000000001 0.23823500000000003 0.8323525 0.1161775 0.8411775 0 0.8176475 0
0 0.7955875 0 0.79706 0.21029499999999998 0.79706 0.2823525 0.7823525 0.47647000000000006 0.7823525 0.5588225 0.77206 0.625 0.7588225000000001 0.7558825 0.7426475 0.87647 0.7441175 0.9974999999999999 0.7529399999999999 0.9974999999999999 0.764705 0.8838225 0.77647 0.7338225 0.7941175 0.5823525 0.7941175 0.47352999999999995 0.810295 0.325 0.810295 0.22206 0.810295 0 0.7955875 0
0 0.7625 0.55625 0.028125 0.04375
0 0.8109375 0.52421875 0.03671875 0.04296875
0 0.8140625 0.459375 0.025 0.03671875
0 0.8234375 0.59921875 0.05625 0.06640625
0 0.74765625 0.690625 0.03671875 0.0546875
0 0.778125 0.728125 0.05 0.04375
0 0.74453125 0.753125 0.03125 0.03203125
0 0.71171875 0.8796875 0.05859375 0.04375
0 0.746875 0.928125 0.03203125 0.03828125
0 0.70546875 0.98046875 0.03125 0.028125
0 0.8015625 0.659375 0.01796875 0.01640625
0 0.8375 0.73984375 0.028125 0.0265625
0 0.878125 0.4828125 0.03828125 0.16015625
0 0.80546875 0.17890625 0.03125 0.03984375
0 0.81796875 0.08125 0.03203125 0.0296875
0 0.77734375 0.01484375 0.028125 0.0296875
0 0.86640625 0.1390625 0.0296875 0.03984375