0 0 0.645710609375 0.80955760625 0.7534073343750001 0.9571003375 0.7647980671875 0.96009793125 0.7434079984374999 0 0.613655303125 0 0.645710609375
0 0 0.77828839375 0.067058640625 0.7861488703124999 0.193753459375 0.8030536406250001 0.3187777984375 0.8464735078125001 0.4751721765625 0.885349709375 0.6583318453125 0.92325555625 0.929949659375 0.9585384078124999 0.9343602234375 0.9270657421875 0.701189640625 0.9097891499999999 0.4503523125 0.8577860046874999 0.3524432921875 0.8401450484374999 0.1522450546875 0.7776441375 0 0.747241815625 0 0.77828839375
0 0.9216331796875 0.506240815625 0.9908388875 0.5190219578125 0.9914227140625 0.4855745515625 0.577135203125 0.40628141093750003 0.40694938281250004 0.37811445312499997 0.18990527968749998 0.377327359375 0.1784119140625 0.3862521171875 0.22706840781249998 0.38990166875 0.358926096875 0.399193496875 0.5973536765625 0.43741347499999994 0.9216331796875 0.506240815625
0 0.9902748453125 0.528073209375 0.5901759046875 0.4447902359375 0.3497308046875 0.4063337671875 0.15482653125 0.3937594734375 0.113382359375 0.3971195953125 0.09930774375 0.40984951093750005 0.280137034375 0.4351563484375 0.4862838015625 0.4552100515625 0.8108461109375 0.52201935 0.9866792765625 0.5537302734375 0.9902748453125 0.528073209375
0 0.9915036609375001 0.480937115625 0.99203360625 0.45057652656249997 0.7075097890625 0.39690928125 0.44114630625 0.35336085 0.2244203015625 0.3649368921875 0.3110871953125 0.3750958078125 0.4501252765625 0.3770111828125 0.6387309890624999 0.40528341875 0.89360110625 0.45775660937499996 0.9915036609375001 0.480937115625
0 0 0.425071696875 0.3579560484375 0.47920449062500003 0.6246027078124999 0.520732253125 0.8906800265625 0.566303675 0.9824894140625 0.5836280671875 0.9850484296875001 0.5653675812500001 0.61389238125 0.49482244062499997 0.39328604375 0.4463655796875 0.10881814218750001 0.4150746984375 0.00119 0.402458746875 0 0.41095028281249996 0 0.425071696875
0 0 0.4600814875 0.2330598109375 0.49332650781250004 0.5503778609375 0.5387400015625 0.7968676609374999 0.5779050203125 0.978075521875 0.6151244796875 0.981015378125 0.594146415625 0.481500275 0.5039580796875 0.2131218921875 0.46017346249999996 0 0.43519175 0 0.4600814875
0 0.9920931843749999 0.44716333593749996 0.9926107468750001 0.4175121640625 0.748115884375 0.36923723750000004 0.6438354937499999 0.35319976875000003 0.5278018921875 0.3395985453125 0.44121518281250005 0.34661708281250003 0.492566240625 0.360266890625 0.5609929859375 0.360657190625 0.8591543671874999 0.41850135625 0.9920931843749999 0.44716333593749996
0 0.9926490343750001 0.4153186765625 0.9931330375 0.387590215625 0.8432408046875001 0.3555863203125 0.7381712796875 0.34517992343750004 0.6232193328125 0.33742906562499997 0.5820757999999999 0.345960421875 0.675652046875 0.35692923906249996 0.759871715625 0.36680129687499996 0.91845823125 0.4025585359375 0.9926490343750001 0.4153186765625
0 0 0.49723828281250004 0.2146859515625 0.52419215 0.40423806874999996 0.5425944546875 0.6018636296875 0.5848374093750001 0.9736332953125 0.64682308125 0.9771476984374999 0.6217451890625 0.604201440625 0.554586603125 0.4148800296875 0.52095025625 0.19321883906249998 0.48733704062500005 0 0.464688325 0 0.49723828281250004
0 0 0.531001221875 0.2303073625 0.5756231203125 0.40781075937500005 0.5849825546874999 0.574406284375 0.617864659375 0.969314903125 0.6776380296875 0.972044275 0.6581619265625 0.38824403749999997 0.561704325 0.22328560937500003 0.544277875 0 0.507414834375 0 0.531001221875
0 0 0.57369615 0.3311682859375 0.616061034375 0.4220550078125 0.6190840453125 0.5536182421875 0.6440458015625 0.9672281859374999 0.6925283109375 0.9673308296875 0.6917958703125 0.37254514375 0.5922959421875 0.20784738749999998 0.5729904078125 0.043415173437499996 0.5518090328125 0 0.540191084375 0 0.57369615
0 0.52005025812097 0.5937888230924697 0.04928297970746058 0.04871930113146803
0 0.4481343478125446 0.5965507296101322 0.08239548863591431 0.06609769867214013
0 0.6326162621781599 0.4103399979568965 0.04443183847375849 0.039317030054229284
0 0.5428543327950109 0.4061751936039745 0.04911933847375849 0.03934430113146821
0 0.45471340462967796 0.4434030037124332 0.05259889448011297 0.059674981849627426
0 0.35194296063603236 0.42369046741168787 0.08045115909060954 0.04421360831306061
0 0.26765768953271396 0.5085472564429077 0.06932274431795715 0.03321247579950324
0 0.33202810674099836 0.5800404613615637 0.06323638555165925 0.042551114363184796
0 0.2148969281686283 0.4432358738311545 0.04451365909060954 0.04400453005422929
0 0.05599921510025922 0.4168193404572754 0.06471706493480815 0.03787270472226432
0 0.1025781603117208 0.4782608345053472 0.0574227621748646 0.06751475292686634
0 0.16886958766627488 0.5739591538853838 0.05375229139585782 0.03624657220870695
0 0.6487325913197228 0.6953735281093216 0.03949887662320535 0.02522725897699054
0 0.4665064724071552 0.6628433501216369 0.036455697240056394 0.02989657825883114
0 0.13279176583160787 0.5374540273237548 0.028506829545304768 0.022038626463433176
0 0.06803379058837421 0.5776704820460191 0.04591251785690749 0.034638620413308986
0 0.12422924351047353 0.580468229119153 0.031686376623205434 0.02518180718159222
0 0.033477558445281684 0.5435000151253104 0.05218979139585782 0.036237481849627426
0 0.42429169886820484 0.6646512898167867 0.036782979707460584 0.04864657825883114
0 0.1940138636408572 0.6550546177810302 0.15081820616851022 0.04774767447164337
0 0.027198992291009895 0.6216613765616289 0.05439798458201979 0.04720225292686635
0 0.33128203855977933 0.6675359161820239 0.04157957386326192 0.054923849336070064
0 0.09121614610826129 0.6369045814802851 0.04766593262955985 0.04558521077238851
0 0 0.6724092781250001 0.228247403125 0.7005070609375 0.4843388984375 0.7399509171875 0.616240021875 0.7601261 0.9526103296875 0.7968376234375001 0.9545949734375 0.782675703125 0.550588509375 0.7367207812500001 0.39159773750000004 0.7086562015625 0 0.654122878125 0 0.6724092781250001
0 0.65038859375 0.7735542625 0.2573163609375 0.7054849078125 0.08777655625 0.6856118 0.153641971875 0.7074717484375 0.2681550171875 0.7287496234375 0.46302991562500007 0.7578769078125001 0.68697078125 0.791984359375 0.9488041453125 0.8239975890625001 0.9511205687500001 0.807468171875 0.65038859375 0.7735542625
0 0.9288274200542487 0.8046702182954508 0.04906479139585791 0.036219301131468026
0 0.7917462057680638 0.7367247150739968 0.04286933847375849 0.039307939695149584
0 0.7747808482195817 0.7688514138443329 0.03500229139585791 0.036137487899751616
0 0.5697484748427872 0.7450467960633026 0.044268197240056394 0.029942030054229286
0 0.346157016238645 0.7104137625912277 0.03494774431795715 0.03301248789975162
0 0.22443202070287188 0.7025290605994379 0.06329093262955983 0.04567611436318479
0 0 0.7015716453125 0.0777124140625 0.7127107796875001 0.147985515625 0.7366605015625 0.2221825078125 0.7437846078125 0.29683941406250003 0.758820184375 0.3816335609375 0.77975803125 0.55712206875 0.8018988796875 0.660195371875 0.8265498156250001 0.7709230734375 0.8301037546875 0.9439220625000001 0.8588348937499999 0.9468340171875 0.8380559156249999 0.8025914296875 0.81653295625 0.715414409375 0.8125986921875 0.4804668484375 0.7787741718750001 0.33799506875 0.755789475 0.18384240937500002 0.726724234375 0.1391451703125 0.7214849171875 0.0774444140625 0.6922555781249999 0 0.6831777031249999 0 0.7015716453125
0 0 0.792887525 0.0006317953125 0.7932282546875 0.0894009421875 0.8193433750000001 0.20434441718750002 0.8375308171875 0.2867318125 0.864468328125 0.3986454609375 0.90429485 0.5662354406250001 0.9380814140625 0.7023500828125 0.972887165625 0.7512384796875 0.9817613234375001 0.877429696875 0.9947937124999999 0.924907565625 0.9945174953125001 0.9279191015625001 0.973027946875 0.855102528125 0.9672278203125 0.6536293546875 0.9404679890625 0.513781215625 0.9099359359375001 0.4045453078125 0.88456263125 0.2699444546875 0.8389358734375 0.20123886875000002 0.8261683421875 0.088025340625 0.79561745625 0 0.7807234046875 0 0.792887525
0 0.52469559375 0.966202209375 0.679290665625 0.9959464515625 0.77511974375 0.995388934375 0.751263090625 0.9927599875 0.6528139953125 0.9686537609375 0.4753003109375 0.927422184375 0.2184592796875 0.8486106703124999 0.14907652031250002 0.829481984375 0.174869275 0.8466446968750001 0.4185163765625 0.9301914234374999 0.52469559375 0.966202209375
0 0.6313246546875 0.9962255093750001 0.5769090515624999 0.9848914578124999 0.437686240625 0.9387229250000001 0.565475878125 0.99660860625 0.6313246546875 0.9962255093750001
0 0 0.7441706015625 0.0104283015625 0.7456714453125 0.20600424843749998 0.7921638046874999 0.29542297031250003 0.8136437328125 0.41677280781250003 0.842007453125 0.5325853687500001 0.85401231875 0.6396336734375 0.8838405296875 0.73827468125 0.8954030265625 0.8670650156249999 0.9042151203125 0.9356827171875001 0.9176287656250001 0.9375662953124999 0.9041880265625 0.9344248484375001 0.904256009375 0.8232096312499999 0.8817942546875001 0.6691088140625 0.8747266515625001 0.479483821875 0.8305049671875 0.3515573328125 0.8155096859375 0.250674625 0.7864015234374999 0.13483745 0.7633979921875 0.02757524375 0.7351151515625001 0 0.72711615 0 0.7441706015625
0 0 0.72254951875 0.072489375 0.7388067781250001 0.22796579218750002 0.7696003015625 0.3841164 0.8067572984375 0.4981691640625 0.82012633125 0.651454990625 0.855377078125 0.7593425265625 0.8680234359375 0.9396721343750001 0.8891613015625 0.9417869140624999 0.8740707640625001 0.7736224359375 0.8555579578125 0.698101684375 0.84670556875 0.49682079375 0.80739938125 0.41051023750000004 0.7972822359375 0.34266813281249997 0.7783341421875 0.20744493749999998 0.748341546875 0.08344422500000001 0.716526209375 0 0.7077763781249999 0 0.72254951875
0 0.4168592540637803 0.7771831060735653 0.05062729139585791 0.036228391490547907
0 0.4424671802005184 0.8317160699692117 0.050763659090609536 0.04404089149054755
0 0.509463765427866 0.8422626845287884 0.04273297077900686 0.03149543969514994
0 0.36194388312261777 0.835309223461812 0.07773526217486468 0.06763292759490155
0 0.27836949838173747 0.7451796480316514 0.06329093262955983 0.04567611436318479
0 0.2341558482195817 0.7719966780858807 0.054134120941162586 0.05812157220870695
0 0.212949049923865 0.7338426931129952 0.0381545649348082 0.03771816861791066
0 0.0849291899397511 0.6838113977370637 0.055860262174864596 0.06750566256778665
0 0.02891496916074429 0.7153841054843901 0.0444318384737585 0.039317030054229464
0 0.30153821713214934 0.8051949974659174 0.019104556006354478 0.020421584308955687
0 0.21277968020051846 0.8330523527539156 0.031822744317957154 0.032994307181592575
0 0.47551941356142696 0.9072973320694601 0.17293866801906327 0.061937439498758094
0 0.8058614784962351 0.8678792663036609 0.045967064934808025 0.03776362041330898
0 0.9061927151035544 0.8930741881430254 0.03659206493480838 0.037709078258831144
0 0.8374739427824203 0.9364383687629889 0.045939791395857556 0.03620112041330899