0 0 0.678023790625 0.105973871875 0.6915597609375 0.9547852375 0.7526764671875 0.9582895265625 0.7210518625 0 0.654045484375 0 0.678023790625
0 0 0.8718392343750001 0.2113698078125 0.8877108109374999 0.3993986078125 0.887809615625 0.5615638609375 0.881548675 0.694260159375 0.864513434375 0.8220144015624999 0.8736620984375 0.940231021875 0.8840216046875 0.9440396828125 0.8496501828125 0.7410403265625 0.8481411171875 0.530298490625 0.8685703109375 0.4304364203125 0.8659618265625 0.1729082453125 0.86591526875 0 0.8432853874999999 0 0.8718392343750001
0 0 0.4266983171875 0.0579227625 0.427960475 0.39124821875000004 0.4264627015625 0.6332573390625 0.43743447187499995 0.7641601765625 0.4550482765625 0.8125190421875 0.46133268281250006 0.8035214609375 0.4503083421875 0.5916445515625 0.4071735578125 0.4186826703125 0.4002058640625 0 0.3937763109375 0 0.4266983171875
0 0 0.461543246875 0.16206233125 0.46575000937500005 0.49516347187500004 0.4662765609375 0.701187140625 0.48842668125 0.883820709375 0.5003352046875 0.8732486875 0.48507960937499994 0.8336611734374999 0.47342126718750005 0.6404558734375 0.4462545171875 0.3964204671875 0.43510517968749995 0 0.43534876718750004 0 0.461543246875
0 0 0.389053440625 0.097278171875 0.386369834375 0.3588559921875 0.38677393125 0.5498087796875 0.39736483906250003 0.6858864953125 0.42362135156249997 0.7729299078125 0.43124910312500003 0.5644272046875 0.3761274953125 0.29385180312500003 0.364699059375 0 0.3594056953125 0 0.389053440625
0 0 0.4914550953125 0.0732257484375 0.49276867031249993 0.344023415625 0.5021672796875001 0.6143742125 0.5156226765625 0.9788650921875 0.5353667953125 0.9789151046875 0.5349154453125 0.9798144796875 0.51284323125 0.8732503093749999 0.5035048468750001 0.588055578125 0.47646614375 0.360890390625 0.4790776796875 0 0.47307700312499995 0 0.4914550953125
0 0 0.5227282062499999 0.1618452265625 0.523052909375 0.41195159531250003 0.534734253125 0.7326849078125 0.554651390625 0.9750480749999999 0.5698136265625 0.97775118125 0.545419328125 0.7603465984375 0.5263678234375 0.48774754375 0.5147620515625 0 0.5021974890625 0 0.5227282062499999
0 0 0.3561511375 0.140602546875 0.3550727734375 0.44573317812499996 0.35899805156250003 0.5125661109374999 0.3724584375 0.5660313453125 0.36953996875 0.48332324375 0.3451844421875 0.3667855453125 0.3349720609375 0.261106909375 0.329511803125 0 0.3270116625 0 0.3561511375
0 0 0.3245873703125 0.0867149609375 0.3275367234375 0.2502452171875 0.32475945 0.33483076875 0.33217181562500003 0.42881355 0.3404076734375 0.39080083593750004 0.3237694 0.276767971875 0.308073071875 0.1717152515625 0.2969642140625 0.0007936265624999999 0.2979371015625 0 0.305099215625 0 0.3245873703125
0 0 0.5555575140625 0.3503134578125 0.5692542890625 0.553525628125 0.5680514796875 0.7429553609374999 0.588454690625 0.9709767609375 0.6065553703125001 0.9745255125 0.5745295125000001 0.77302595 0.5568717921874999 0.5485106890625 0.544800878125 0.35553049375 0.539293959375 0 0.5299725609375 0 0.5555575140625
0 0 0.5870663359375 0.3689072671875 0.6070019890625 0.5395361140625 0.6086473015625 0.7149736984375 0.63542806875 0.9674107875000001 0.6387366515624999 0.969922228125 0.61607204375 0.7295902984375 0.6062940984375 0.56438849375 0.5899142828125 0 0.56702313125 0 0.5870663359375
0 0 0.6031913125 0.382693221875 0.63672731875 0.517192375 0.6390070531250001 0.606582859375 0.6544441937500001 0.962630934375 0.6818726359375 0.9665558171875 0.6464523718749999 0.9031504281249999 0.6500180265625 0.73753125 0.6374048218749999 0.5721179796875 0.6229093984375 0 0.6008481640625 0 0.6031913125
0 0.42768737642710325 0.5938195527566483 0.0487850098858317 0.04769320616851012
0 0.4973632064651593 0.6106718620094135 0.08060801285158128 0.06230117694751698
0 0.3639617519399853 0.3925649699649326 0.04371550790866543 0.038236385551659244
0 0.4525149159704302 0.40661956168510205 0.04840300790866543 0.038318206168510116
0 0.5284752380998208 0.461108238632619 0.050793178859192524 0.05865797970746058
0 0.6339439880998208 0.46294920251176697 0.07971667490485963 0.040426176947516976
0 0.694744883841477 0.563299804378206 0.06839717292769336 0.030860262174864594
0 0.6150772884803817 0.6189810142001642 0.06259284190105419 0.041688668019063256
0 0.7625982287082806 0.5097577930141203 0.043906508897248564 0.04292388555165907
0 0.9241578112177947 0.5164868542954805 0.06390067391627667 0.035465941558013726
0 0.8642443003433797 0.567040233354318 0.05579901384016424 0.06655230032431163
0 0.775059783537466 0.6452276887120492 0.05289950692008212 0.033712526785361165
0 0.276911443613578 0.6678047033258412 0.04001750494291585 0.024119338473758488
0 0.46275344311928635 0.6733940044609316 0.035521005931499164 0.028725017856907443
0 0.819987622967062 0.6170850978026587 0.028952670950527094 0.020803423701106105
0 0.8725741120926471 0.6696021716659206 0.04508700692008212 0.033576159090609535
0 0.8174236970736191 0.6608214610331835 0.03064250494291585 0.023955697240056396
0 0.9150627010279517 0.6437624204481047 0.05133700692008247 0.033685253246410876
0 0.5038095246402172 0.6827105032431156 0.0362850098858317 0.04747501785690744
0 0.7305656842220378 0.7202861899298652 0.15009284190105418 0.04321598620028233
0 0.9032856012182322 0.7217374159838779 0.056470175893443296 0.04470457386326192
0 0.5936068536896902 0.7046048685022352 0.03966467787060921 0.053779564934808025
0 0.8351895172258434 0.723676017039538 0.04709517589344294 0.044540932629559826
0 0 0.7091971125 0.2928502625 0.7372117859375 0.426492696875 0.744225653125 0.6860326453125001 0.7575773515625001 0.951832865625 0.7793202703125 0.95389000625 0.7607555140625 0.524698409375 0.7324796015625 0.362680365625 0.7276765625 0 0.69464460625 0 0.7091971125
0 0 0.7361136171875 0.21597149999999998 0.75395925625 0.4428326046875 0.7660095171875 0.640111596875 0.777035034375 0.7570688203125 0.77945690625 0.82672455 0.7714713265625 0.6564481953125 0.7565497421875 0.2562174453125 0.7433937875 0 0.7198093953125 0 0.7361136171875
0 0.0005823428524563062 0.7174465986200282 0.0011646857049126124 0.03489319724005639
0 0.1271196906478285 0.6792625803560837 0.040590507908665384 0.038181838473758486
0 0.13587526673155187 0.7138148583592608 0.03421317391627658 0.034947744317956976
0 0.3415204302677052 0.7322587155007058 0.043333505931499074 0.028861385551659246
0 0.5685458452867331 0.7440395154179802 0.03408583992388792 0.031822744317957154
0 0.6898478423209837 0.7602293514561067 0.06272017589344295 0.04481366801906326
0 0 0.7691830125 0.1246461515625 0.7741355140625 0.233519009375 0.793068409375 0.3401550671875 0.78988839375 0.516795171875 0.8038027203125001 0.6046834546875 0.8005447296874999 0.68122218125 0.800989590625 0.7553516499999999 0.809053253125 0.8298240796874999 0.7999221859375 0.9487346109375 0.8072806078125 0.9506320796875001 0.7901568078125 0.8351548921875 0.7800373609375 0.76773456875 0.7960487671875 0.7228431468750001 0.7921148609374999 0.5652956890625 0.789265846875 0.4206474734375 0.7828524484375 0.1831217265625 0.7683000437499999 0.0971234546875 0.7545015312500001 0 0.74904950625 0 0.7691830125
0 0 0.9151611046875001 0.106258965625 0.9259477921875 0.156138825 0.9271863375 0.2975165859375 0.9207911031249999 0.46933947187499997 0.9217559312500001 0.5883584484375 0.9055714281249999 0.6753863453125 0.8959783546875 0.7919974578125 0.9014997421875 0.8850456250000001 0.8939991546874999 0.9221939562499999 0.8831648984375 0.79921909375 0.87865076875 0.68123114375 0.8855307640625 0.611058796875 0.8840788796875 0.46847564375 0.9013282609375001 0.3556502078125 0.9039658906250001 0.2116903453125 0.9054400828125001 0.0085628203125 0.89077220625 0 0.8896997109375 0 0.9151611046875001
0 0 0.9544754187500001 0.0323068875 0.9586062765625 0.117269590625 0.9535269921875 0.3310609484375 0.956604659375 0.443541509375 0.9429796921875001 0.7018745765625 0.9108242578124999 0.731283553125 0.8993117921874999 0.6588742703125 0.90392356875 0.38884677343749996 0.9287945109375 0.20550025 0.9330795406249999 0.1035091515625 0.9366639390625 0 0.9268710406249999 0 0.9544754187500001
0 0 0.9697077703125 0.22986392968749997 0.9898511078125001 0.42273088281250004 0.947418371875 0.2755056921875 0.9642609640625001 0.11606711875 0.9643787343750001 0 0.9638014359374999 0 0.9697077703125
0 0 0.8267866312500001 0.012512378125000001 0.8269298921875 0.1403047515625 0.8443908890625 0.23937429375 0.8530725078125 0.3511702359375 0.8456498953124999 0.467096728125 0.8573736375 0.5924779265625 0.8542713671875 0.6850108765625 0.8514203968749999 0.8872772031249999 0.8456608359375 0.9440957203125 0.8491444734375 0.9466319375 0.8262562687499999 0.8731700703125 0.831902565625 0.7615485 0.8377755359375 0.642872190625 0.8367679406249999 0.5372679687499999 0.844735803125 0.4087857171875 0.8334767031249999 0.21288606406250002 0.838226603125 0.0608408671875 0.8139455281249999 0 0.8136249781249999 0 0.8267866312500001
0 0 0.8023515984375 0.126542915625 0.8134407515625 0.23489916093750002 0.8229361796875001 0.3931341609375 0.8195804343749999 0.5076824156249999 0.829618475 0.669183846875 0.82498405 0.82845068125 0.826416153125 0.9468221187499999 0.824539971875 0.947886625 0.81493329375 0.8232882953124999 0.80248195 0.6944662984375001 0.8084125406249999 0.5551508093749999 0.810296390625 0.484288875 0.815043765625 0.39760335156250004 0.8074473781249999 0.19155397968750001 0.8050481515625 0.1157051375 0.7984013984375 0 0.787441959375 0 0.8023515984375
0 0.48366416791041544 0.7933752678536121 0.04977450692008212 0.03365797970746058
0 0.44415865753029216 0.841939452918804 0.05015650889724856 0.04303297970746058
0 0.37625357452648656 0.8391905539744642 0.04183467292769336 0.0303966120127086
0 0.5223009035759595 0.8620667666357962 0.07761034684397003 0.0653716298696164
0 0.6268557523970959 0.7904020466675682 0.06272017589344295 0.04481366801906326
0 0.6629550784808191 0.8254316116023764 0.052292011862997964 0.05712275324641105
0 0.6931983354009015 0.7931236720729578 0.037338173916276675 0.03500229139585791
0 0.8293732573400117 0.7704828331921622 0.05423651384016459 0.06652502678536117
0 0.8769684989370548 0.8111856996690978 0.04371550790866543 0.038236385551659424
0 0.9371539238419146 0.7731459573797356 0.03265067391627667 0.03492047077900686
0 0.5886899075302922 0.8444622552717105 0.019577670950527093 0.020639782467404187
0 0.6681572316368491 0.8896304792971282 0.030960839923887918 0.031768197240056396
0 0.3937328931958361 0.9090763599808188 0.173976010874415 0.05456258928453721
0 0.08140133095227717 0.8035534683433749 0.04521434091247101 0.03670115909060954
0 0.03276090110450151 0.8652488989443399 0.045150673916276605 0.035138659090609536