0 0 0.6830502203125 0.566279575 0.5734599328125001 0.7871441234375001 0.5435655765625 0.73475021875 0.18219807187499998 0.5771734453125 0.1361582953125 0.36733356562499997 0.1109907796875 0.228582690625 0.11810539843750001 0 0.1607725921875 0 0.6830502203125
0 0 0.86006549375 0.46403993281249994 0.78865111875 0.817690628125 0.7222183906249999 0.787757128125 0.569827940625 0.5631366328125 0.5894416921875 0.2882497171875 0.6403233609375001 0 0.7111584359374999 0 0.86006549375
0 0.5709136201445544 0.829326490041051 0.3630522717116218 0.1145816922292326
0 0.06087418703674789 0.8763175811856975 0.12174837407349579 0.06954995159900648
0 0.2623712200207199 0.8767635296614458 0.14241013192686944 0.072684041958086
0 0.02880439568041903 0.9409977047222643 0.05760879136083806 0.06135565651766228
0 0.14699446898726257 0.971430614166793 0.05799659057054059 0.03782725292686635
0 0.27539560484307346 0.9159123880727023 0.06526543507002262 0.059738614363184436
0 0.3825916747354496 0.8962180324901162 0.0895762303552928 0.07862496974937905
0 0.1370801215922964 0.8822863009350763 0.04266268899896399 0.04398634933607006
0 0.45707964843750004 1 0.575433759375 0.9656437140625 0.7486053484374999 0.9265246796875 0.7479514546875 0.898510615625 0.6971972640625 0.908768471875 0.5223507625 0.9515031578125001 0.410184846875 0.9674369593750001 0.263105303125 0.99437070625 0.2134033890625 1 0.45707964843750004 1