0 0.9770542421874999 0.6920012859375 0.9828443874999999 0.52619324375 0.9828443874999999 0.168700925 0.7543109921875 0.14068853750000002 0.614895375 0.142451515625 0.404891784375 0.18127675468749999 0.2478278515625 0.23774766249999998 0.20371103124999998 0.6048151859375 0.42606870781249995 0.620697878125 0.9770542421874999 0.6920012859375
0 0.7066629171875001 0.670111578125 0.4295973109375 0.63658056875 0.20371103124999998 0.6312863375 0.177239878125 0.7865846453125 0.53371629375 0.830701465625 0.970837984375 0.870011615625 0.9761125453125 0.7189679609375 0.7066629171875001 0.670111578125
0 0.4269120863133676 0.8784598829317753 0.36130457694917484 0.11249508783376605
0 0.9254859955691949 0.8919594539753184 0.09129961179556503 0.06717263103285873
0 0.7380306355877282 0.906532841546781 0.13828373920022674 0.0719345421027846
0 0.9577330111782913 0.9540973554265971 0.022331356986241602 0.0585218281303014
0 0.8554239775130273 0.9876885499921506 0.05750496515360979 0.02462290001569869
0 0.726455729327126 0.9468031774816306 0.06290179328391084 0.05837798439090349
0 0.6181620796899456 0.934417250169636 0.08699405771188111 0.07794643992586643
0 0.864057422248217 0.9038939695844149 0.04209821996293321 0.04360615626060209
0 0.5000833499999999 1 0.4790110109375 0.9983538624999999 0.30253578281250004 0.966588478125 0.251359103125 0.9595286218749999 0.251359103125 0.9877654 0.32706542031249997 1 0.5000833499999999 1