0 0.5883325 0.16 0.39 0.1233325 0.25833249999999996 0.1216675 0 0.1533325 0.0016675 0.6483325 0.5683325 0.575 0.7783325 0.5599999999999999 0.7366675 0.2133325 0.5883325 0.16
0 0.7783325 0.585 0.5650000000000001 0.5900000000000001 0.3033325 0.6216675 0 0.6766675 0.0016675 0.6883325 0.0033325 0.8150000000000001 0.46666749999999996 0.7733325 0.8033325 0.7316675 0.7783325 0.585
0 0.5671875 0.81796875 0.33515625 0.08359375
0 0.06953125 0.83203125 0.13828125 0.05703125
0 0.2734375 0.8453125 0.1265625 0.06015625
0 0.0375 0.89140625 0.075 0.053125
0 0.1625 0.92734375 0.0515625 0.03203125
0 0.28515625 0.8828125 0.05703125 0.0515625
0 0.38671875 0.87109375 0.0765625 0.06796875
0 0.1546875 0.8421875 0.03671875 0.03828125
0 0 0.9974999999999999 0.2633325 0.9949999999999999 0.3983325 0.9866675 0.5683325 0.9483325 0.7333325 0.9216675000000001 0.7333325 0.8949999999999999 0.6849999999999999 0.9016675 0.5183325 0.9316675 0.41166749999999996 0.9400000000000001 0.2716675 0.9566675 0.1366675 0.9633324999999999 0 0.975 0 0.9974999999999999