0 0.7693692154932779 0.9878946851562904 0.03836381802583091 0.02421062968741907
0 0.6641374608744244 0.7891700598739417 0.049483174452321775 0.03875866311182748
0 0.6693143573509276 0.6650423151356135 0.029989028371529967 0.06570059471009326
0 0.5443755079840658 0.41360237052434234 0.029761707838416564 0.05788809471009326
0 0.5777145083797772 0.26294221786527155 0.038318353919208195 0.03030912628012441
0 0.7875799387045936 0.4465491913451508 0.0666706744523216 0.03975972099021767
0 0.5091567926903089 0.8709220468609364 0.04382420783841656 0.05870714206513981
0 0.7651938440230924 0.8662701571442838 0.03243206677218975 0.04244510523343692
0 0.7410736293877443 0.0815087492941283 0.03560253087881229 0.04418961575678067
0 0.07994300264029648 0.9640918630553574 0.03225021034569897 0.03619510523343692
0 0.00932808082660597 0.9620673604951089 0.01865616165321194 0.035922089448421346
0 0.285909509304214 0.878266297072698 0.026091138558944314 0.038956084186749604
0 0.3842861394833812 0.6171383522496653 0.024755959092057724 0.046677578925077866
0 0.43255512107447414 0.30300723379146144 0.03859113855894449 0.03968412628012441
0 0.30805052922945975 0.11732879707269797 0.03526756175762476 0.08628611049510884
0 0.34090248165759995 0.17167466282947866 0.03499477711788872 0.07691111049510883
0 0.5621159036026391 0.12664840209437345 0.028852425705962935 0.026638094710093263
0 0.4656668009370721 0.16015958113239065 0.022966138558944315 0.038774073663405864
0 0.6280136882423752 0.12109562308459113 0.019341033386094962 0.021404563140062206
0 0.6761533230403959 0.053467778303910654 0.04599446159934022 0.026076652588483618
0 0.7016902513201483 0.520586659845707 0.041852530878812286 0.044553636803468064
0 0.24798962364826355 0.78293141026923 0.022966138558944315 0.038774073663405774
0 0.25642190076615223 0.7082954313159172 0.02756271034569897 0.035922089448421346
0 0.2417649850228122 0.3513705971291677 0.09459502995437559 0.6778057525602488
0 0.14047498885024293 0.84710105510638 0.03215928213245363 0.03307010523343692
0 0.12008255014564928 0.4452354472421072 0.032522994985435094 0.04557010523343692
0 0.20168921747183494 0.19565194717151999 0.07787156505633011 0.3711007262518895
0 0.1980280422280905 0.5366409682182074 0.03417642319868044 0.048786110495108836
0 0.04906873885024292 0.841777247298577 0.04135242570596289 0.027366136803468066
0 0.13598738031218113 0.678586273536349 0.024210389812585564 0.02792757892507769
0 0.10914974716351314 0.6058089261954198 0.0386820667721897 0.04280912628012441
0 0.506740149512511 0.7119187731834131 0.035284282132453625 0.033252115756780755
0 0.08586066284034617 0.49176183674699836 0.03725595909205777 0.04740562101845249
0 0.863912488850243 0.8892364912604462 0.032795779625170954 0.05494510523343692
0 0.8428438194124862 0.9678319281203841 0.04957410266556721 0.04188366311182747