0 0.02187732700310836 0.7417632947947979 0.033297178878243794 0.04088260523343692
0 0.2214070154922906 0.6499188870858168 0.04012038896415202 0.052184126280124234
0 0.3362540875185579 0.6580282477220999 0.06421963025772479 0.03645271046687402
0 0.5834367039814727 0.5486099321629633 0.057969630257724704 0.036088689420186525
0 0.7201654200602748 0.5850417138741687 0.033297178878243724 0.04088260523343692
0 0.5270727600652236 0.776984832120611 0.042501760515449585 0.06790013154179633
0 0.16220351311744138 0.5014883633377062 0.06010534034363304 0.047117194681858265
0 0.13947758480502448 0.7419236475385733 0.042426517412854546 0.036741136803468064
0 0.8706966073062616 0.7445091771836402 0.04727779172311415 0.04013915258848364
0 0.12202108491656613 0.0941455711737443 0.03773901741285455 0.03646812101845254
0 0.13351850689740496 0.023378044865385056 0.03593085594746528 0.03168961575678068
0 0.1802895290599579 0.29014133966018296 0.03897396879233552 0.03030912628012441
0 0.41177082315792113 0.3911522898860619 0.048267081637205854 0.029292657850155467
0 0.6993693204443877 0.446836058584262 0.04275406603337366 0.04299113680346807
0 0.8850788483726918 0.33632495086116343 0.08337906603337367 0.04535727360693613
0 0.8313839603130508 0.36515487712717043 0.07392217887824373 0.043248742036904986
0 0.8476729443705345 0.574499785047913 0.028118355947465545 0.031234589448421345
0 0.8275042865231897 0.48376836923466265 0.0403726944820761 0.027275131541796328
0 0.8459599581653443 0.6369087797862412 0.021377033016686652 0.021495568401734035
0 0.9134882948909328 0.6859385430110081 0.04628850180902226 0.0509856473268119
0 0.4675959407524898 0.6932160478491568 0.04752345318850324 0.04482665258848364
0 0.27230661069716366 0.25830053448321566 0.03881019448207601 0.02718412628012441
0 0.3411008763009959 0.2683133003388184 0.03749335594746528 0.03178062101845249
0 0.6706279240170038 0.2670344374952224 0.6343417797373265 0.18493060993041147
0 0.22553118724598678 0.15509921074922264 0.034532130257724704 0.03472361049510884
0 0.6012748156946893 0.14879194268630702 0.0454696302577247 0.03536064732681177
0 0.8170868441888203 0.23669594815974038 0.341587713703953 0.1273786312594475
0 0.5072514987568045 0.21891399786327428 0.048676517412854635 0.03710515785015556
0 0.24019123077812315 0.06857017654835562 0.03025406603337357 0.042263094710093284
0 0.3820301707376434 0.1561094319512018 0.02943519448207601 0.026638094710093263
0 0.45254406659920043 0.13330969780680452 0.04423467887824373 0.04151964206513994
0 0.31084905303153315 0.5037348608480448 0.034614017412854546 0.03628611049510884
0 0.5610116638402385 0.11453033475144694 0.05040279172311415 0.0403211631118273
0 0.10742532338506375 0.8333599896178306 0.05492651741285455 0.03746917889684269
0 0.03616115502226953 0.8110292342855716 0.04324538896415205 0.052366136803468064