0 0.6995008848268627 0.9961979652384276 0.04840326674922295 0.007604069523144829
0 0.6401216925181299 0.7892238012580952 0.058360463606069855 0.04727679328391084
0 0.6740322737830455 0.6659871979000506 0.04546235731976367 0.07178571996293304
0 0.6062990800265705 0.38973966723001147 0.04346320967712849 0.06235615626060227
0 0.6740773930945212 0.24499265162091488 0.04862159057054072 0.039136911069925694
0 0.844394085403254 0.4692635092401288 0.07569351282028158 0.05100199400955034
0 0.4662625074481072 0.8426240758528664 0.05454625889134022 0.06586310217691818
0 0.7240364660917784 0.8860566504397884 0.04280823821317572 0.04829365626060209
0 0.8751947450376012 0.11037958256110639 0.03837329528527036 0.020059528855940555
0 0.01618882950984193 0.8541170703257528 0.03237765901968386 0.04360615626060209
0 0.23862981307245984 0.8072867434613962 0.03477741439185813 0.043333337748947896
0 0.39711236290584406 0.5631969814804965 0.033578787427387444 0.05109127404661713
0 0.5193342351128039 0.25758687694132554 0.05069351282028158 0.05012897477225655
0 0.4364618848223536 0.05436761850380506 0.055201230355292806 0.07992560217691824
0 0.4566437981807544 0.10828379218760247 0.05214900496239867 0.08137897477225656
0 0.6907105831269424 0.1062848156860654 0.03583049214211727 0.032450401451278844
0 0.5859310378416722 0.12140632948106349 0.031725188998963996 0.044786710344286274
0 0.7584973966091779 0.11256458673745764 0.024601893713693812 0.02581845553496285
0 0.7399933757261257 0.5266543685886231 0.05240156203449331 0.05330853847458741
0 0.22308404983789343 0.7042336653310949 0.03165241439185813 0.04322421034428636
0 0.24759820637186875 0.6315327753125615 0.03782963978475227 0.04187996515360979
0 0.3070846381321225 0.3119940908289909 0.23583072373575503 0.6088194724100038
0 0.09902581162471773 0.7468526965492881 0.04088186517764645 0.04042659255827132
0 0.17196262138289944 0.3401413942797027 0.042953787427387445 0.05141865626060227
0 0.305096260753367 0.15307295861500575 0.14918247849326605 0.2891220421027844
0 0.22876908540325408 0.4477654105217715 0.043172111248705035 0.056106156260602266
0 0.01597481379407623 0.724129469962933 0.03194962758815246 0.03439484736759475
0 0.13348435649570325 0.5782490294889128 0.03277826674922304 0.03390377404661713
0 0.12306058685099612 0.49963295616793496 0.047568512820281586 0.05001984736759475
0 0.49957592928356354 0.6818056269413255 0.04237159057054054 0.03891865626060227
0 0.1262113196874884 0.38158236061443873 0.046224336641599174 0.05465278366526398
0 0.8183472382176848 0.9276935681331361 0.04666098428423453 0.06402778366526399
0 0.778807395165945 0.9888864622432028 0.060141287427387446 0.022227075513594485