0 0.10078125 0.80078125 0.0265625 0.0359375
0 0.28125 0.69453125 0.03125 0.0453125
0 0.396875 0.69375 0.059375 0.025
0 0.62109375 0.5671875 0.0515625 0.025
0 0.76328125 0.59140625 0.0265625 0.0359375
0 0.6078125 0.79453125 0.03125 0.0609375
0 0.19453125 0.5546875 0.0515625 0.0375
0 0.2171875 0.79140625 0.0375 0.0296875
0 0.94296875 0.73515625 0.0390625 0.0328125
0 0.07734375 0.16015625 0.0328125 0.0296875
0 0.075 0.090625 0.03125 0.025
0 0.171875 0.34765625 0.034375 0.0234375
0 0.42109375 0.42734375 0.0421875 0.0203125
0 0.71640625 0.45859375 0.0359375 0.0359375
0 0.8796875 0.33515625 0.078125 0.0296875
0 0.83125 0.36796875 0.06875 0.0296875
0 0.88828125 0.57109375 0.0234375 0.0265625
0 0.85078125 0.48359375 0.0359375 0.0203125
0 0.8984375 0.63203125 0.01875 0.0171875
0 0.97578125 0.675 0.0390625 0.040625
0 0.53359375 0.7171875 0.0390625 0.0375
0 0.2578125 0.30859375 0.034375 0.0203125
0 0.32734375 0.3125 0.0328125 0.025
0 0.6703125 0.284375 0.65 0.05625
0 0.19140625 0.21171875 0.0296875 0.0296875
0 0.5625 0.175 0.040625 0.028125
0 0.815625 0.2421875 0.36875 0.05625
0 0.4828125 0.2515625 0.04375 0.028125
0 0.18984375 0.1265625 0.0234375 0.0375
0 0.346875 0.2 0.025 0.021875
0 0.4125 0.171875 0.0375 0.034375
0 0.3421875 0.5453125 0.028125 0.03125
0 0.51640625 0.1453125 0.0421875 0.03125
0 0.20234375 0.88359375 0.05 0.02734375
0 0.12734375 0.8671875 0.03515625 0.0453125