0 0.9090660745264865 0.7936082177966848 0.031342841901054186 0.04183467292769336
0 0.7107797662372602 0.6831349273019557 0.036412343878220454 0.051400673916276673
0 0.5811559332334546 0.6868567879860901 0.06677100593149916 0.030799013840164414
0 0.3353871298871443 0.5549196743733871 0.058958505931499074 0.030480678859192523
0 0.17411670745374247 0.5887892914833122 0.031342841901054186 0.04183467292769336
0 0.33982132600936127 0.8097835879095404 0.03717634783255317 0.07015067391627668
0 0.8148663828528939 0.5213432400398061 0.059531508897248384 0.044543178859192525
0 0.77901116000175 0.7887681619789164 0.043588173916276673 0.036094008897248384
0 0.9649472262740038 0.07299462886138008 0.038900673916276676 0.03590300790866539
0 0.9704743260837233 0.004768482662613399 0.035521005931499164 0.009536965325226798
0 0.8501021817877611 0.2882614846025987 0.03858233893530496 0.02809050790866543
0 0.5660044130046806 0.388752210419492 0.04776633794672147 0.0237850098858317
0 0.23332190559030686 0.437405863612703 0.04228034190105419 0.04228034190105419
0 0.055362684753510485 0.3066054856655439 0.08890067391627661 0.03794035178688589
0 0.10777276034294228 0.34112772429683746 0.07952567391627659 0.037558349809719616
0 0.034414878898561124 0.5718630711408075 0.02777217292769344 0.030769838935304605
0 0.08061339965880779 0.4717065622435589 0.04151633794672149 0.023530341901054186
0 0.0206760310660079 0.6410587401141683 0.022639003954332697 0.019641337946721647
0 0.42616734429815006 0.7196904871112377 0.045469008897248565 0.043970175893442945
0 0.7550098576812039 0.24845883836665097 0.03839133794672147 0.02340300790866543
0 0.6767256901907179 0.2555484381763706 0.03864600593149916 0.02965300790866543
0 0.3299183102663926 0.23793776281440024 0.6598366205327852 0.09287447437119951
0 0.8344665474148114 0.1360278225493202 0.035775673916276673 0.03577567391627658
0 0.4189662228139627 0.1116206605332227 0.046585839923887915 0.033096342889637365
0 0.17073298195835707 0.19680737992432534 0.34146596391671413 0.0798227401513493
0 0.505276454525174 0.19467855825204522 0.05127333992388792 0.03328734387822054
0 0.8399127341826691 0.04065165555312579 0.028281508897248387 0.04326983893530466
0 0.6600077168824636 0.12987727612309202 0.029143671939110227 0.026146005931499027
0 0.5878435568063515 0.10161962494422842 0.04371550790866543 0.03921900889724857
0 0.6496552183281574 0.5179356916364117 0.03265067391627667 0.03564833992388792
0 0.47186572973404495 0.07670714965880779 0.04827567391627667 0.03628500988583174
0 0.791183554754823 0.8920059085188754 0.05752333992388792 0.03354201186299832
0 0.8763225587091558 0.8698178907243783 0.04109984387822045 0.05159167490485998