0 0.16311506969278064 0.0786237015966055 0.038482146641955414 0.029653007908665385
0 0.2689310161572508 0.2746139753226017 0.0480208377489479 0.0347225098858317
0 0.2654290155242786 0.3973020588206989 0.02874504809323426 0.0635823389353046
0 0.39153761462115394 0.6394961704934166 0.028472229581579977 0.05576983893530461
0 0.3604909673462264 0.7892269150562091 0.038482146641955414 0.02965300790866543
0 0.15140368794213166 0.6156289530794803 0.06677083774894799 0.03548651384016459
0 0.42058777459477137 0.18847483996106887 0.04253472958158007 0.05634284190105419
0 0.16896078720864302 0.20247503707186904 0.032668656260602266 0.04189833992388783
0 0.20151772751302738 0.9728631329272559 0.03584821996293312 0.043588173916276673
0 0.8420858070789088 0.08203642794497142 0.03245040145127902 0.03564833992388783
0 0.9156051526324053 0.08268502676610781 0.027708337748948254 0.03389483893530465
0 0.6401562301297341 0.1739507194282837 0.026309528855940557 0.03851867193911027
0 0.546587246286985 0.43379395163378653 0.023402783665263983 0.04464133794672147
0 0.5028620058208138 0.7449569447137043 0.03880952885594056 0.03902800790866543
0 0.6272741848620887 0.9237106388959362 0.0341418762235353 0.08408583992388756
0 0.5946997870390069 0.8707474649796595 0.033759930307219396 0.07314833992388756
0 0.37697408449926906 0.9221176695048335 0.028998019237293705 0.026146005931499162
0 0.47133420890870587 0.8860621057783998 0.023184528855940557 0.03839133794672165
0 0.3125296385829531 0.9304448226608635 0.01940476442797028 0.01951400395433254
0 0.26548845827573364 0.9939316959122522 0.046130955534962756 0.012136608175495667
0 0.23538187305867445 0.5408146368815887 0.04204365626060227 0.04228034190105419
0 0.6783977853945445 0.26626289482743504 0.023184528855940557 0.03839133794672147
0 0.6719270413849943 0.3395412273369491 0.027762901451278844 0.0354573389353046
0 0.6900643946582209 0.6787549886684745 0.08434532829993717 0.6424900226630509
0 0.7831969019994329 0.20012058307816769 0.03234127404661713 0.032523339923887826
0 0.8085366308632228 0.5946810079830275 0.031215283665263983 0.04495967292769336
0 0.7301114973832933 0.8304594101132932 0.07381453375008196 0.3390811797734138
0 0.730233070789089 0.5069953241809191 0.031324411069925694 0.04808467292769336
0 0.8738764657017638 0.20225076885744242 0.0414980192372937 0.026655341901054185
0 0.7899404314035278 0.3654736690477228 0.02436508293962465 0.027517504942915848
0 0.8171998466498046 0.43621459197541623 0.03891865626060209 0.04215300790866543
0 0.4245064043616857 0.3451068419382352 0.03384921034428636 0.031024506920082205
0 0.8415053874866448 0.5467355979069153 0.03434028366526363 0.045087006920082294
0 0.07185017423195159 0.18287084980971957 0.0299801658792491 0.05427100593149907
0 0.0917931411996598 0.10466493676785789 0.04818452885594056 0.039410009885831744