0 0.8240170716537406 0.937448583130605 0.03997178213245363 0.031477258976990184
0 0.7206778083259054 0.741567935688129 0.049483174452321775 0.036219301131468026
0 0.724989572115959 0.6213008874835271 0.03155152837152997 0.0642352168225127
0 0.6023176355894435 0.3784407009116353 0.029716243731793667 0.054851126463433174
0 0.6347854916202228 0.23256057435000632 0.03997178213245363 0.031477258976990455
0 0.8383604356685858 0.41027754995311777 0.06515363855894449 0.03787270472226432
0 0.5722152277636623 0.8203782160369458 0.04382420783841656 0.056495439695149585
0 0.8188856392838602 0.8147832427715255 0.03555706677218993 0.04082498789975162
0 0.7913667975718599 0.05693892651474676 0.03872753087881246 0.04240566861791082
0 0.15617034210771177 0.9109107498036082 0.033858174452321685 0.0361283975406721
0 0.08344589594777774 0.9081442981064061 0.02756271034569897 0.034529536104353296
0 0.35527778035008695 0.827708406124879 0.029216138558944317 0.03766362646343317
0 0.44869384507721266 0.5751697342855143 0.02631845909205772 0.04545794574527377
0 0.4937345942857898 0.2707958516737611 0.04180706677218975 0.040861349336070066
0 0.3721227040774928 0.09121236992232959 0.039909597651002125 0.08303066861791084
0 0.40491848370266403 0.14451917710392195 0.03807431301126592 0.07364657825883122
0 0.6176852566639175 0.10123330629782956 0.030460389812585476 0.02673521682251274
0 0.5256712529029939 0.13350492993259233 0.026136602665567034 0.039207945745273864
0 0.6823471502374268 0.09536055619963371 0.020903533386094963 0.020430674668035033
0 0.7273126577592743 0.030008266972022246 0.04760242570596276 0.02527271077238853
0 0.7552728025199178 0.4808758753832786 0.04346049498543501 0.04399543969514959
0 0.31822039805934876 0.7353209182251274 0.026091138558944314 0.03764544574527377
0 0.3255040491547055 0.6635004603796051 0.0276081744523216 0.03609203610435348
0 0.3085843559642723 0.32361580376374677 0.12341871192854459 0.6443590540583344
0 0.21454748027094467 0.7964260689872532 0.03376724623907634 0.033003397540672094
0 0.19153089977520843 0.40807664129415605 0.03408549498543505 0.04394089754067192
0 0.27062605172849497 0.17342036104353503 0.09437710345698988 0.34424087939029935
0 0.2683183717993899 0.4967896833504379 0.03417642319868044 0.04706589754067192
0 0.12612983795107663 0.7912249636992549 0.04144335391920828 0.02836134933607006
0 0.2090606952354972 0.6347027738077133 0.024210389812585564 0.026698855386194254
0 0.18199207838416523 0.5634635780624395 0.040290030878812375 0.04241475897699054
0 0.5685182632613281 0.6664765112164857 0.035284282132453625 0.03144998789975162
0 0.15925560886726617 0.4531936985739442 0.03725595909205772 0.045521578258831144
0 0.9148573688298889 0.837994004675382 0.032841243731793666 0.05486930718159257
0 0.8952101100544004 0.9144292396482676 0.051182066772189574 0.04091589149054755