0 0.4490636930147994 0.1347279846385075 0.09614881303532492 0.14930132096198276
0 0.5394068918833312 0.17788717946154023 0.11136474687674199 0.07989887357870126
0 0.8189847866935288 0.31467673499144333 0.0522170058537327 0.11550317363517104
0 0.8238591599355078 0.1480429718372637 0.044113614363184436 0.06504814732681177
0 0.8299278736347627 0.04459945342141222 0.061246572208706954 0.05667420520520211
0 0.8395710392276114 0.00795650564990128 0.0533158975406721 0.01591301129980256
0 0.7644700035160413 0.28817441914995806 0.06009313836728971 0.12689569994353028
0 0.5144927294137405 0.2988290110174539 0.06343630698520072 0.16457771046687403
0 0.6518478045493137 0.18149105062116708 0.10534200585373252 0.11859735253201387
0 0.6238642259958949 0.04088166869114143 0.1131272347764936 0.08176333738228286
0 0.5122181988685318 0.03519623442674596 0.11618860226293641 0.07039246885349192
0 0.3849517169207086 0.024872655431081053 0.06447156615858277 0.049745310862162107
0 0.6570261839396131 0.09684303483615155 0.040897710772388504 0.04924113680346809
0 0.5768972806434045 0.3115950505505799 0.08345791549465283 0.11576077886860796
0 0.8376706332991242 0.4588516692205452 0.051862481849627426 0.05456567363517095
0 0.46626430767257165 0.2657126741292812 0.044131795081343836 0.06817314732681172
0 0.6310035185431561 0.2740803690229011 0.08958065046753827 0.09424979991529536
0 0.6725819644848217 0.3763107269577612 0.1162613251355733 0.1161093893637168
0 0.7832149374556545 0.4221931033790599 0.09284200585373234 0.11786931043863902
0 0.7413137837666625 0.37543149544419985 0.050372704722264315 0.06697466837349922
0 0.8114166846269841 0.5416032560381308 0.13980790944452864 0.1362244682887946
0 0.6266467748878679 0.4859811295462448 0.13504768657189176 0.12345145250377901
0 0.1480784308163551 0.0594891210890397 0.1444681383672898 0.1189782421780794
0 0.1935585815784809 0.1558573449218548 0.14456813231716562 0.1489974840738101
0 0.14501602156821816 0.3109767554028462 0.12710792154477707 0.10112142619541978
0 0.27102907572474844 0.26380708183826235 0.0553147347764936 0.1109976841585147
0 0.06856767193756051 0.16157526585560272 0.08008747579950318 0.0733912683452643