0 0.1639032628887623 0.45794086401972633 0.16070668973360744 0.11119313335454457
0 0.2239732826604258 0.5523453920273623 0.08771485870696819 0.12127611067790856
0 0.4138130099601939 0.8419180640515431 0.12279551285158127 0.062337462682999244
0 0.23857292942784616 0.8531539140276806 0.06916117688202608 0.049219297342454026
0 0.1296754318993041 0.8635999706794995 0.06211268083635883 0.06787839067472703
0 0.09262110087266484 0.8741011186744088 0.0177896778706093 0.05330681333545435
0 0.37642841509339015 0.7868214840467707 0.13561384783255326 0.07029541335136287
0 0.34766810923844077 0.5217686487109979 0.17493101581733086 0.07699994668999892
0 0.24596764087310236 0.6705141366963623 0.12814885771838497 0.11706132535009015
0 0.0863870524320893 0.6444499813414997 0.10652852570316254 0.12305678668045399
0 0.06367511121560712 0.5278346460057269 0.08940469269935691 0.12441929201145392
0 0.041729832546695066 0.39170624200349985 0.054427514828747615 0.07091248400699968
0 0.15731897634836592 0.679634050684272 0.05334517589344294 0.044349984006999674
0 0.37062278958050804 0.5868487560470887 0.1256313527754691 0.09360564401654478
0 0.5682604294278462 0.8569901754057694 0.060168178859192525 0.05848520934118149
0 0.30503759885831744 0.4720771840388164 0.07228617688202607 0.04925566000954511
0 0.3401978019377977 0.6450606980426343 0.10244852076024671 0.09958292401336308
0 0.4550388933445603 0.6846600947246791 0.12390702669174569 0.1279442813494537
0 0.5214690010629452 0.8010032573997243 0.12757585475263547 0.10299882535009033
0 0.4650306586675995 0.7573981607256337 0.07104201186299797 0.05704997867599957
0 0.6521433395039583 0.8267310580839962 0.1484268656270503 0.1547795013526354
0 0.5638117154739509 0.6328259694064057 0.13410969764227296 0.1483658693507266
0 0.051982947147981205 0.14506759933959062 0.09861786661563354 0.15888519867918122
0 0.14510820604522978 0.18831870735199913 0.16111786661563351 0.15961245202099902
0 0.3020638601898429 0.13079820337363451 0.11185269566510651 0.13873633068109026
0 0.27241480536065776 0.26554537336886197 0.11823534684397004 0.06540791868236298
0 0.1349917653230392 0.07419257268459009 0.07234984387822055 0.05081816000954502