0 0.47332893657189173 0.115625 0.0993283551898024 0.153125
0 0.5736152828828998 0.16484375 0.11763292759490121 0.0765625
0 0.8831089784317818 0.31953125 0.05227154800821019 0.121875
0 0.8797198371376258 0.13984375 0.04569429508134384 0.065625
0 0.8799193041565303 0.03984375 0.06113748789975162 0.034375
0 0.8235612616092691 0.28984375 0.060147680521767555 0.1328125
0 0.5524993278660478 0.2953125 0.0634999394987581 0.171875
0 0.6955311894987579 0.171875 0.11161927693097126 0.1171875
0 0.6548783975406719 0.0328125 0.11594316256778647 0.0546875
0 0.5321585150271146 0.021875 0.11744203005422929 0.04375
0 0.39459942769309714 0.01171875 0.061073855386194253 0.0234375
0 0.6973431534926003 0.08046875 0.042478391490547905 0.05
0 0.6205544362773041 0.31015625 0.08661927693097127 0.1171875
0 0.9105805143397436 0.47578125 0.05344316256778683 0.0546875
0 0.49915615924813694 0.2578125 0.04573065651766228 0.071875
0 0.6773629724798534 0.271875 0.09429542154477702 0.09375
0 0.7272271379745063 0.3828125 0.12410109621281222 0.1140625
0 0.8501879150036735 0.43515625 0.0960033672900508 0.11875
0 0.8014504331540462 0.38359375 0.051944295081343836 0.065625
0 0.8868799148072817 0.56484375 0.14765677088084744 0.134375
0 0.6833822100850175 0.50078125 0.1428965480082102 0.121875
0 0.1432232800542293 0.04375 0.15207156010845863 0.0875
0 0.1976476805217675 0.1328125 0.15085449375348406 0.146875
0 0.15252205376374678 0.29921875 0.13494769262201595 0.0984375
0 0.2874010478118184 0.2515625 0.05535109621281205 0.1140625
0 0.06328631606038693 0.13515625 0.0816590661585828 0.0703125