0 0.50546875 0.13426991460125515 0.115625 0.15851032092583345
0 0.421875 0.19988210608141851 0.11875 0.09146837014004516
0 0.16328125 0.40489505355743793 0.065625 0.11868153349844608
0 0.13671875 0.2397259718782375 0.05 0.06951628742738744
0 0.11640625 0.13832829177061362 0.065625 0.06243153349844599
0 0.10078125 0.09374353784167219 0.0546875 0.04160961124870499
0 0.21328125 0.36506626613005044 0.075 0.1331806811410811
0 0.46328125 0.3135785789931133 0.084375 0.16799232878371625
0 0.3109375 0.23161160318593438 0.1171875 0.1288955955329393
0 0.31875 0.06718523015040509 0.125 0.1245719685684686
0 0.42734375 0.046990508272167615 0.1265625 0.09398101654433523
0 0.55 0.020096214434639388 0.075 0.040192428869278776
0 0.29375 0.1480371238640988 0.0453125 0.05367296360606986
0 0.40234375 0.3414167886702417 0.0953125 0.1247517510334573
0 0.1640625 0.551733666253885 0.0578125 0.06050516046291676
0 0.50625 0.26860852729770224 0.0515625 0.07271406203449331
0 0.34453125 0.31832819913315846 0.0984375 0.10302230024766904
0 0.3171875 0.429758004757511 0.128125 0.12940501778268043
0 0.21328125 0.5025662661300505 0.1046875 0.12831339867609248
0 0.24921875 0.4454237001666158 0.05625 0.07136988585581072
0 0.20078125 0.6289297129868974 0.1546875 0.15251718610347992
0 0.37734375 0.5285186823839354 0.146875 0.1365283130679506
0 0.79140625 0.027938639579864512 0.1578125 0.055877279159729024
0 0.7625 0.09339224173234159 0.1578125 0.16360023531769158
0 0.83203125 0.23624752171613092 0.1359375 0.11570639081820958
0 0.70078125 0.21892308871302296 0.0671875 0.11406680810555185
0 0.884375 0.06896582237808471 0.078125 0.07863873035529287