0 0.82890625 0.415625 0.134375 0.08125
0 0.78984375 0.51015625 0.06171875 0.10390625
0 0.66875 0.80234375 0.1078125 0.040625
0 0.8328125 0.78828125 0.0578125 0.03671875
0 0.93515625 0.7828125 0.04609375 0.05546875
0 0.98359375 0.7890625 0.03046875 0.0484375
0 0.6921875 0.7453125 0.11875 0.04609375
0 0.6703125 0.4984375 0.15390625 0.04765625
0 0.79140625 0.621875 0.1015625 0.09375
0 0.9453125 0.5765625 0.09609375 0.10234375
0 0.95078125 0.46484375 0.0984375 0.1046875
0 0.95234375 0.33984375 0.08125 0.05546875
0 0.87578125 0.61796875 0.04375 0.03515625
0 0.6609375 0.56171875 0.10390625 0.07109375
0 0.52734375 0.8359375 0.04765625 0.04609375
0 0.70078125 0.44765625 0.06171875 0.03671875
0 0.69921875 0.6109375 0.08046875 0.08046875
0 0.6015625 0.66328125 0.09765625 0.10546875
0 0.5609375 0.778125 0.10390625 0.08046875
0 0.60546875 0.73125 0.0578125 0.04375
0 0.44453125 0.81953125 0.11484375 0.12734375
0 0.490625 0.63046875 0.10234375 0.12265625
0 0.89609375 0.109375 0.1125 0.13125
0 0.79609375 0.16484375 0.1265625 0.1296875
0 0.640625 0.13359375 0.08125 0.1171875
0 0.69296875 0.253125 0.1015625 0.04375
0 0.7859375 0.03984375 0.059375 0.0796875