0 0.6597009097045325 0.8924445967712844 0.11525952090551303 0.15963617328319835
0 0.5526395676252752 0.8601885607916391 0.1233912683452644 0.08521837014004525
0 0.2211172808641594 0.7598224179065148 0.06638240514873237 0.12307793507002245
0 0.2694546122788987 0.9342616457806084 0.0507882262518895 0.06937073821317555
0 0.2853995887425497 0.7799572894943021 0.07492294724210717 0.13594180810555195
0 0.5397083861681835 0.7318088496667685 0.08179457352223149 0.17366013192686952
0 0.43576288076533737 0.8734440779551468 0.1211609104104042 0.12718754631872747
0 0.5099122832832338 0.9842059877988909 0.11853716837349922 0.031588024402218196
0 0.6276080174982182 0.9822475355653605 0.12064569994353036 0.03550492886927899
0 0.7627719727740075 0.9829068151348652 0.06670165258848364 0.03418636973026956
0 0.45809217804979685 0.9625258486333113 0.04675317363517095 0.05360018899896417
0 0.47091288353734767 0.7278255169541108 0.09606990514873245 0.12446065260503385
0 0.1549322967903493 0.6133797574435981 0.059526189420186525 0.0588698858558109
0 0.5997127177240972 0.7587566474332382 0.05253273677523325 0.07256851282028158
0 0.42764029664917497 0.774116166044488 0.10251732622365459 0.10138702564056316
0 0.35251222305635627 0.6747839460282773 0.13182539462538861 0.1230094685684687
0 0.22293113886960664 0.643816428245597 0.1070984104104042 0.1265325748547749
0 0.2822375204114029 0.6855352014049608 0.05869173151356133 0.07129711124870504
0 0.154341491613382 0.5229730812649157 0.1596619682887946 0.1461216368892682
0 0.3641183100151161 0.5530009913135476 0.15268392619541976 0.13333053846084475
0 0.9573916259271886 0.9278578277457499 0.08521674814562274 0.14056084160399784
0 0.9172334176676274 0.8327593434615155 0.1652595209055132 0.1619649607105856
0 0.9175155967762318 0.6637011284077036 0.142034852532014 0.11101889081820956
0 0.8022615940748088 0.7315713709641055 0.06758088410204514 0.11690070967712848
0 0.9999739680770331 0.8065307913518197 0.00005206384593385849 0.07696491439185812