0 0.40012914010517286 0.8433584482319795 0.08597648043270852 0.1378649823325695
0 0.4963508298846868 0.8065143712939935 0.10770470364722229 0.06497299620027804
0 0.7960988695879507 0.6899867136182992 0.04317073138263901 0.11032055737069442
0 0.7781450373316312 0.8568469052976742 0.03888196846486114 0.06024782218833309
0 0.7702760263137145 0.9598446187285423 0.057341027735416716 0.04818423328249999
0 0.773890682373888 0.9964827950215976 0.050581881458888846 0.007034409956804666
0 0.7377226719246522 0.7128598627446187 0.04967530452090294 0.12140352773541671
0 0.48825000199677027 0.6843847981557296 0.05207425911805572 0.1573773953265974
0 0.6103769622935064 0.8107317054501741 0.09615026101791671 0.10530705547083344
0 0.5599197545622214 0.9561643067051044 0.10701502583555556 0.0876713865897912
0 0.44654758558427005 0.9587431396270141 0.10839568787965277 0.08251372074597185
0 0.31755041660631866 0.9614401672202606 0.058213849923750074 0.07711966555947888
0 0.6044886785741659 0.8957970364722228 0.03695579255305557 0.04458645459715278
0 0.5525307075438536 0.6765008693941323 0.07434799620027785 0.10792290919430556
0 0.8338015041809719 0.5478180506242716 0.048002395326597024 0.049528527735416716
0 0.4351789001731591 0.714416483851181 0.03895470364722229 0.06337282218833344
0 0.6016215177643397 0.7167271323119102 0.08314111474138901 0.08314111474138901
0 0.657055859804305 0.6187448804120492 0.10857752583555573 0.10247299620027786
0 0.7744258509705898 0.5800480159550008 0.08372299620027786 0.10814111474138884
0 0.7257149408263537 0.6242513044239937 0.04513196846486114 0.06039329255305557
0 0.8193591041047219 0.46306119091687564 0.1308162017473613 0.11860714247680555
0 0.6260805763693051 0.5054629772016672 0.1274002610179167 0.10603440729444458
0 0.08760964988881868 0.9040900475870487 0.13702983415618067 0.11719011284152785
0 0.1462053595199646 0.8046180308695486 0.13423214247680565 0.13117987765916653
0 0.11784723622920086 0.6460599952503474 0.1206774823325695 0.08557643692972228
0 0.23848573812906187 0.7020216673624308 0.04615026101791671 0.10414329255305557
0 0.02906239224091982 0.7899535059839236 0.05812478448183964 0.06268314437666689