0 0.470136540937535 0.27835311225890125 0.05130923328249999 0.05799603847458741
0 0.5449378256068058 0.334382368249351 0.0511273953265972 0.05018353847458741
0 0.6234238886770835 0.21279505572814653 0.062173998100139016 0.055252984390903405
0 0.8959593842117712 0.5340152581830665 0.062173998100139016 0.055252984390903495
0 0.9474316184442019 0.5619294378573136 0.04302395459715278 0.037410719962933034
0 0.39841419661645894 0.6569443929289404 0.09135365824437507 0.10154763103285873
0 0.38168586397888965 0.9124230666127378 0.11391964247680572 0.1319990228654909
0 0.6761989301832994 0.9013565587233714 0.12013327488562506 0.13065477767481432
0 0.6578470140551396 0.8183357275978456 0.05461607123840295 0.06591766587924894
0 0.8827346452296879 0.637685895206375 0.12474803970326391 0.12769346878180682
0 0.8390229724520145 0.7416392744251353 0.09327983415618064 0.11722719473518968
0 0.9120792659550006 0.7562895622667505 0.06301045269729144 0.09119048439090349
0 0.9713432035503132 0.6486655460246817 0.053890025835555376 0.10180060217691818
0 0.6296953385245837 0.38146321017465024 0.0674070119678472 0.07885417549789597
0 1 0.18637109062499999 0.8717489203125 0.3197755453125 0.6805237578125001 0.5432665531249999 0.4913735703125 0.7670841734375 0.351375840625 0.9645758390625 0.410513571875 0.9739634421875 0.530659078125 0.798918846875 0.7996333875 0.48111383593749996 1 0.19989325625 1 0.18637109062499999
0 1 0.28270206249999996 0.8771106906249999 0.4635492265625 0.9478349609375 0.49823924999999997 1 0.4629012390625 1 0.28270206249999996
0 0.8431538540078126 0.14648054184833043 0.22489612290951405 0.27170141832631983