0 0.3545739308488895 0.7039362587125888 0.046476262917777865 0.05052725867281786
0 0.4380942924561464 0.6681993007240428 0.04785692496187508 0.04273294000636341
0 0.4865525890932645 0.8038828093968607 0.05581489532659738 0.049073846674090406
0 0.8208139138470489 0.5679934994429949 0.055814895326597024 0.04907384667409058
0 0.8774996717308337 0.5538133681174037 0.039789851823611146 0.03170453333863606
0 0.3715542237831947 0.32611125071608865 0.08179682028847228 0.09155224801081766
0 0.41328255642076395 0.0719782813892247 0.10469011284152785 0.13555678668045393
0 0.693498692913646 0.16505830876031385 0.10894120174736113 0.11686133068109025
0 0.6577261534947224 0.23884070675522323 0.04981946846486114 0.05993862133990877
0 0.8317312704203129 0.46658554077813125 0.11351959897381966 0.11222837468172653
0 0.8135423552420835 0.3562474774426768 0.08059799620027804 0.10715906667727229
0 0.8878520242200351 0.3610173407860854 0.05352634992375016 0.08497498400699968
0 0.9296057259673962 0.47709687412472157 0.06322865824437507 0.0991465720082724
0 0.5320800285884381 0.6458617714035422 0.05944904160312507 0.0709852093411815
0 0.3159159407294444 0.01617262937617985 0.08183188145888884 0.025945429344363124
0 0.38843780625 0.0045198828125 0.48558495781250005 0.2454088890625 0.6163977671875001 0.504790428125 0.7492766171875 0.7643790421875 0.8690812187500001 0.968827065625 0.7166435124999999 0.5934035640624999 0.5305198953125 0.22500205156250003 0.445670378125 0.00518584375 0.38843780625 0.0045198828125
0 0.9821575078125001 1 0.986770346875 0.9282370562500001 0.97082943125 0.8401403171874999 0.9306803359375 0.6891299484375 0.8628002968749999 0.6140755328124999 0.7870367453125 0.6293596906250001 0.9025554343750001 0.932791540625 0.9384399515625 1 0.9821575078125001 1
0 0.6817761297464591 0.8985942307049527 0.19862325721819457 0.20281153859009465