0 0.3750480561996337 0.6775285397185907 0.044040891490547726 0.05025453005422946
0 0.4528867098886257 0.62785527176461 0.047120439695149584 0.042460210772388506
0 0.5184667789740748 0.7540405218628058 0.05496021077238851 0.04719316256778665
0 0.8159947221852659 0.46167471809905897 0.05496021077238851 0.04719316256778665
0 0.8689833667990715 0.437928145890352 0.03924430718159257 0.03147725897699054
0 0.339258984481906 0.3003802324388026 0.07864315046753827 0.0895170179539809
0 0.3464300932859459 0.05579898546386467 0.09591246369925477 0.10367951190385669
0 0.6341073552879984 0.08459510939321502 0.10535109621281205 0.11467155405833437
0 0.6087851684215192 0.16365135031802872 0.04722043364502539 0.05964771077238851
0 0.8122743036655509 0.3593491488172182 0.1084488251355733 0.1100022347764936
0 0.7780669544276767 0.25407584153742996 0.07717155405833438 0.1051329275949012
0 0.8522357074527388 0.24505029948114815 0.05205337939029917 0.08467498184962743
0 0.9106754422292326 0.3525264561952023 0.059938602262936055 0.09722043364502549
0 0.5409452460911751 0.5890604164766116 0.05664997579950324 0.06907725292686635
0 0.60540173125 0.4347834 0.7724563203125 0.6689069703125 0.918952334375 0.8506671953125 0.7164990765625 0.5051695078125 0.4818376984375 0.17248093125 0.3873143953125 0.004408403125 0.3287278125 0.008847828125 0.4404113578125 0.20050610781249997 0.60540173125 0.4347834
0 1 0.7024949703125001 0.9406891265624999 0.5628369375 0.8633651765625 0.5002628546875 0.790854446875 0.5285676046875001 0.94691174375 0.8091476249999999 1 0.8808150687499999 1 0.7024949703125001
0 0.731462203543914 0.8379604830279778 0.19052604781181834 0.25266243344863354