0 0.31096602906659687 0.40528967337681615 0.05105466014423614 0.04589430267345414
0 0.3488277453472565 0.490909547382225 0.04324216014423614 0.04580339600572714
0 0.21172648242947872 0.5393277713637714 0.0481478656913195 0.055232940006363404
0 0.4616472151432979 0.8813901913987697 0.0481478656913195 0.055232940006363404
0 0.47670786426961725 0.9393935954009969 0.03215918977951393 0.0394261266709087
0 0.6973938383371524 0.42228955342931374 0.09247974715020835 0.08074201734563573
0 0.9394715823532287 0.4633980007956304 0.10221842306201409 0.09647610534690845
0 0.8710430117804162 0.7509610881205854 0.11653549620027803 0.10757723734881744
0 0.7937544663775687 0.7141145214433131 0.05890352773541672 0.047547709341181486
0 0.5653352595962146 0.8919742500795419 0.11344686379145834 0.1091033746817267
0 0.6767273544859714 0.8737338747612684 0.1064695119678472 0.07778064934754489
0 0.6741822763137144 0.9495060340944956 0.08401263050895835 0.052526110677908376
0 0.5545958217165617 0.9804163953691802 0.09949216014423605 0.039167209261639614
0 0.37397125608083287 0.5857589707192703 0.07318423328249998 0.0570863413430903
0 0.989688609375 0.45465540468750004 0.782594496875 0.5388847265625001 0.5204274375 0.67254539375 0.25809776093750003 0.8083170796875001 0.0518514359375 0.930729884375 0.432184621875 0.7749735359375001 0.8045345953125 0.5847979203125 0.9883241140625 0.5132797109375 0.989688609375 0.45465540468750004
0 0.0895029 0.9649328484374999 0.061794510937500005 0.9798990468750001 0.327219709375 0.9969186546875 0.3393744484375 0.9936700437500001 0.4145203640625 0.9243122234375001 0.397085871875 0.8468992640625 0.0895029 0.9649328484374999
0 0.11124009242121499 0.7420067813494537 0.22248018484242998 0.19338856269890758