0 0.378125 0.7241539361973113 0.05 0.05770485141192587
0 0.46953125 0.6910255359598843 0.05 0.048329851411925875
0 0.50234375 0.832258289720808 0.059375 0.053290136051661816
0 0.87265625 0.6058582964512326 0.059375 0.053290136051661816
0 0.93125 0.593997142452882 0.0421875 0.03716503087881229
0 0.4390625 0.3380058360390266 0.0890625 0.10102895407749282
0 0.5140625 0.07500286543308857 0.115625 0.15000573086617713
0 0.7875 0.1872423402621687 0.1171875 0.1284098079967011
0 0.7421875 0.26199829935422647 0.053125 0.06404577962517113
0 0.89453125 0.5028780489585151 0.1203125 0.12537573620994635
0 0.8875 0.38980138743831716 0.0890625 0.11665395407749282
0 0.9640625 0.3977298962138057 0.0609375 0.09083560015828454
0 0.97890625 0.5176104872008903 0.0421875 0.10279003087881229
0 0.56640625 0.6718005113492781 0.0640625 0.07842652837152997
0 0.4203125 0.017200557205278265 0.090625 0.03440111441055653
0 0.4904027796875 0 0.565086365625 0.2600582578125 0.6697545093749999 0.5322368359375 0.776516934375 0.8047265578125 0.8553386171874999 0.9751121875000001 0.86303886875 0.974888134375 0.7624591609375 0.6278800343750001 0.613460759375 0.241287040625 0.5482088671875001 0 0.4904027796875 0
0 0.8305364031250001 0.6681105828125 0.9115490093749999 0.9734766328125 0.919549815625 0.9732438328124999 0.9629718328125 0.725721884375 0.9099301421874999 0.6560662265625 0.8305364031250001 0.6681105828125
0 0.69609375 0.9047457404995957 0.2078125 0.15604672618081636