0 0.43171088729313817 0.2859653758562149 0.04745680267345413 0.05109102773541672
0 0.49826204061904766 0.339089069435451 0.04740225867281787 0.046403527735416714
0 0.5745347339672288 0.22796842505878426 0.05525112133990895 0.0497103656913195
0 0.8163018739258672 0.5269462132434368 0.055251121339908595 0.0497103656913195
0 0.8636399505888217 0.5531807517124299 0.039462489337999784 0.03528418977951393
0 0.35344679057927675 0.6353490864372914 0.08386701734563573 0.09255248233256949
0 0.32704573321136926 0.8905821003049997 0.11112040802036267 0.152545731382639
0 0.60150084054746 0.863887088052812 0.10915791868236298 0.1181343637914587
0 0.5883383165579595 0.7868706463734371 0.05069089067472685 0.060538762917777864
0 0.801130312579595 0.6225860215640618 0.11382723734881743 0.11668096656500015
0 0.7570706825668683 0.7173361303215271 0.0840306493475449 0.1066149823325695
0 0.824848528564641 0.7321603901051729 0.058776110677908736 0.08415810087368066
0 0.8915644085773679 0.6368829512755896 0.066734061346272 0.09683993882958344
0 0.5766319412794569 0.38334625608083284 0.06019316000954511 0.07169446846486113
0 0.2220036972072331 0.9234874789140971 0.08361247867599957 0.0706774823325695
0 0.7294614046875 0.477158125 0.9595279874999999 0.171604728125 0.8012340437500001 0.3288583875 0.617505509375 0.533305778125 0.4356818859375 0.73807726875 0.269274028125 0.9601670203125 0.32439836718750004 0.9696204546875 0.47092063125 0.7679147546875 0.7294614046875 0.477158125
0 0.801548275 0.461761796875 0.8657166046875 0.4945757109375 0.9452671359375 0.44278698906249997 0.995597375 0.35508546406249997 0.99746288125 0.1947642546875 0.9806006828125 0.21289090625 0.801548275 0.461761796875
0 0.7837830119748649 0.1668633516361799 0.20605219470081657 0.2562902868534724