0 0.3140625 0.39609375 0.04453125 0.03828125
0 0.3546875 0.471875 0.03671875 0.040625
0 0.23359375 0.52421875 0.040625 0.0484375
0 0.48359375 0.8203125 0.040625 0.0484375
0 0.5015625 0.87109375 0.0265625 0.034375
0 0.66640625 0.3890625 0.07890625 0.0671875
0 0.9171875 0.4140625 0.134375 0.0828125
0 0.84609375 0.678125 0.1 0.090625
0 0.77421875 0.64921875 0.0515625 0.040625
0 0.57890625 0.82421875 0.09609375 0.09453125
0 0.67890625 0.8 0.0921875 0.065625
0 0.68203125 0.86953125 0.075 0.0421875
0 0.578125 0.915625 0.08671875 0.05
0 0.384375 0.55703125 0.06171875 0.0484375
0 0.96953125 0.31953125 0.05546875 0.0734375
0 0.9974999999999999 0.4269225 0.9974999999999999 0.371155 0.7519224999999999 0.490385 0.5230775000000001 0.6269224999999999 0.29423 0.765385 0.115385 0.8884624999999999 0.45 0.725 0.775 0.53077 0.9974999999999999 0.4269225
0 0.15192250000000002 0.9173075 0.0480775 0.9826925 0.044230000000000005 0.9961550000000001 0.153845 0.9974999999999999 0.24423 0.975 0.38077 0.9288449999999999 0.44423 0.8615375000000001 0.42307750000000005 0.7923074999999999 0.15192250000000002 0.9173075
0 0.140625 0.715625 0.2234375 0.16171875