0 0.7057676953125 0.8051095546875 0.718979021875 0.8329459640625 0.727817828125 0.787717009375 0.7200082890624999 0.6701478375 0.7111756421875 0.5347548359375 0.69746185625 0.42468729843749997 0.675712221875 0.29720865 0.6781794484375 0.245203209375 0.6609588750000001 0.1353393734375 0.63331721875 0.029497223437499998 0.61432824375 0.028612798437499996 0.6216005625000001 0.053605807812499996 0.6500876796874999 0.1788987296875 0.6613021640625 0.27302120625000004 0.667514159375 0.335245740625 0.68735496875 0.5182753859375 0.69662466875 0.5999905359375 0.6999905390625 0.6892099796875 0.7057676953125 0.8051095546875
0 0.70191826875 1 0.703615065625 0.93533615 0.6954542609375001 0.8070577625 0.6912513484375 0.7040299296875 0.684912215625 0.621246359375 0.678703796875 0.5223602656249999 0.6607115390625 0.3906367765625 0.6465751015625 0.2157668046875 0.6318626859375 0.1388409703125 0.608150315625 0.02832505625 0.58318603125 0.0271623265625 0.589661409375 0.0474380953125 0.6153366640625 0.1773681828125 0.6374011187499999 0.4282220328125 0.667797975 0.732234946875 0.6801127421875 0.8616100984375 0.676673540625 0.9074145343750001 0.685567228125 1 0.70191826875 1
0 0.7055796859375 0.9902112093750001 0.7367282937499999 0.985695559375 0.7573635015625 0.7108689421875 0.762293690625 0.454402678125 0.7458004859375 0.272965225 0.74479981875 0.20730354375 0.718637228125 0.033471067187499995 0.65394158125 0.030457818749999997 0.67533023125 0.1282353734375 0.6905490999999999 0.2507334296875 0.6956383734375 0.3255431390625 0.7233027234375 0.561313821875 0.7300829531249999 0.6977208765625 0.733089125 0.7592408203125001 0.7167305296875 0.8581138078125001 0.7055796859375 0.9902112093750001
0 0.6790369218750001 1 0.6793406890625 0.9837080281249999 0.6668298484374999 0.8784866671874999 0.6667400156250001 0.8355723953125 0.656222446875 0.7007265296875 0.6298733125 0.46487844218749996 0.6170643296875 0.3154138328125 0.5981612375 0.1609429328125 0.57373831875 0.026722292187500003 0.5570910718750001 0.025946934375 0.5632263375 0.06508870312500001 0.5871043968749999 0.20048950625 0.6037160781249999 0.3403416640625 0.61484634375 0.45369169375 0.6305185453125 0.6552960046875 0.642767953125 0.7927224203125001 0.6625818812500001 0.96994073125 0.6611974640625 1 0.6790369218750001 1
0 0.64165233125 1 0.6354851703125 0.9071561062500001 0.6255149328125 0.758865665625 0.6081517765625 0.4956640078125 0.5677151546875 0.1868770171875 0.5447529906249999 0.025372278124999998 0.525488803125 0.024475034375 0.5594194640625 0.2101662546875 0.5816799921875 0.436866315625 0.6100182234375 0.778554996875 0.6186610046875 0.9014400734375 0.622471478125 1 0.64165233125 1
0 0.61045590625 1 0.5951873296875 0.7432144578125001 0.57666414375 0.5149532109375 0.5470474078125 0.24979023437499998 0.5153702078125 0.024003753125 0.49684650937499997 0.023140998437499997 0.5337645140625 0.2666668015625 0.5490854546875 0.457561896875 0.5702635484374999 0.736633871875 0.5803645000000001 0.8688217859374999 0.5880704984375 1 0.61045590625 1
0 0.5767343031250001 1 0.5680455609374999 0.8749117312499999 0.5577118249999999 0.6904293078125 0.5221603375 0.31965794999999997 0.48826196718750003 0.0227411671875 0.47416679375 0.0220846734375 0.4785826578125 0.10091864218749999 0.4983843484375 0.2526541859375 0.5158782203125 0.499753315625 0.53906181875 0.7746835515625 0.5473369296875 0.9968417468749999 0.5475613984375001 1 0.5767343031250001 1
0 0.5375131750000001 1 0.5270819078125 0.7659999484375 0.51004136875 0.598007071875 0.48461947656250004 0.2749240625 0.468334584375 0.09481558749999999 0.4593052703125 0.0229202328125 0.44722170781250004 0.023631382812499997 0.4600511296875 0.14358759375000002 0.46952715156249997 0.2717885765625 0.49438946875 0.58283339375 0.5125449843750001 0.9103677578125 0.515129228125 1 0.5375131750000001 1
0 0.510393790625 1 0.502064125 0.8519701906250001 0.48532589687499994 0.5927554625 0.46030838906250005 0.24684763906249998 0.43792972968750005 0.024178240625 0.42384005625 0.025007456249999997 0.4459594703125 0.2061137890625 0.45383436875000005 0.31563169687500003 0.461018978125 0.42921393906249994 0.466483990625 0.5656983984374999 0.4829363125 0.806152646875 0.490587525 1 0.510393790625 1
0 0.4780453234375 1 0.4735459515625 0.856331034375 0.456938440625 0.581013778125 0.433938675 0.256446984375 0.41903795468749994 0.025290071874999997 0.40717019375 0.025988520312500003 0.429012659375 0.37744815 0.438888890625 0.61828941875 0.453490896875 0.8977484125 0.4546272390625 1 0.4780453234375 1
0 0.44011511406250003 1 0.43405270468749996 0.7822048546875 0.41981419999999997 0.5389378453125 0.40929245625000005 0.5395570765625 0.41080764375 0.8117388468750001 0.41263069531249996 1 0.44011511406250003 1
0 0.3440995171875 1 0.35373041562499996 0.87947733125 0.3514309390625 0.703910721875 0.3558382671875 0.511854565625 0.3538246953125 0.3550484375 0.3461417 0.3568418375 0.335550428125 0.5009774328125001 0.33086943281250003 0.6997558781250001 0.32542055468750003 0.8851671515625 0.31941068125 1 0.3440995171875 1
0 0.083603271875 0.88363921875 0.085454628125 0.810768196875 0.10029386874999999 0.5751785390624999 0.17469396406249998 0.0396703671875 0.150528853125 0.0410925484375 0.07315627031250001 0.5714107109375 0.0633213125 0.7542443609375 0.083603271875 0.88363921875
0 0.1213547328125 1 0.12880786875 0.7062827953124999 0.1537522296875 0.4674159484375 0.1973465953125 0.1442948578125 0.2159133171875 0.037244496875 0.192323175 0.0386328390625 0.13702206875 0.369149084375 0.1044967796875 0.67820636875 0.093550075 0.9470978484374999 0.1018422078125 1 0.1213547328125 1
0 0.035119109375 0.57431991875 0.0538940921875 0.6941005765625 0.055678531249999996 0.6462073140625 0.07980188906249999 0.42750732812500003 0.1192014078125 0.1623062703125 0.1373152078125 0.04187020625 0.104647025 0.043792815624999995 0.057978284375 0.38989585625 0.035119109375 0.57431991875
0 0.16472207187500001 1 0.1711929796875 0.7480491109375 0.197154415625 0.46486161406250004 0.22768643593750001 0.1854288328125 0.24920533906250003 0.035285175 0.226656725 0.0366122203125 0.1908970484375 0.26404445 0.1698738671875 0.4517135484375 0.1469881328125 0.652904625 0.1391702484375 0.8062656531249999 0.13093635312500002 1 0.16472207187500001 1
0 0.027577178125 0.52620389375 0.0315908578125 0.551810378125 0.038364325 0.48493672343750005 0.06243456093750001 0.2997707703125 0.10050980624999999 0.044036301562500005 0.0795556984375 0.04526950625 0.041052051562500004 0.31578278593750003 0.022723228125 0.43358501250000003 0.027577178125 0.52620389375
0 0.1942954390625 1 0.1998908171875 0.8295168109375 0.204869953125 0.6749816140625 0.24061389531250002 0.2933081484375 0.27312463125 0.033877459375 0.260764290625 0.0346048984375 0.239927778125 0.1619073828125 0.21827966718749997 0.345589553125 0.19321682812500002 0.6260416921874999 0.17725844531249998 0.8375549671875 0.181175453125 0.92182231875 0.1756494390625 1 0.1942954390625 1
0 0.2190943484375 1 0.2279147734375 0.805066509375 0.245188371875 0.5934758328124999 0.26876856718750003 0.252755321875 0.28911370000000003 0.094633325 0.272015865625 0.0956395765625 0.26500675 0.20335097812499997 0.23928226874999997 0.40336788593749995 0.2272817765625 0.6401317125 0.21335754375 0.763003684375 0.21043703281249998 0.8798631125 0.2053680625 0.9914840359375001 0.20495664374999997 1 0.2190943484375 1
0 0.253381321875 1 0.25818925625 0.8542517515625001 0.26609697187500003 0.74380499375 0.2744090703125 0.6105334234375001 0.27884087343749997 0.4694428015625 0.3048921390625 0.22916957500000001 0.3210655109375 0.0310560109375 0.3060948515625 0.031937074999999995 0.2865322125 0.1967192015625 0.2757979875 0.33147455625 0.25633504687499997 0.5968435296875 0.2369661078125 0.7696616749999999 0.2427823796875 0.9168553515625 0.236430653125 1 0.253381321875 1
0 0.280894953125 1 0.28459568125 0.9211007062500001 0.2913597765625 0.73561203125 0.298082990625 0.60914015 0.31135781875 0.4313157140625 0.31787272031249997 0.303514859375 0.3317847171875 0.155160121875 0.3256783671875 0.12467106406249999 0.3032092515625 0.3285200953125 0.28028549375 0.7157696921875 0.2655937203125 1 0.280894953125 1
0 0.3050344234375 1 0.30553292656250003 0.9869303046875 0.30892317812500003 0.8391947999999999 0.32564944375 0.641048696875 0.32591504531250004 0.4733785421875 0.334958315625 0.277025840625 0.3498709765625 0.1943327828125 0.3389203765625 0.1668112953125 0.322104278125 0.322043128125 0.31625101875 0.5302792171874999 0.29487240312499996 0.842704196875 0.2908068265625 1 0.3050344234375 1
0 0.41052025667026226 0.4126885144729114 0.029926517412854636 0.03568494292790554
0 0.3137492345077094 0.6778340173683957 0.034034163274411534 0.054580492142117264
0 0.2472821087725404 0.7628040227450791 0.024829581637205767 0.02765411910658777
0 0.32672178878243796 0.40488882299274803 0.029101001809022264 0.04967466832079968
0 0.17499659373453508 0.5731742884608447 0.03321529172311406 0.03895549214211709
0 0.17445103912112223 0.622247489246633 0.03617651741285455 0.035976041356328814
0 0.3379048660086296 0.9603019150110306 0.03148901741285455 0.03575771753501158
0 0.3066482219560949 0.9853093383989275 0.02992651741285455 0.029381323202144927
0 0.08090575700894662 0.6217872628202816 0.032887743102595034 0.032705492142117085
0 0.05278407903521397 0.6056699571959291 0.03222600180902231 0.04982021753501122
0 0.054623217999366036 0.6556335698923761 0.017344630257724793 0.033540246071058634
0 0.1607503872666714 0.6582384931755744 0.03642217887824382 0.04066354135632899
0 0.20079993441685237 0.8424700980141386 0.03009029172311406 0.03880994292790554
0 0.29040134497773046 0.8271597752262785 0.03009029172311406 0.03880994292790518