0 0.2143450609375 0.7058642625 0.260293503125 0.714960653125 0.37775689375 0.707843565625 0.5130384015625 0.699808228125 0.6225959421875 0.6867474687499999 0.7491073671875 0.6657585234375001 0.801446115625 0.6685276453125 0.9105741796875 0.651961515625 0.9887698125 0.63174093125 0.9890912484375001 0.6133258734375 0.8661704984374999 0.640844 0.7724512296875 0.6515004390625 0.710416109375 0.657344403125 0.5280442984375 0.6761015031250001 0.4466492625 0.6848870687499999 0.357345740625 0.6877293640625 0.241427109375 0.6928253296875 0.2143450609375 0.7058642625
0 0.11062426875 0.689913728125 0.238810353125 0.6825081843749999 0.34191499062499997 0.678910115625 0.4245701421875 0.6730591796875001 0.52339038125 0.66743290625 0.6544021 0.6502233359375 0.8289529375000001 0.6371187093749999 0.9051931921874999 0.6228665015625 0.9892338796875 0.60515455625 0.9896360859375 0.5821121703125 0.8654756125 0.60612775 0.6151941703125 0.6267107281250001 0.3121096796875 0.6553094453125 0.1830897734375 0.6668594624999999 0.1369105 0.6631553015625 0.027853821875 0.67301410625 0.0377192984375 0.687588053125 0.11062426875 0.689913728125
0 0.055690715625 0.6915564 0.062220909375 0.7227082296875 0.33929654375 0.7449331875 0.5969419984375001 0.7513575671875 0.7779311343749999 0.7359362843749999 0.843749465625 0.73531985 0.9873264015625001 0.71443395 0.9884274796874999 0.6513531796875001 0.918624540625 0.6663636796875 0.79669126875 0.6808558062500001 0.7219565734375 0.6855043796875 0.4871684796875 0.7117711828125 0.3507377671875 0.7177497046875 0.2892038359375 0.7203943453125 0.1889482296875 0.7034704546875 0.055690715625 0.6915564
0 0.004247012499999999 0.6451517546875001 0.006578228125 0.6640605500000001 0.060531557812500005 0.6653748859374999 0.16530383906249999 0.6534878749999999 0.208356703125 0.65364874375 0.3429810859375 0.643926540625 0.5779312625 0.618974428125 0.7270764828125 0.6070478953125 0.88085366875 0.58906101875 0.989852428125 0.5697179828125 0.990155078125 0.5523791109375 0.9747879609375 0.5547119078125 0.8404643515625001 0.5777814296875 0.7012080046875 0.593563978125 0.5881910984375 0.6040239640625 0.3869145640625 0.618507075 0.249812115625 0.6299447578125 0.07326946250000001 0.648708940625 0.004247012499999999 0.6451517546875001
0 0 0.6107036875 0.0023797046875 0.6300057781249999 0.13452601875 0.6219990531249999 0.2826753328125 0.612902296875 0.5456478859375 0.5970892390625 0.8528780859375 0.5584861 0.9903773359375 0.539645971875 0.9906986953124999 0.5212353000000001 0.828978025 0.550060559375 0.6029442125 0.57098053125 0.26192507656249997 0.5973021125 0.1391813796875 0.6052207765625 0 0.6097808453125 0 0.6107036875
0 0 0.5985774671875 0.2964325390625 0.58268864375 0.524272684375 0.565512353125 0.7884266234374999 0.5374662796874999 0.9908928875 0.5101101046875 0.9912131265624999 0.491763603125 0.7706406890624999 0.5240946921875 0.58008685 0.5382893484375 0.30143546718750003 0.55782181875 0.16945123906249998 0.5671432359375 0 0.5761041546875 0 0.5985774671875
0 0 0.5651423375 0.16255008437500001 0.5547978875 0.346989796875 0.5455492765625001 0.716726440625 0.512189653125 0.9913775749999999 0.48234235 0.9916453515624999 0.467001425 0.933404428125 0.4699218796875 0.7824294796875 0.4888226609375 0.5356220140625 0.50486038125 0.2612550296875 0.52642105625 0.038880671875 0.5333925328125 0 0.5359298234375001 0 0.5651423375
0 0 0.524914753125 0.2691988828125 0.514500765625 0.43666308593750003 0.4984540296875 0.75920115625 0.47493795624999996 0.938870215625 0.45971706562500003 0.9918758703125 0.453344690625 0.9903441671875 0.4409208484375 0.8894024484375 0.45115492343749997 0.7613784484375 0.459875159375 0.45088315156250003 0.482902384375 0.12341234375000001 0.49913148281249997 0 0.5019619609375 0 0.524914753125
0 0 0.4981387828125 0.18133361406249998 0.48899947812500005 0.44034593749999995 0.4737876 0.7858115578125 0.450808915625 0.989184296875 0.4315129984375 0.987497325 0.41782974062499995 0.8257614109375 0.43670856249999995 0.7163805640625001 0.4439379828125 0.6028774015625 0.45045389062499996 0.4662846046875 0.45511772031250003 0.22607751718750002 0.47015347343749997 0 0.4777435109375 0 0.4981387828125
0 0 0.4649287015625 0.17512759218750001 0.4604770328125 0.450305 0.44548981718749997 0.774487315625 0.4244027359375 0.9867735156249999 0.411958821875 0.9853056406249999 0.4000526984375 0.652762921875 0.4187736875 0.4117454125 0.42723597968749993 0.13228360625 0.44019499062499995 0 0.4408895640625 0 0.4649287015625
0 0 0.4268644734375 0.2469681546875 0.4214460640625 0.4901395625 0.4086389078125 0.4888428828125 0.39812136875 0.2158427671875 0.3980457890625 0 0.3988715125 0 0.4268644734375
0 0 0.3283617859375 0.14421277500000002 0.340615365625 0.320222378125 0.33934297343750003 0.5132074921875 0.344868703125 0.6704118593749999 0.3437724328125 0.668119271875 0.336084671875 0.5228189875 0.3246594671875 0.323071409375 0.31882101406249996 0.136686675 0.31229331562499996 0 0.3043997875 0 0.3283617859375
0 0 0.0668521796875 0.1959330921875 0.0729402609375 0.43326775156249997 0.0891444 0.956188259375 0.163877840625 0.9531938046875 0.1395894359375 0.4353063546875 0.062048978125 0.21314087499999998 0.048899281249999996 0.12215898750000001 0.04663916875 0 0.06518345156250001 0 0.0668521796875
0 0 0.1074487078125 0.30355271093749997 0.11687151093749999 0.5448242015625 0.1431924015625 0.8718304609375 0.18864151093749998 0.96118671875 0.2044209890625 0.9582939671874999 0.18095751875 0.642347759375 0.1270485890625 0.3301631140625 0.0927424671875 0 0.0774743390625 0 0.1074487078125
0 0.1851157390625 0.0370820515625 0.2215108296875 0.0382536015625 0.3591362921875 0.044147390625 0.580120384375 0.06953010625 0.8487425156249999 0.11044921249999999 0.951554775 0.12629505000000002 0.9475654312499999 0.09393696406249999 0.616457575 0.0479423859375 0.34864587187499996 0.013596740625000001 0.34104967343750003 0.013410579687499998 0.1851157390625 0.0370820515625
0 0 0.150693996875 0.26436648749999997 0.1589811890625 0.5501730078125 0.186577246875 0.8325055515625 0.2187185640625 0.965360575 0.2382756921875 0.9625489609375 0.2154703140625 0.751264059375 0.181497378125 0.5616142296875 0.15939376562500002 0.358277384375 0.13535001093750001 0.2038986515625 0.126642253125 0 0.11685160624999999 0 0.150693996875
0 0.4293908078125 0 0.35879688125000003 0.010716475 0.519838028125 0.0277879296875 0.707171875 0.0529217140625 0.9470225171875001 0.089533315625 0.9444555921875001 0.0687126640625 0.6897335078125 0.031461579687500005 0.5045535578125 0.00198293125 0.4745011984375 0 0.4293908078125 0
0 0 0.1800934890625 0.1844667796875 0.1871818953125 0.33984141874999996 0.1930598734375 0.7250931171875 0.23100636093750002 0.9683506796874999 0.2625288125 0.9667371140625001 0.2494409640625 0.8568918671875 0.2310881828125 0.6712022671875 0.20838339062500003 0.3881979859375 0.1817012359375 0.1749488703125 0.1645194 0.090649471875 0.16794134375 0 0.1610634359375 0 0.1800934890625
0 0 0.20463253906249998 0.210798115625 0.21532782187500002 0.4242093171875 0.23382435 0.7675895390624999 0.2593769515625 0.9275493515625 0.2806304515625 0.9254422453125001 0.26353945156249997 0.8169186156249999 0.25590646875 0.6145776749999999 0.2290329359375 0.37624711093749996 0.2156585765625 0.252068046875 0.20102707656250002 0.13462805312499998 0.1974262328125 0.0223062796875 0.1917091234375 0 0.1905097484375 0 0.20463253906249998
0 0 0.2389869328125 0.1633906640625 0.24529254531250003 0.27471653281249997 0.2538394328125 0.4089699515625 0.2629237078125 0.5508196578125 0.26817623749999997 0.7935733109374999 0.29561142500000004 0.9743611421875 0.311280459375 0.9724293562499999 0.2956114890625 0.8249543656249999 0.2774546640625 0.6890567 0.2659413984375 0.42154576875 0.2449430703125 0.24690303593750001 0.2245792046875 0.099587540625 0.22953149062499997 0 0.2214147640625 0 0.2389869328125
0 0 0.2661554453125 0.09801179374999999 0.271288921875 0.28455861250000003 0.2791313109375 0.41188747968749995 0.28658816875 0.5911621796875 0.3008916890625 0.719811125 0.308148153125 0.8695578921875 0.322916253125 0.8997575609374999 0.31699251093749997 0.6937805609375001 0.29334954375 0.3037568671875 0.26818114375 0 0.2508335796875 0 0.2661554453125
0 0 0.29037072343750003 0.0333046609375 0.291826134375 0.18175475000000002 0.29607669531249997 0.38164101875 0.3139477765625 0.54989225 0.3151924359375 0.747485934375 0.3253757546875 0.83141436875 0.340760290625 0.8583255453125 0.329978565625 0.7014921421875 0.31226835468749997 0.4921798578125 0.30520326875000003 0.17733166250000001 0.2820158671875 0 0.276428221875 0 0.29037072343750003
0 0.6163191063339613 0.40055814791536754 0.03489319724005639 0.030087489337999783
0 0.34465438636573337 0.30217738128582033 0.05369774431795715 0.03343066534054504
0 0.25365328531007314 0.23528132996500162 0.02853410308425506 0.023764764003817974
0 0.6185731274372797 0.3161740572485948 0.050490923701106104 0.028706802673454223
0 0.44000957102388816 0.1643768419398664 0.03807274431795715 0.03324885200509069
0 0.39081809456283845 0.1633870539465479 0.03656479139585782 0.036355670671545236
0 0.06228221712885411 0.32499036199077314 0.0349204707790068 0.031649989337999784
0 0.031604961446811256 0.29254148866168206 0.03489319724005646 0.030087489337999783
0 0.38543689366933404 0.06893761994750242 0.031795470779006775 0.031613626670908904
0 0.39772838798729115 0.03598875994591157 0.05227161201270887 0.04122498400699968
0 0.34700168506519186 0.03345465328613854 0.03656479139585782 0.036355670671545236
0 0.35359082995234187 0.14819840595163858 0.04125229139585782 0.0364102146721816
0 0.1716726282480585 0.18858869064291017 0.038018197240056485 0.03012385200509069
0 0.19277428652788914 0.2773875613065012 0.038018197240056485 0.03012385200509069