0 0.5992396375 0.774535553125 0.6352024953125001 0.659230315625 0.6767753625 0.5264823187500001 0.7041566765625 0.4170275734375 0.73010876875 0.288878096875 0.7518312734375 0.23926761875000002 0.7756935484375 0.1291842234375 0.7876092125 0.02251070625 0.76918015625 0.0192329921875 0.7673784765625 0.0410400890625 0.7488533203125 0.168665603125 0.724935253125 0.2621434234375 0.7079427671875 0.32365893125 0.6595006875 0.504972153125 0.6382774734375001 0.58601785 0.6084721375 0.6729167046875 0.5711332140625001 0.786132315625 0.5737754765624999 0.8161065578125 0.5992396375 0.774535553125
0 0.73172200625 0.2034208265625 0.745823440625 0.1257165375 0.7628224234375 0.018102234375 0.7390623390625 0.013876367187499999 0.7383051546875 0.027571406250000003 0.7152980171875 0.1590105984375 0.643869040625 0.406305071875 0.5608939890625 0.7068648421875 0.5249736390625 0.8346243765624999 0.5045979828125 0.8780214578125 0.4751223578125 0.9832051984374999 0.4851546015625 0.982854865625 0.491901746875 0.9808691453125 0.5206908125 0.911309021875 0.5602830703125 0.785585525 0.5943909421875 0.68516305 0.6188882921875 0.6037758484375 0.649489834375 0.5068786640625 0.6807067453125 0.3755166546875 0.73172200625 0.2034208265625
0 0.656770865625 0.70732144375 0.756789715625 0.4609629328125 0.8079280484375 0.281974140625 0.8313132968750001 0.2183677671875 0.8716921093750001 0.03746533125 0.8077590140625001 0.026094465625 0.7924416937500001 0.125710034375 0.7619251609375 0.2475158171875 0.7391597234375 0.32091322031249997 0.6788270359374999 0.5549685515625 0.63486249375 0.688212234375 0.614983575 0.7482933140625 0.5622275109375 0.8398672203125 0.502255153125 0.9647319390625 0.5345169328125 0.9677039390625 0.656770865625 0.70732144375
0 0.728788578125 0.01204911875 0.712147571875 0.0090894203125 0.7057972296874999 0.0383853359375 0.6789951125 0.17468145468750002 0.64340591875 0.31356365468749997 0.612269578125 0.425578403125 0.5528409062499999 0.6238372734375 0.5138684578125 0.7593518 0.4675566390625 0.9350501031249999 0.4461051546875 0.9842185015625 0.4662429640625 0.9835152734375001 0.47890352031249994 0.9522808906250001 0.5056675765625 0.8477863328125 0.5215053703125 0.8063481078124999 0.5612207015624999 0.673731646875 0.6228735765625 0.439911121875 0.6657640765624999 0.292646703125 0.7045284406250001 0.13911654843750001 0.728788578125 0.01204911875
0 0.66500785625 0.1569810609375 0.6998033484375 0.006893931250000001 0.6812860671875 0.0036005250000000003 0.6482190984375 0.1775055875 0.5859464140624999 0.40153508281250005 0.4869679921875 0.7379717484375 0.4498505265625 0.8586035125 0.40883537031249995 0.9785420531250001 0.42869531875 0.9820742578124999 0.46424950468750004 0.8680793093749999 0.5094917296875 0.72261613125 0.5901195046875001 0.46451098125 0.66500785625 0.1569810609375
0 0.6522485375 0 0.602059521875 0.22599765 0.546260253125 0.41383826562500003 0.463488840625 0.68815780625 0.4243508125 0.818111 0.37491666874999996 0.9725094171875 0.39732729375 0.9764952765625001 0.485520284375 0.7003740515625 0.55204218125 0.4757173328125 0.6213655828125 0.2128356921875 0.67072128125 0.00172151875 0.661041984375 0 0.6522485375 0
0 0.626526025 0 0.60938555625 0.053046296874999996 0.5725186828125 0.20414799218750002 0.4979951015625 0.44674315781249996 0.4187300171875 0.7175374078125001 0.344410075 0.93389234375 0.3347510109375 0.9653657250000001 0.36386832187499996 0.9705444062499999 0.40999434062500006 0.8210895015625 0.468310909375 0.640611459375 0.5709993015625 0.274409275 0.6426477312500001 0 0.626526025 0
0 0.599501121875 0 0.5753538046875 0.08986565156250001 0.5370817328124999 0.21582394843750002 0.44606248906249996 0.5218678671875 0.3423381171875 0.8422477578124999 0.3010282484375 0.9593679390625001 0.3239246890625 0.9634402015625 0.41018908906249996 0.7063375578125 0.45580052968749996 0.5401954859375 0.550737828125 0.2224016765625 0.601587509375 0.044744515624999995 0.612734240625 0 0.599501121875 0
0 0.5754380218749999 0 0.5383124609375 0.146894296875 0.5054017015625 0.254444540625 0.47030479999999997 0.36575488125 0.425020071875 0.49876375937499995 0.35193975 0.7347007640625 0.27677986718750003 0.9550552250000001 0.29713816249999997 0.9586760640625 0.3537186125 0.783421125 0.43348043281250004 0.529310871875 0.5372853703125 0.18958372031249998 0.5895198046875 0 0.5754380218749999 0
0 0.55565276875 0 0.45808751875000003 0.30826313125000004 0.3784062640625 0.5430261203125 0.28903391875 0.81617165 0.23978862968749998 0.948476121875 0.26394963437499996 0.9527732953125 0.32409720625 0.78091873125 0.409963221875 0.51129849375 0.50782954375 0.1926426578125 0.568320603125 0 0.55565276875 0
0 0.279040840625 0.7231182453125 0.19760801875 0.9409740578125 0.2258230703125 0.9459922671875001 0.312826446875 0.700084821875 0.38912444375 0.46195415781250004 0.3785629515625 0.46007573593749995 0.279040840625 0.7231182453125
0 0.1251552953125 0.9280879265624999 0.1978560390625 0.775061665625 0.260752978125 0.6050790625 0.3363550453125 0.42076048750000006 0.3925704859375 0.268951134375 0.3843607140625 0.26887395000000003 0.3204703015625 0.40548855625 0.24210478906250002 0.5962304921875 0.16794598125 0.7738909031250001 0.10144008125 0.9238700390625001 0.1251552953125 0.9280879265624999
0 0.2642034125 0 0.036677156249999995 0.41171612656249995 0 0.49411912812500003 0 0.5576580375 0.061926279687499995 0.42173871093750004 0.2914883046875 0 0.2642034125 0
0 0.308364059375 0 0.1744510625 0.231540315625 0.0278184046875 0.5221611875 0 0.5868223515625 0 0.654932875 0.0412708609375 0.55497914375 0.15441100937500002 0.330315921875 0.31713204687499996 0.028726753124999997 0.333959090625 0 0.308364059375 0
0 0.214808309375 0 0.08913567812499999 0.23296213593749998 0.01223023125 0.379017196875 0 0.435438703125 0 0.4636432078125 0.096607009375 0.274397109375 0.23371415468749998 0.027720112499999998 0.24918239843749998 0 0.214808309375 0
0 0.347202140625 0 0.2663584875 0.1427807921875 0.176068790625 0.3189552015625 0.07893201562499999 0.50774153125 0.0143412265625 0.65391236875 0 0.6870905515625 0 0.768338315625 0.06739038593749999 0.605262690625 0.19797716406250002 0.33806441249999997 0.3316585453125 0.0755654421875 0.37318576718749996 0 0.347202140625 0
0 0.18636210312499998 0 0.1000194359375 0.1574515046875 0.0354532796875 0.2718827203125 0.01766049375 0.3539658625 0.034605195312499996 0.3200715390625 0.12695796406249998 0.147029996875 0.2087361515625 0 0.18636210312499998 0
0 0.38440372031250003 0 0.3524078640625 0.055745321874999997 0.2629841234375 0.2279248359375 0.1342948359375 0.49269464999999996 0.0401295921875 0.6930732484375 0.0127032171875 0.7753224750000001 0 0.802673575 0 0.8457269640625 0.0653362078125 0.6906415359375 0.1275752765625 0.5426694609375 0.30431718281250003 0.1827232640625 0.4008254765625 0 0.38440372031250003 0
0 0.40820714062499996 0 0.3616536140625 0.10164480000000001 0.26216511875 0.288629890625 0.1625154890625 0.5143095046874999 0.10324350625 0.6296179921875 0.057007809374999996 0.7417131765625 0.0106065328125 0.848247025 0 0.8724159109375 0 0.9058283390625 0.0007796140625 0.9059669984375001 0.10192776562500001 0.673639046875 0.197413196875 0.47349525468750003 0.3470129375 0.15021079375 0.42567154687500003 0.0023930875 0.4122163328125 0 0.40820714062499996 0
0 0.43745055156249996 0 0.38525139375 0.100309915625 0.3247017296875 0.2278379 0.2071087328125 0.479368571875 0.123954765625 0.641599434375 0.075040634375 0.785026571875 0.01673758125 0.9088052140625 0.035860842187500006 0.912206396875 0.11340216562500001 0.7282327296875 0.1621551625 0.6235001171875 0.2197758 0.49683416406249997 0.276487975 0.36170880625 0.3912369625 0.13594875625 0.4560959578125 0 0.43745055156249996 0
0 0.047282675 0.914237834375 0.062904596875 0.9170162812499999 0.1145231578125 0.7989636171875001 0.19000215 0.6215380109375 0.2435391578125 0.5010606125 0.3225669859375 0.332564009375 0.37639264375 0.2107549765625 0.44510957187500005 0.07084987968749999 0.450428378125 0.0399875296875 0.35271430000000004 0.23143712500000002 0.18649163124999998 0.5997818500000001 0.047282675 0.914237834375
0 0.1537081359375 0.7257205812499999 0.073818228125 0.918957334375 0.08758502500000001 0.9214058375 0.11065205468749999 0.8674236656250001 0.168807490625 0.725640146875 0.2587660296875 0.5383430687499999 0.3212512453125 0.37658506406250003 0.40300001406249997 0.1892108046875 0.44833169531249994 0.11291207968750001 0.4477924515625 0.08377378437500001 0.3736717046875 0.2296326359375 0.290645253125 0.42922639062499995 0.1537081359375 0.7257205812499999
0 0.4268518288480063 0.33814726371018006 0.03145907825883114 0.03702877404661713
0 0.2341320219610016 0.5706125672457099 0.03781816256778665 0.05599702885594056
0 0.13610761241827712 0.6373040486413883 0.02516362646343313 0.028998019237293705
0 0.34734159085005895 0.3104612625290537 0.03154998184962743 0.05265377404661713
0 0.136494473560008 0.43655008049255384 0.03616475897699045 0.04031746515360979
0 0.11825301278761946 0.4840525630693587 0.03772725897699045 0.04037202885594056
0 0.1528355284039093 0.8499578160645835 0.03459316861791084 0.03870040145127902
0 0.11132928445403349 0.8685912541763512 0.03146816861791084 0.03859127404661713
0 0.025429708532893346 0.4622991033580446 0.034574987899751594 0.03557540145127884
0 0.010509732242410842 0.4402157722325185 0.021019464484821684 0.050818455534962934
0 0.09073200078556691 0.5154761778601487 0.039317030054229284 0.045114092558271326
0 0.061516157696012784 0.703958324502104 0.031477258976990455 0.04015377404661713
0 0.1552161607210749 0.7092782523622527 0.031477258976990455 0.04015377404661713