0 0.7317104203125 0.29665186875 0.6859575171875 0.29121601875 0.5732833265624999 0.3067704828125 0.443494709375 0.3245279578125 0.33931110625 0.34526355937500003 0.21983948125000002 0.374935990625 0.16879573125 0.3761063890625 0.0655228328125 0.4002094828125 0.00245616875 0.42217960468750004 0.002566278125 0.44110573906250006 0.1100661828125 0.40771900156249996 0.1992613015625 0.390481596875 0.2584726328125 0.38024485937499997 0.43232031875 0.348621609375 0.5098524484375 0.3341062546875 0.5958776625 0.3247714546875 0.7073423 0.3112906546875 0.7317104203125 0.29665186875
0 0.8343425609375 0.3044782640625 0.7113318453125 0.3211023421875 0.612056853125 0.3321866859375 0.5328907468749999 0.3439491828125 0.438048575 0.3566846453125 0.3136878703125 0.383023765625 0.14661090937500001 0.40858971093749996 0.0748395546875 0.42802629375 0.0026147312499999998 0.44943402812500005 0.002750025 0.47268905625 0.11564165156249999 0.441331890625 0.3549534046875 0.4029354578125 0.6442351093750001 0.352876428125 0.7674674640625 0.3321720640625 0.81268221875 0.3323621078125 0.9168333046875 0.3147683140625 0.9052273671875 0.301362821875 0.8343425609375 0.3044782640625
0 0.887274446875 0.2988386328125 0.8765550609374999 0.26911200156250004 0.605266528125 0.2679717390625 0.3550137484375 0.280721821875 0.1820330796875 0.3090084984375 0.11842212968750002 0.3144548375 0.0019830062499999997 0.3408498921875 0.0023439921875 0.4028979421875 0.0556978 0.38683685625 0.17165629843750002 0.363801596875 0.24332691718750002 0.353788490625 0.46684171093750004 0.31102183437500003 0.5980329953125 0.2951741796875 0.657211125 0.288076725 0.7566271765625 0.2971022421875 0.887274446875 0.2988386328125
0 0.9673680156250001 0.33947004999999997 0.96226840625 0.3206681984375 0.886287159375 0.3245832515625 0.7865688937499999 0.3438281640625 0.7448802484375 0.3468437109375 0.615965825 0.366188521875 0.3921084921875 0.4076922703125 0.24945233125000002 0.4302442953125 0.103169325 0.4590142078125 0.0028226515625 0.48517256875000003 0.0029237703125 0.5025535265625 0.017112220312500002 0.499242053125 0.143850521875 0.4669766109375 0.2763917921875 0.4414139140625 0.3842906234375 0.422945421875 0.577037634375 0.39407399062500004 0.7081080203125001 0.37288314218749996 0.8763133296875001 0.341682440625 0.9673680156250001 0.33947004999999997
0 0.6787103859375 0.39182999218750003 0.42644270781250004 0.426535975 0.1345617671875 0.4866016125 0.0029976453125 0.5152513375 0.0031052593749999998 0.5337487249999999 0.15888183125 0.49301116875 0.37467949375 0.4560741859375 0.7009953890625 0.40542877656250004 0.8186665734374999 0.388708053125 0.9760498671875 0.371479340625 0.9706078281250001 0.3514149765625 0.8208023703125 0.372095346875 0.6787103859375 0.39182999218750003
0 0.45158890625000003 0.4555812046875 0.199905565625 0.502236478125 0.0031688734374999998 0.5446830859375 0.0032757234375 0.5630489359374999 0.2190069953125 0.513892578125 0.4014174796875 0.486090759375 0.6683336062499999 0.446623090625 0.79474953125 0.427861409375 0.984641196875 0.4031548765625 0.978819059375 0.3816891265625 0.6696634312499999 0.42214137812499997 0.45158890625000003 0.4555812046875
0 0.925880403125 0.45097057031250004 0.9949344046874999 0.4411051078125 0.9873963546875 0.4133129203125 0.8031718984375 0.43932421718750003 0.625980046875 0.461879490625 0.272865753125 0.5214651453125 0.004921684375000001 0.5718352015625 0.0087895140625 0.5860955828125001 0.0691374640625 0.5784137140625 0.2125794375 0.548964025 0.44917105625 0.5152310109375 0.7116543609375 0.47411222343750004 0.925880403125 0.45097057031250004
0 1 0.45978155000000004 0.9980191906250001 0.45247846562499994 0.7056499171875 0.4862564328125 0.545846809375 0.514153275 0.23702040000000002 0.5607167734375 0.0652889796875 0.5887118859375 0.0123709515625 0.5993000515625 0.01559508125 0.611187159375 0.11437238125 0.593370428125 0.2370405625 0.575483440625 0.5342811953125 0.530281121875 0.848910575 0.490420365625 1 0.47539732968750004 1 0.45978155000000004
0 1 0.47827203437500004 0.794286165625 0.5045121328125 0.545766234375 0.5383434203124999 0.2146749828125 0.5860748046875 0.0180418015625 0.6202080249999999 0.02162183125 0.633407303125 0.1780034921875 0.6026907593749999 0.28283965312500003 0.587622778125 0.3917660953125 0.5729430078125 0.5232999171875 0.5583582578125 0.7536452921875 0.5260830671875001 1 0.49891074375000005 1 0.47827203437500004
0 1 0.5117602484375 0.8043204796874999 0.53171295 0.5401244875 0.566517203125 0.22936375625 0.6108464546875 0.02311161875 0.6389000265625 0.0262121 0.6503312546875 0.3479618140625 0.607337928125 0.580019871875 0.5813772687500001 0.8486486843750001 0.5482241359375 1 0.5358978249999999 1 0.5117602484375
0 1 0.5492951140625 0.740306578125 0.5748531953125 0.5067776312500001 0.605185703125 0.509517928125 0.61528895625 0.7737340796875001 0.595251371875 1 0.5771509781249999 1 0.5492951140625
0 1 0.6469902109375 0.8511674140625001 0.6456644953125 0.6810076203125 0.65986428125 0.493459078125 0.6687224984375 0.341473840625 0.6813661890625 0.3447783109375 0.6886520640625 0.48701135781250005 0.689027278125 0.68114868125 0.6799741421875 0.8624509765624999 0.6725737484375001 1 0.6700837109375 1 0.6469902109375
0 1 0.9018234078124999 0.8389169375 0.9090369921875 0.6069394546875 0.9108075046874999 0.087605259375 0.8766828953125 0.09392854375000001 0.899996334375 0.6087932015625 0.937231896875 0.8256588 0.933616975 0.9729423374999999 0.9260991828125 1 0.9197841328124999 1 0.9018234078124999
0 1 0.862201240625 0.7285598625 0.8743651296875001 0.49134358125000005 0.8666155171875 0.1684529890625 0.8466331734375 0.07701737187499999 0.8376462015625 0.0831350359375 0.8602015375000001 0.399241709375 0.889454234375 0.70621444375 0.8997231609374999 1 0.891031996875 1 0.862201240625
0 0.9110709937499999 0.9405394749999999 0.8190619671875 0.944556590625 0.6850377 0.9489797703124999 0.467587765625 0.9406454046875 0.201840240625 0.9207548328125 0.0973891328125 0.9127552515625 0.1058309421875 0.9438795203125 0.43546999687500004 0.9642556703125 0.6995048328125 0.9778317078125 0.7659048546875 0.974420128125 0.9110709937499999 0.9405394749999999
0 1 0.8199875421874999 0.7605365703125 0.830645003125 0.48003985781249997 0.8249395953124999 0.202263284375 0.8145707718749999 0.06821812031249999 0.805204075 0.0741500671875 0.8270746796875 0.2861443359375 0.8446791171875001 0.4728063265625 0.8521420375 0.6729884171875 0.8604780296874999 0.82362366875 0.8575493828124999 1 0.8526440734375 1 0.8199875421874999
0 0.6086486812499999 1 0.6584178015625 0.9995067734375 0.7481852499999999 0.9785557468749999 0.6951929125 0.98152378125 0.5318233734375 0.9766816953124999 0.3469748078125 0.9661098296875 0.1069683140625 0.9480729218749999 0.11239769531249999 0.9680906125 0.3668822109375 0.9856349359375001 0.5431591484375 1 0.6086486812499999 1
0 1 0.7911991281249999 0.833879546875 0.7974130953125 0.682680121875 0.8031591203125 0.3044800453125 0.794742728125 0.061911862500000005 0.78195340625 0.06529457968749999 0.7944252125 0.176915609375 0.8043724953125 0.3598298546875 0.8127101124999999 0.6374855296875 0.8177357437499999 0.8462914609375 0.818687590625 0.9273918921875 0.8091593421875001 1 0.809152509375 1 0.7911991281249999
0 1 0.76715180625 0.804421428125 0.7720599375 0.5952729609375 0.7698451859375 0.259345865625 0.7703625374999999 0.101537496875 0.7615368140625 0.105990478125 0.7779546015625 0.21209604999999998 0.777361721875 0.4117139671875 0.78851509375 0.644255621875 0.783927203125 0.766500690625 0.78896745625 0.8806659281250001 0.7838078109375 0.9901767078124999 0.78107733125 1 0.7808605234375 1 0.76715180625
0 1 0.73377864375 0.8460697515625 0.739511053125 0.7371231468749999 0.73942415625 0.6059116999999999 0.7405051406250001 0.4678898359375 0.74586133125 0.229081771875 0.7371403765625 0.0492407328125 0.735235971875 0.053296996875 0.7501910921875 0.20127592500000002 0.7570585703125 0.3344216921875 0.7582118312499999 0.596280409375 0.7588672375 0.7681730531250001 0.7657486546875 0.9100434015625 0.7500942921875 1 0.7505873015625 1 0.73377864375
0 1 0.7072734281249999 0.9056709953125001 0.709486359375 0.7240261625 0.7156238453125 0.5997460328125 0.71777281875 0.42422654375 0.7171092890625 0.2986971671875 0.7195498312499999 0.15168876250000002 0.7162605906249999 0.123298578125 0.7242294921875 0.325979165625 0.731982353125 0.7069928609375 0.7276563984375 1 0.7221655703125001 1 0.7072734281249999
0 1 0.6836930265625 0.9653931375000001 0.6848048546875 0.8211250296875001 0.6916188703125 0.6251541234375 0.68901428125 0.46214728281250006 0.7002017703125001 0.26948084843750003 0.7048830578125 0.1860833921875 0.6961474812499999 0.1615618546875 0.7085848796875001 0.3158441140625 0.7142050140625 0.5194112515625 0.705636734375 0.8273914343750001 0.7049277140625 1 0.697273775 1 0.6836930265625
0 0.38557649004105093 0.6227158252198943 0.034547716822512696 0.030887901451278843
0 0.6625207851223948 0.6979986005324557 0.05177157825883114 0.03773810217691818
0 0.7597139476901814 0.7560690500769688 0.029832945745273776 0.02603671034428636
0 0.39542418871319107 0.7042932074338794 0.05175339754067192 0.034613102176918174
0 0.5518570376564776 0.9998189838427493 0.03917158430895533 0.00036203231450144814
0 0.58913380297818 0.8383755746717402 0.037709078258831144 0.037247028855940556
0 0.6375485770804807 0.8361607994439966 0.03771816861791066 0.03880952885594056
0 0.9333054629136879 0.6543404028868591 0.0361283975406721 0.03406746515360979
0 0.966281589377121 0.6836112406358072 0.0361283975406721 0.03406746515360979
0 0.6568258179070987 0.9274405638719667 0.03457498789975162 0.03557540145127902
0 0.6484229654477707 0.9599529635091472 0.05180793969514959 0.043988102176918176
0 0.6984002395500716 0.9577927519837346 0.037718168617910844 0.03880952885594056
0 0.6758889144144984 0.8476538601511028 0.040843168617910666 0.03891865626060209
0 0.8466417759490128 0.7950348355563313 0.0392533975406721 0.034176592558271504
0 0.813342941738253 0.7102952478073833 0.0392533975406721 0.034176592558271324