0 1 0.747014846875 0.972306978125 0.747466334375 0.8440657453125 0.7415557125000001 0.7486345078125 0.7268749109375 0.685651665625 0.715960996875 0.5002519703125 0.685435465625 0.41744207656250004 0.6722209078125 0.32762826093749997 0.6510011875 0.2108316125 0.6248482765625 0.1817279515625 0.63045461875 0.22632016875 0.6518138312499999 0.3449727265625 0.67638379375 0.4815990515625 0.704840346875 0.5932503921875 0.7214054625 0.723085240625 0.7346927234375 0.7750431390625 0.7515146640625 0.886802053125 0.764497871875 1 0.7659531 1 0.747014846875
0 1 0.7162355687499999 0.98133625625 0.7170554765625 0.8486926562500001 0.7070390171875001 0.5950467234375 0.660045471875 0.28732477031250003 0.6067698296875 0.15642643437499998 0.5834737343749999 0.1107765046875 0.5673846015625 0.0224820296875 0.5517485234375 0.023206071875 0.56951778125 0.0803659765625 0.5867718234375 0.2097944015625 0.613941871875 0.3135367171875 0.6381279265625001 0.397157871875 0.6545835203125 0.496923159375 0.6756110796875 0.630682640625 0.6938466046875 0.80738825 0.7278571578124999 0.8858771531249999 0.7342788578125 1 0.7409815140625 1 0.7162355687499999
0 1 0.7867665515625 0.8926511234375001 0.7809059203125 0.7683942828125 0.76242609375 0.69288453125 0.746912815625 0.4538734890625 0.709708859375 0.31641233125 0.67890915625 0.2544215875 0.6649664015625001 0.15667691718750001 0.6212535203125 0.025134734375000002 0.5736143296875 0.026894465625000002 0.606176490625 0.3007940359375 0.702711290625 0.5576696078125 0.7783930453125001 0.7411740546875001 0.8118451906249999 0.8071418296875 0.828946440625 1 0.852553390625 1 0.7867665515625
0 1 0.68956241875 0.9659788468749999 0.685610128125 0.8280063171875 0.6722781234374999 0.6862141046875 0.6504129453124999 0.5714992390625 0.630345146875 0.367834290625 0.5905062078125 0.22886388906250002 0.564924128125 0.0492971328125 0.535974146875 0.021473846875 0.5270059515625001 0.0222302 0.545568178125 0.0339935265625 0.5490269328124999 0.14067566250000002 0.5654650765625 0.1837397984375 0.5772090984375 0.3199670640625 0.6038207421874999 0.5589387718750001 0.6423683671875 0.7100369421875 0.6707075859375 0.8667000625 0.694300340625 1 0.70643705625 1 0.68956241875
0 1 0.6579581812499999 0.8207603125 0.6417750890625 0.5913305828125 0.60163949375 0.2459914296875 0.5359043703124999 0.12193126875 0.5107061984375 0.0198307296875 0.48668097968749996 0.0206410546875 0.5065677765625 0.1146997296875 0.5260449656249999 0.2643673296875 0.5569144703125 0.5299836859375 0.6120398328125 0.8433885953125 0.6565380000000001 1 0.677012865625 1 0.6579581812499999
0 1 0.6287447078125 0.7663551328125 0.6004005453125 0.5734660546875 0.5631616968750001 0.29158755468750003 0.5074953734375 0.158064090625 0.4811978359375 0.020566184374999998 0.4516534015625 0.0198988953125 0.474447065625 0.2827680984375 0.5307391015625 0.513431721875 0.5750627578125 0.7821059046875 0.6184092046874999 1 0.6473059531249999 1 0.6287447078125
0 1 0.6042182171875 0.9375600015625001 0.5906284281249999 0.783561346875 0.5686934499999999 0.5340891265625001 0.518140053125 0.25618765625 0.46563222499999996 0.032558890624999996 0.412688146875 0.021770815625000002 0.410505059375 0.020902209375 0.4401753515625 0.1530498515625 0.46713293437500003 0.33906141875 0.5076175296875001 0.71422105625 0.5741204671875 1 0.6195147109375 1 0.6042182171875
0 1 0.5774392140625 0.896398471875 0.5602300921875 0.766930709375 0.5344037109374999 0.4526459359375 0.4736244625 0.12241370781250001 0.401554903125 0.0227486640625 0.37710315156249996 0.0220765046875 0.40006312031249996 0.2659656515625 0.45598224062500003 0.43602976718750003 0.48517652499999997 0.7624423109375 0.5487129140625 0.944594859375 0.5820080078125 1 0.5901728 1 0.5774392140625
0 1 0.553719575 0.8349191015624999 0.528819640625 0.7243386109375 0.5065356624999999 0.609741753125 0.4824368546875 0.4723199328125 0.45029348437500005 0.2296072125 0.40052535 0.0234779703125 0.35219115 0.022882096875 0.372545309375 0.18193666875 0.4071215375 0.4434973234375 0.4617757421875 0.792774165625 0.5320130296875 1 0.5677819640624999 1 0.553719575
0 1 0.5354573890625 0.6645258296875001 0.464532909375 0.4220097921875 0.408046428125 0.1403279734375 0.3456617609375 0.024562014062500002 0.3151617953125 0.0238550484375 0.3393107 0.180098265625 0.3772467140625 0.45780305156249995 0.4364728859375 0.7854888250000001 0.502853665625 1 0.547700915625 1 0.5354573890625
0 0.23041880781250001 0.3264665 0.0258179125 0.27226220625 0.024988840625 0.300582046875 0.257982659375 0.3579816515625 0.50332050625 0.4107512265625 0.503635196875 0.40000187499999995 0.23041880781250001 0.3264665
0 0.027918971874999997 0.20049314062499998 0.16753373437500002 0.2504008640625 0.343885315625 0.2965044390625 0.5361843515625 0.35389832499999996 0.6936880000000001 0.395115828125 0.6925721171875 0.3868967609375 0.548902165625 0.3365004296875 0.34988296406249997 0.2769776140625 0.1643434296875 0.22036898749999997 0.0286434265625 0.1757468390625 0.027918971874999997 0.20049314062499998
0 1 0.2658824 0.5015775171875 0.053265459375000004 0.396193146875 0.0184529921875 0.302959725 0.0141105765625 0.49538318906249995 0.07951063124999999 1 0.2910695421875 1 0.2658824
0 1 0.3085371578125 0.6988265859375 0.1732533828125 0.3916408734375 0.055324575 0.25440681249999997 0.0118491875 0.14433243125 0.0067223906250000005 0.3613090171875 0.0720244578125 0.598746609375 0.162975175 0.919057965625 0.29591119843749997 1 0.33279380937499997 1 0.3085371578125
0 1 0.2187501421875 0.6850426296875 0.08806127500000001 0.5301962125 0.0255806453125 0.5174603875 0.0241011046875 0.44230716406250004 0.020600787500000002 0.645365478125 0.099630784375 0.9079384734374999 0.21237686406249998 1 0.2520854078125 1 0.2187501421875
0 1 0.34433564687499996 0.7994862046875 0.256403825 0.6130668078125 0.18351411875 0.41324641250000005 0.105022884375 0.26007382031250004 0.054870854687500005 0.10291853749999999 0.0047935078125 0.033742456250000004 0.0015715796875 0.033260140625000004 0.0180467796875 0.31563421875 0.1031207953125 0.5974485109375001 0.20731625468749998 0.87508909375 0.31507156406250003 1 0.3680170671875 1 0.34433564687499996
0 1 0.19257683125 0.76090640625 0.0914815328125 0.6389613296875 0.038216057812499996 0.5556288421875 0.02853519375 0.591432334375 0.0421322125 0.775069259375 0.1173951515625 1 0.2140541828125 1 0.19257683125
0 1 0.3794686171875 0.8975993671875001 0.333865484375 0.715235671875 0.2614469359375 0.4360858421875 0.15890925 0.2252929 0.084536271875 0.14039851875 0.0652362859375 0.032972684375 0.027865898437499998 0.032380378125 0.0480981921875 0.23134435 0.10950757343749999 0.3859475140625 0.15712931875 0.765703159375 0.2983193140625 1 0.39319431875 1 0.3794686171875
0 0.17989345625 0.1062269234375 0.0683544265625 0.0703492 0.0320738046875 0.058570278125 0.0316472828125 0.0731396140625 0.2533825875 0.14442552343749998 0.4641361953125 0.2201421703125 0.8038855296874999 0.3378092296875 0.9607204609375 0.40186910468750003 0.9612318328124999 0.3844014078125 0.8537878421875 0.34765117343749996 0.6553980203124999 0.2666296515625 0.4189189671875 0.18927267812499998 0.296879421875 0.1413891859375 0.17989345625 0.1062269234375
0 1 0.4274301078125 0.858526728125 0.3711217578125 0.7242807421874999 0.32316846093749996 0.4597658046875 0.23042036718749997 0.2880993015625 0.16328924218750002 0.13990161406249998 0.128545784375 0.0311516640625 0.090069175 0.030609907812499997 0.10857480156249999 0.20134164999999998 0.16129990624999999 0.3114501078125 0.1997079140625 0.4444228609375 0.24481681718749998 0.5855856937499999 0.28818069999999996 0.82433585 0.3806321375 1 0.4437423296875 1 0.4274301078125
0 0.03025751875 0.12061186718750001 0.029795137500000003 0.1364061375 0.1319226875 0.1694142625 0.3174228828125 0.22736655468750003 0.443714809375 0.26900286093750003 0.6209462578125 0.331387515625 0.748590084375 0.37318087499999997 0.896197728125 0.4280793703125 0.9273307765625001 0.4303479046875 0.72480658125 0.3515425640625 0.338315940625 0.22170430156249998 0.03025751875 0.12061186718750001
0 0.2096642015625 0.201365675 0.029483528125000002 0.1470502390625 0.0290654125 0.161332490625 0.0640129671875 0.1723109953125 0.21193530312500003 0.2164601375 0.409248578125 0.28791892343750003 0.577449421875 0.3344238546875 0.7736468140625 0.397663575 0.8552866859374999 0.43546081875000003 0.883873278125 0.4320405734375 0.729624140625 0.37232580937500004 0.5212203078125001 0.30901628593749997 0.2096642015625 0.201365675
0 0.6314608360067362 0.4364493078961549 0.03389483893530461 0.02809076674922295
0 0.37421738589300546 0.26617523345566474 0.05283583992388792 0.03365156203449331
0 0.2940895341061195 0.17510927770747778 0.02745383794672147 0.023112168320799587
0 0.6460234017103362 0.35369246587787223 0.05101867193911023 0.027328787427387445
0 0.4913810281746205 0.15622665280992165 0.03721083992388792 0.03292381596343472
0 0.4424341922050653 0.14147063998964007 0.03571200692008212 0.03441354135632886
0 0.08740579399195127 0.21226886765884584 0.03558467292769343 0.03128854135632882
0 0.06240845258518868 0.17289599855225796 0.03545733893530465 0.02816354135632886
0 0.4502692554372075 0.046703949542934005 0.03245967292769336 0.031142992142117142
0 0.468287084980972 0.02960849482820429 0.049074169961943956 0.017881012820281584
0 0.4071360207602467 0.1172133486333112 0.04046317391627667 0.036194365177646445
0 0.21800985376405224 0.10684512117350246 0.037019838935304604 0.028236315963434722
0 0.22654920703381293 0.20159469499482005 0.037019838935304604 0.028236315963434677