0 0.7553126453125001 0.3665810546875 0.6454371421875 0.3435311671875 0.5189300578125 0.3168351375 0.41503567031250005 0.301294859375 0.2937632578125 0.28882964218749996 0.246113315625 0.2730484265625 0.14184318437500001 0.26086845468750003 0.021062762500000002 0.25932032656250004 0.019042596875 0.2775105234375 0.06000195625 0.2768463 0.1803385 0.2823912484375 0.2690996671875 0.2961637890625 0.327586546875 0.30640249218750004 0.499874359375 0.3350394953125 0.57685991875 0.3474365078125 0.6598291171875 0.367343425 0.767835278125 0.39187833125 0.7956773 0.386618834375 0.7553126453125001 0.3665810546875
0 0.7679766484375 0.4021099859375 0.67211556875 0.3794202515625 0.5946141953125 0.36398271875 0.5022570671875 0.344256075 0.37766717656250004 0.327148728125 0.2138352484375 0.2952423125 0.1403991734375 0.289217903125 0.0185378859375 0.2820551 0.0157863140625 0.30683112343749996 0.049167490625 0.305375725 0.1733360265625 0.31477249375 0.408642753125 0.358858684375 0.6944019546875 0.4088383140625 0.81590925 0.43069314687500004 0.8576739109375 0.44578689374999997 0.9604015203125 0.46417114374999996 0.954513565625 0.44816065 0.8878026531250001 0.4275991046875 0.7679766484375 0.4021099859375
0 0.689065715625 0.318832475 0.45291490625 0.247832934375 0.282636425 0.216450378125 0.2218120953125 0.20040713281250003 0.030225681250000004 0.176814546875 0.02329365 0.23923272343750002 0.1375910609375 0.24547552343749998 0.2532117765625 0.26281205625 0.3231452765625 0.2773655734375 0.54541753125 0.31226782656249996 0.6725314203125 0.3411620421875 0.7298518015625 0.35424219687499997 0.818567740625 0.39525068750000003 0.938816475 0.43994257968749995 0.93965368125 0.4093949453125 0.689065715625 0.318832475
0 0.0150016859375 0.3138961640625 0.013293537499999999 0.3292768703125 0.061223387500000004 0.3348756390625 0.1901571875 0.34738283124999997 0.3220349640625 0.3678952734375 0.428546509375 0.38672153593749997 0.6173246875 0.4240957515625 0.7462598625 0.4480951421875 0.9131743859375 0.4752540703125 0.9971416953125001 0.502936771875 0.9972541328125001 0.48361055000000003 0.9285887390625 0.4630088265625 0.8293650781249999 0.44758766093749996 0.7897030625 0.436570209375 0.6634305046875 0.4116049515625 0.44129824375000004 0.3754421578125 0.3011512578125 0.348856203125 0.15539904843750002 0.32672306562500003 0.0150016859375 0.3138961640625
0 0.4076683046875 0.413651253125 0.7279042828125 0.47531953125 0.8428250328125 0.498958765625 0.996950584375 0.5357860875 0.9970700515625 0.5152513562500001 0.85081150625 0.48456896406250005 0.7122058171875 0.455609265625 0.4662472484375 0.40389435156250003 0.17446284843749998 0.36214915625 0.012017251562500001 0.34076894687500003 0.0099627953125 0.359267903125 0.1946452140625 0.3759987296875 0.4076683046875 0.413651253125
0 0.9936556203125001 0.56740124375 0.9960352953125 0.5459738890625 0.6928689125 0.480165240625 0.47900448593749995 0.43858376093749996 0.22926335625 0.3979190375 0.008937603125 0.368499059375 0.0069888046875 0.3860466578125 0.242719184375 0.41481354687499994 0.42154686249999995 0.449748540625 0.682781165625 0.5019709453125001 0.8065311 0.52664153125 0.9936556203125001 0.56740124375
0 0.9194947000000001 0.5909127203125 0.9894523390625001 0.6052489015625 0.9925326390625001 0.57751290625 0.81017641875 0.5398362765625 0.6380752796875 0.5018563453125 0.289810453125 0.4394677546875 0.0061060359375 0.39399536875 0.00464035 0.4071928625 0.0807140421875 0.42398109531249994 0.2240836203125 0.44455901875 0.45518643125 0.49198482187500003 0.7129167859375001 0.541244140625 0.9194947000000001 0.5909127203125
0 0.8340082296875 0.6013571843750001 0.9856845203125 0.63917551875 0.9881840921875 0.6166686015625 0.7029676593749999 0.550297109375 0.5450223125 0.5229089921875001 0.24244470156250003 0.4633034171875 0.0734275328125 0.43206819531249996 0.0030390546875 0.4216114328125 0.0017581203125 0.43314537499999994 0.117154846875 0.45249877187500004 0.23712084375 0.47672735 0.528486640625 0.5337463609374999 0.8340082296875 0.6013571843750001
0 0 0.455705275 0.1726553203125 0.48196595000000003 0.27510294375 0.5028712828125 0.3811945109375 0.5254791640625001 0.508168409375 0.5556339171875 0.7329646624999999 0.602323040625 0.983161621875 0.66189248125 0.9853967390625 0.641766790625 0.7783705140625 0.596134940625 0.5361958812500001 0.5448620328125 0.2125959453125 0.47897012656250004 0.0007708921875 0.4420346765625 0 0.44897602968749994 0 0.455705275
0 0 0.471951771875 0.3282221625 0.542275446875 0.5523184515625 0.59526726875 0.8128527921875 0.653792375 0.9791099000000001 0.69837545625 0.9817640109375001 0.674477009375 0.77781329375 0.6241614953125 0.5207829046875 0.5685994765625 0.217223965625 0.5063254828125 0 0.46030980625 0 0.471951771875
0 0.7265263640625 0.6718000828124999 0.974630534375 0.73870906875 0.9777052078124999 0.7110237500000001 0.7029786640625 0.6422346828125 0.4759397734375 0.592729809375 0.4748198296875 0.6028141312499999 0.7265263640625 0.6718000828124999
0 0.9665366328125 0.8115890968749999 0.77992969375 0.7431597562500001 0.6173577015625 0.699908475 0.44062991875 0.6460653859375001 0.2954363078125 0.6073978906249999 0.2958576625 0.6151084671875 0.4273182109375 0.6623869250000001 0.6102125609375 0.718227234375 0.7806337859375 0.771333646875 0.9641488171875 0.8330897234375 0.9665366328125 0.8115890968749999
0 0.7435211140625 1 0.6733084203125 0.978422365625 0.45803856249999997 0.9034775015625 0 0.7054600953125 0 0.72994653125 0.45019345624999996 0.928098959375 0.652148853125 0.9963809671874999 0.66419014375 1 0.7435211140625 1
0 0.8750072937500001 1 0.5837483953125 0.910500525 0.367075859375 0.8251766671875 0.0755618171875 0.7004650171875 0 0.6648514328124999 0 0.6884853 0.2735987875 0.8155343437499999 0.5538996421875 0.926167234375 0.7818638234375 1 0.8750072937500001 1
0 0.6291431734375 1 0.5164857656249999 0.9639343234375 0.31831292968749997 0.884602125 0.079635365625 0.778831321875 0 0.7433756671875 0 0.7756703218750001 0.28005496875 0.8954558625000001 0.51943249375 0.9949239625 0.5363419406250001 1 0.6291431734375 1
0 0.9456121156249999 1 0.9479019937500001 0.979381215625 0.6291514984375 0.8813280296875 0.371695625 0.78357884375 0.11844366875000001 0.682490046875 0 0.6307006000000001 0 0.6536626359375 0.185158709375 0.73752818125 0.35516132968749997 0.8059084109375 0.537357090625 0.87954361875 0.6777868171875 0.9265928875 0.9030850109375 1 0.9456121156249999 1
0 0.524758375 1 0.5141072624999999 0.9968557 0.3647069859375 0.938543425 0.197506975 0.8679367875 0 0.780339375 0 0.8011543828125 0.20886153125 0.8922472062500001 0.373118940625 0.9663407906250001 0.4705107046875 1 0.524758375 1
0 0 0.619442328125 0.0986812828125 0.6648588531249999 0.2648999671875 0.732797071875 0.5199732078125 0.8289910468749999 0.7128194359375 0.8987627828125 0.791302134375 0.9168687328124999 0.9486148812499999 0.972962159375 0.9509838828125 0.9516309218749999 0.70903275 0.87533638125 0.567061728125 0.8306608609374999 0.2201899546875 0.69820588125 0 0.6063744234375 0 0.619442328125
0 0.7572425875000001 0.8784140703125001 0.85955159375 0.9120721406250001 0.951968278125 0.942767121875 0.9535073203125 0.9289091 0.6909502765625 0.8425787078125 0.4982440421875 0.77154643125 0.187251725 0.6611590953125 0.04443799375 0.60106241875 0.0426180859375 0.617449440625 0.1410031640625 0.6519260421874999 0.321657628125 0.727934996875 0.53846878125 0.8005061171875001 0.6497483390625 0.845427196875 0.7572425875000001 0.8784140703125001
0 0 0.5732320453125 0.13833779531249998 0.6299075171874999 0.2611091546875 0.6748940796875 0.503147921875 0.7619041171875 0.659696090625 0.8248820296874999 0.7966204890624999 0.8574760140625 0.9550561999999999 0.914962509375 0.9572836125 0.894906184375 0.7412600078125 0.8267482953125 0.6404923015625 0.7907164812499999 0.5187022671875 0.7483983328125 0.389064378125 0.7077172515625 0.171270521875 0.6209855171875 0 0.557854528125 0 0.5732320453125
0 0.958408921875 0.8847735390624999 0.9600874625 0.869659434375 0.80726683125 0.8191359500000001 0.6369855984374999 0.7647689984375 0.5212221390625 0.7257086109374999 0.3590687515625 0.667183515625 0.24204398125 0.6279757921875 0.107219475 0.576473709375 0.0780693078125 0.574345521875 0.2627876921875 0.648275403125 0.616872796875 0.7700809453125 0.958408921875 0.8847735390624999
0 0.7364906203125 0.7891612796875 0.9613413609375 0.8583689437500001 0.9627448140625001 0.8457318140625001 0.8714523671875 0.8164184296875 0.7355079203125 0.7750006671875 0.5551348171875 0.7079628296875 0.4002706890625 0.664335028125 0.22031894218749998 0.6050077671875 0.14631876875 0.569548928125 0.11913125468750001 0.5727575734375 0.259842340625 0.62877795625 0.4512858875 0.6881707015625 0.7364906203125 0.7891612796875
0 0.3576513351927182 0.5690436380489977 0.029832945745273863 0.025345445337363513
0 0.5864252541052166 0.7287475440801782 0.050172716822512696 0.030269302673454134
0 0.6546889198944571 0.8131412727561778 0.02668976502711473 0.022184082670272432
0 0.33688886241827715 0.6461510307129069 0.047029536104353474 0.027107940006363407
0 0.3700906852161593 0.9824976107176795 0.03609203610435348 0.026980670671545325
0 0.4678474500468822 0.832062353397497 0.034556807181592396 0.031649989337999784
0 0.5130826819947055 0.8458708620703149 0.03455680718159222 0.031649989337999784
0 0.853340043332828 0.7787315521164492 0.03453862646343318 0.028524989337999785
0 0.8726531247149172 0.8164588187857673 0.03453862646343282 0.028524989337999785
0 0.49850657670670706 0.9339884800684061 0.0314227168225127 0.0300511266709087
0 0.47881624542281376 0.9611049633990879 0.04708407825883114 0.03648294000636341
0 0.5248236370115574 0.9764850627386785 0.03457498789975162 0.03477498933799979
0 0.5442054169675907 0.868109488741224 0.03768180718159222 0.031686352005090866
0 0.7215082603517325 0.8772043200986317 0.03610112646343318 0.028543170671544972
0 0.7212406156397309 0.788913979431859 0.03610112646343318 0.02854317067154515