0 0.3116675 0 0.2983325 0.12833250000000002 0.2983325 0.2316675 0.3083325 0.27999999999999997 0.3066675 0.4 0.31 0.5033325 0.3216675 0.63 0.3316675 0.74 0.3466675 0.7816675 0.355 0.755 0.3433325 0.6466675000000001 0.3333325 0.5633325 0.32999999999999996 0.4866675 0.3216675 0.315 0.3183325 0.2566675 0.315 0.1683325 0.32333249999999997 0.05 0.32999999999999996 0 0.3116675 0
0 0.33375 0 0.32625000000000004 0.13 0.32375 0.20249999999999999 0.33625 0.36625 0.33875 0.49000000000000005 0.34750000000000003 0.5825 0.35375 0.6599999999999999 0.365 0.75625 0.37625000000000003 0.87625 0.38875000000000004 0.94375 0.40374999999999994 0.9512499999999999 0.3975 0.8487500000000001 0.3875 0.80625 0.38 0.6849999999999999 0.36375 0.4 0.34750000000000003 0.16499999999999998 0.3525 0.042499999999999996 0.35875 0.00375 0.35875 0 0.33375 0
0 0.23875000000000002 0.26125 0.25 0.43125 0.2925 0.67 0.3525 0.925 0.3825 0.9275 0.3525 0.805 0.3225 0.71375 0.31625000000000003 0.65625 0.3025 0.5287499999999999 0.29375 0.3075 0.2875 0.2375 0.28375 0.12250000000000001 0.29125 0.00125 0.22875 0 0.22999999999999998 0.2 0.23875000000000002 0.26125
0 0.365 0 0.36124999999999996 0.14875 0.36625 0.29375 0.37625000000000003 0.43375 0.38625 0.655 0.39625 0.78125 0.4025 0.82125 0.40625 0.9199999999999999 0.42000000000000004 0.9974999999999999 0.43875000000000003 0.9974999999999999 0.42000000000000004 0.90625 0.4125 0.74 0.40374999999999994 0.61125 0.38875000000000004 0.4225 0.3825 0.31625000000000003 0.3775 0.185 0.38 0.057499999999999996 0.38 0 0.365 0
0 0.39125 0 0.39375 0.17124999999999999 0.40125 0.46125 0.42374999999999996 0.7075 0.43624999999999997 0.8462500000000001 0.45 0.9974999999999999 0.47000000000000003 0.9974999999999999 0.45125000000000004 0.8400000000000001 0.44125 0.725 0.4175 0.40499999999999997 0.40499999999999997 0.1925 0.41 0 0.39125 0
0 0.45 0.6912499999999999 0.48 0.9974999999999999 0.50125 0.9974999999999999 0.48250000000000004 0.8074999999999999 0.4725 0.6837500000000001 0.45125000000000004 0.4225 0.4375 0.24375 0.43624999999999997 0.00125 0.41875 0.00125 0.4225 0.22875 0.43375 0.47750000000000004 0.45 0.6912499999999999
0 0.44375 0 0.45625 0.2925 0.47750000000000004 0.64 0.495 0.8125 0.51125 0.9974999999999999 0.5387500000000001 0.9974999999999999 0.5325 0.925 0.5075000000000001 0.7175 0.48875 0.45999999999999996 0.46875 0.22875 0.465 0.08625000000000001 0.45625 0 0.44375 0
0 0.47125000000000006 0 0.47375 0.08 0.485 0.24874999999999997 0.50875 0.55125 0.5175 0.70875 0.55 0.9962500000000001 0.5725 0.9974999999999999 0.5525 0.8425 0.52125 0.53625 0.49874999999999997 0.24500000000000002 0.48875 0.125 0.48250000000000004 0 0.47125000000000006 0
0 0.55375 0.7875 0.575 0.9974999999999999 0.595 0.9974999999999999 0.5650000000000001 0.74375 0.545 0.51875 0.53 0.39125 0.52 0.28500000000000003 0.51125 0.1825 0.505 0.0025 0.49124999999999996 0 0.5037499999999999 0.22125 0.53125 0.545 0.55375 0.7875
0 0.50875 0 0.53 0.22875 0.55625 0.5325 0.58125 0.79 0.6075 0.9974999999999999 0.63125 0.9974999999999999 0.60625 0.8275 0.57875 0.5662499999999999 0.5525 0.34125 0.52 0 0.50875 0
0 0.67125 0.9974999999999999 0.63375 0.745 0.595 0.49124999999999996 0.585 0.49124999999999996 0.6075 0.71875 0.64375 0.9974999999999999 0.67125 0.9974999999999999
0 0.6587500000000001 0.45125000000000004 0.6275000000000001 0.3175 0.62 0.31625000000000003 0.64125 0.4625 0.67375 0.64125 0.6975 0.805 0.74375 0.9974999999999999 0.765 0.9974999999999999 0.725 0.8087500000000001 0.6925 0.63625 0.6587500000000001 0.45125000000000004
0 0.9974999999999999 0.9974999999999999 0.9962500000000001 0.9112500000000001 0.96 0.7075 0.91625 0.5025000000000001 0.76125 0 0.73875 0.00125 0.89125 0.5075000000000001 0.9400000000000001 0.7262500000000001 0.99 0.9974999999999999 0.9974999999999999 0.9974999999999999
0 0.69875 0 0.73625 0.11125 0.825 0.41 0.88375 0.63125 0.9512499999999999 0.9974999999999999 0.98125 0.9974999999999999 0.9025000000000001 0.60375 0.8262499999999999 0.3175 0.7212500000000001 0 0.69875 0
0 0.7737499999999999 0 0.8125 0.12375 0.8887499999999999 0.36875 0.94375 0.57125 0.96875 0.6985 0.9974999999999999 0.8535 0.9974999999999999 0.7112499999999999 0.9737500000000001 0.5775 0.9037499999999999 0.3325 0.805 0 0.7737499999999999 0
0 0.6675 0 0.71375 0.15125 0.7837500000000001 0.41 0.85 0.6725 0.9099999999999999 0.9974999999999999 0.94375 0.9974999999999999 0.8887499999999999 0.725 0.85875 0.5825 0.8074999999999999 0.39625 0.76 0.2225 0.68875 0 0.6675 0
0 0.8087500000000001 0 0.8862500000000001 0.24874999999999997 0.93625 0.42000000000000004 0.97625 0.5725 0.99375 0.67375 0.9974999999999999 0.5900000000000001 0.9625 0.43125 0.9087500000000001 0.2625 0.82875 0 0.8087500000000001 0
0 0.645 0 0.7175 0.2525 0.8074999999999999 0.60625 0.835 0.75 0.8825 0.9974999999999999 0.9037499999999999 0.9974999999999999 0.86625 0.835 0.8574999999999999 0.75625 0.81125 0.5599999999999999 0.7462500000000001 0.3 0.69875 0.13 0.65625 0 0.645 0
0 0.8125 0.68875 0.78125 0.575 0.735 0.355 0.68125 0.16999999999999998 0.6587500000000001 0.06999999999999999 0.6425 0.06999999999999999 0.6849999999999999 0.21625 0.7575000000000001 0.5325 0.805 0.72875 0.86 0.9974999999999999 0.87375 0.9974999999999999 0.85375 0.9012499999999999 0.8324999999999999 0.7975 0.8125 0.68875
0 0.6 0 0.6475 0.19624999999999998 0.7075 0.41875 0.7325 0.55 0.76 0.67375 0.7837500000000001 0.77625 0.8262499999999999 0.9974999999999999 0.8462500000000001 0.9974999999999999 0.8074999999999999 0.83375 0.79125 0.69625 0.7474999999999999 0.53625 0.6900000000000001 0.29 0.6599999999999999 0.16499999999999998 0.61375 0 0.6 0
0 0.71 0.55 0.735 0.6675 0.76875 0.8400000000000001 0.8012499999999999 0.9974999999999999 0.8162499999999999 0.9974999999999999 0.7424999999999999 0.6484 0.6637500000000001 0.28875 0.6125 0.1 0.61125 0.12875 0.64625 0.26625 0.67125 0.385 0.71 0.55
0 0.68875 0.58125 0.73375 0.765 0.75875 0.9025000000000001 0.7775000000000001 0.9974999999999999 0.79 0.9974999999999999 0.7474999999999999 0.7675 0.68125 0.47750000000000004 0.645 0.28375 0.60625 0.13999999999999999 0.6 0.16625 0.62625 0.2425 0.6637500000000001 0.425 0.68875 0.58125
0 0.575 0.3734375 0.02265625 0.02890625
0 0.7046875 0.6140625 0.025 0.04609375
0 0.78046875 0.690625 0.01875 0.0234375
0 0.653125 0.3609375 0.02109375 0.0453125
0 0.98046875 0.43046875 0.0234375 0.0359375
0 0.8203125 0.509375 0.02734375 0.03125
0 0.828125 0.5546875 0.02890625 0.0296875
0 0.7234375 0.8796875 0.025 0.0296875
0 0.7578125 0.90390625 0.0234375 0.0296875
0 0.9171875 0.55 0.0265625 0.02734375
0 0.9453125 0.534375 0.03125 0.04375
0 0.9546875 0.58125 0.0296875 0.0296875
0 0.846875 0.58828125 0.02890625 0.03359375
0 0.8359375 0.7625 0.0234375 0.0328125
0 0.74921875 0.75234375 0.0234375 0.0328125