0 0 0.3790231859375 0.5237193859375 0.600010978125 0.5815222343750001 0.5862180218749999 0.6382316078125 0.5379160656249999 0.6132954265625 0.48023179374999997 0.467801221875 0.38533885 0.406428740625 0.33222551562499997 0.34724374375 0.333443234375 0.12505178749999998 0.2233140015625 0 0.1668364078125 0 0.3790231859375
0 0 0.6964046640625 0.0119376828125 0.7605710671875 0.07712756093749999 0.7826667078125 0.21889318750000003 0.8002552187499999 0.33878677968750004 0.7384543359375 0.458251325 0.7411540078125001 0.40069947499999997 0.6417702765625 0.1228197 0.5319885890625 0 0.4840607390625 0 0.6964046640625
0 0.4960017047147297 0.009263617567035667 0.06424659057054054 0.018527235134071333
0 0.4815367903228715 0.04120073117973864 0.07656680810555194 0.0701798488211364
0 0.515181890199037 0.08895514026726763 0.07671235731976367 0.07330484882113639
0 0.8505543099675787 0.10414115258737629 0.07834763192686936 0.07493101581733078
0 0.8993149875940031 0.16219639171296135 0.09052230024766886 0.1019391847906915
0 0.8291565372224996 0.3124311550588342 0.060796258891340216 0.06641817885919252
0 0.912127394956548 0.3893663867700455 0.045569365177646405 0.04084517589344294
0 0.8781548093484062 0.3486432276825165 0.06755568114108143 0.07761034684397003
0 0.9434800947088788 0.4863395458575745 0.06908394789030439 0.11042284684397004
0 0.7893150570720946 0.012685753422860064 0.0682448858558109 0.025371506845720128
0 0.831247845947224 0.016497832225187182 0.06704625889134022 0.032995664450374364
0 0.9374806135250167 0.2635705493176156 0.041172963606069854 0.046904174904859805
0 0.9376839747737215 0.20897854981190714 0.029764582712657982 0.0698323389353046
0 0.9315002872224996 0.30826096680810156 0.045569365177646405 0.04084517589344294
0 0.9598200322601009 0.38664329338611647 0.04295378742738727 0.05165534190105418
0 0.9310250982235356 0.35194729981190714 0.026601041356328636 0.03539367193911023
0 0.7154729886274606 0.07455576475438552 0.03782963978475244 0.042089340912471004
0 0.6871296648061429 0.08038927068588457 0.03477741439185813 0.04352450692008221
0 0.37138269437564747 0.014855713669568338 0.05777826674922295 0.029711427339136676