0 0 0.926760065625 0.1759836890625 0.820810196875 0.37961119375 0.688914415625 0.43468340781250003 0.6823438359375 0.49030998124999997 0.624696696875 0.6230274812500001 0.51703466875 0.6446456406250001 0.45986027187499995 0.5905931343749999 0.42209148125 0.536463721875 0.41672601093750006 0 0.7232124234375 0 0.926760065625
0 0 0.621657978125 0.165500171875 0.532535071875 0.42092398906249995 0.3937107375 0.471737240625 0.29330515 0.3607148078125 0.3113894546875 0.24753649531250002 0.26923100624999996 0.11618073749999999 0.304138971875 0.003117115625 0.359044409375 0 0.37955307656250004 0 0.621657978125
0 0.5276985410409563 0.9827862706844555 0.057341138558944495 0.03442745863108918
0 0.5124516257598346 0.944546969062008 0.0673071719450391 0.05819429508134384
0 0.5435712451184491 0.8955009358845206 0.06579013605166181 0.059747704722264317
0 0.8546966132234223 0.8371445769822851 0.06588106426490725 0.06287270472226432
0 0.9017594813283957 0.7772519473955939 0.08379598997087001 0.08797269867214012
0 0.8282347162847007 0.6455519746211528 0.05163670783841638 0.05654089149054773
0 0.9033232959890143 0.562380926318355 0.03850021034569906 0.03459316861791084
0 0.8723855330568904 0.6051769594958423 0.05498902837152997 0.06437157220870696
0 0.9428153564929979 0.467282049756726 0.0793358105039836 0.0957579275949012
0 0.9832788836108864 0.3925047635541767 0.01207410266556721 0.039126132513557364
0 0.8017952705869851 0.9609299722834617 0.055534597651002215 0.07814005543307659
0 0.8384829283462594 0.9378485589301082 0.056324207838416386 0.056568162567786476
0 0.9390214520989357 0.6782331852953455 0.05274456677218993 0.04092498184962743
0 0.9414501186336987 0.7290371611930444 0.0378924565847754 0.06739657825883114
0 0.9238200009244368 0.6367314865250095 0.03850021034569906 0.03459316861791084
0 0.9503801524155049 0.5564036370907436 0.03564799498543501 0.043949987899751616
0 0.9812269871343833 0.5167326039132563 0.00881271034569906 0.03442045179539814
0 0.9758204216158347 0.5682723780155573 0.013682066772189926 0.040697722872636885
0 0.9218997997499379 0.5953070558068502 0.01961381802583091 0.02979658430895533
0 0.7283554220780533 0.8825110982559157 0.030778638558944315 0.03767271682251305
0 0.7018156541313646 0.8815753121515619 0.029216138558944317 0.03766362646343282
0 0.41042011282771085 0.9859678249882794 0.052426318025830906 0.028064350023441164