0 0.46252823593750003 0.6478100296875 0.9456272984374999 0.1627191984375 0.9270403421875001 0.048584125 0.79988509375 0.041920201562499995 0.6899112656249999 0.15795055156249999 0.5307360437499999 0.338323028125 0.4784053828125 0.35801166875 0.4418158640625 0.4288961828125 0.3449902640625 0.5681482578125 0.341859409375 0.6304584171875 0.4073227484375 0.6553410015625001 0.46252823593750003 0.6478100296875
0 1 0.49660024687500004 0.9646663656250001 0.27963050312500004 0.7922065921875 0.4436562546875 0.5840523390625 0.6432948453125 0.5658559140625 0.7557804703125 0.6698085078125 0.7112521093749999 0.7951039125 0.7264378781249999 0.913785990625 0.6602461046875 1 0.5853780765625001 1 0.49660024687500004
0 0.2878045270291672 0.06741098654387434 0.06127384328594587 0.06100609905006031
0 0.3177556474424761 0.11427934249133961 0.06911361436318479 0.06610303482570909
0 0.30402494554888215 0.17057360809517186 0.06756929508134393 0.06914614767057933
0 0.02441068930236622 0.3027498637493814 0.04569429508134394 0.06799972749876275
0 0.01622146028140921 0.37183073439616776 0.02864315046753821 0.09053646879233553
0 0.10046517095560188 0.4879304471956095 0.05347043364502548 0.06215916327441153
0 0.052632179834396456 0.5892981953865872 0.04083407825883121 0.03806656603337366
0 0.07030549316430887 0.5394586476705794 0.0597840661585828 0.07342421189493056
0 0.053227598354111415 0.6916419453865872 0.06461701190385669 0.09866987336031982
0 0.02828914734428024 0.16393302521477066 0.055196560108458595 0.09036605042954134
0 0.013654475603111449 0.199092597241038 0.02534543364502547 0.06068519448207601
0 0.017075954034893277 0.5187057343961679 0.02833407825883121 0.03741146879233561
0 0.019138423784272253 0.6047251215512975 0.017442030054229295 0.04465075870642714
0 0.024352643730042953 0.5612617265942517 0.022047716822512737 0.030833920171816586
0 0.1231612858097659 0.22748094810012062 0.03146816861791084 0.03913774310259503
0 0.15046867437344744 0.22266397331489132 0.028352258976990452 0.04053646879233552
0 0.4048284005657341 0.04542752317860573 0.053334078258831144 0.03872166327441155