0 0 0 0.0163125 0.0609375 0.16 0.24 0.3125 0.4175 0.3256875 0.4697825 0.3881875 0.515095 0.5085 0.627595 0.5663125 0.640095 0.596 0.5822825 0.5944375 0.5291575 0.18975 0 0 0
0 0.3006875 0 0.436625 0.1875 0.60225 0.4140625 0.705375 0.4484375 0.674125 0.34375 0.7006875 0.228125 0.6506875 0.10625 0.580375 0 0.3006875 0
0 0.0296875 0.60546875 0.059375 0.0484375
0 0.0828125 0.58359375 0.05 0.0578125
0 0.13359375 0.60546875 0.05234375 0.05625
0 0.228125 0.8984375 0.05390625 0.05625
0 0.2921875 0.93515625 0.07734375 0.0703125
0 0.41015625 0.8453125 0.05 0.0421875
0 0.49921875 0.90546875 0.02890625 0.03359375
0 0.4546875 0.88203125 0.05859375 0.04609375
0 0.59609375 0.9296875 0.08515625 0.0640625
0 0.675 0.97265625 0.03515625 0.0328125
0 0.1 0.865625 0.07734375 0.04375
0 0.1296875 0.89765625 0.0484375 0.04765625
0 0.3921875 0.9625 0.03515625 0.05234375
0 0.34453125 0.97578125 0.0640625 0.0484375
0 0.43046875 0.9359375 0.02890625 0.03359375
0 0.5109375 0.94921875 0.03984375 0.02890625
0 0.55390625 0.9859375 0.0328125 0.02734375
0 0.503125 0.9828125 0.0390625 0.01875
0 0.4703125 0.928125 0.02734375 0.01640625
0 0.16875 0.78359375 0.0328125 0.025
0 0.1671875 0.7578125 0.03359375 0.02265625
0 0.02109375 0.4921875 0.03984375 0.0484375