0 0 0.9472483625000001 0.1553145625 0.8386410984375001 0.3572714390625 0.6871400171875 0.4143761796875 0.676579690625 0.46770102968750005 0.6126018203125 0.59747743125 0.49118308906249997 0.6152327046875 0.4299800359375 0.5554104828125 0.3941326765625 0.49827397187500005 0.3921553515625 0 0.7236369703125 0 0.9472483625000001
0 0 0.61339365625 0.11972758593749999 0.5380663984375 0.375328475 0.3758505703125 0.41996308437499996 0.26750843281250003 0.30525624375 0.2938540765625 0.1831491328125 0.2573842984375 0.048587653125000005 0.30267607343749997 0 0.330437290625 0 0.61339365625
0 0.5385539360432151 0.9844959866056578 0.056324411069925695 0.03100802678868426
0 0.5183158471131408 0.945713597584495 0.06602679328391084 0.05811402837152997
0 0.5451982948435553 0.892534773290458 0.06295635698624161 0.059585600158284534
0 0.8671129895787448 0.811184451041485 0.06301092068857272 0.061148100158284535
0 0.9116740106301371 0.7444432319202974 0.08118056733052796 0.08977320533113406
0 0.8232613297747637 0.6112693675762478 0.048784729581579714 0.056051423198680436
0 0.8952851519146151 0.5195197882676458 0.03864583774894825 0.033903638558944314
0 0.8662772089935238 0.5663804164017489 0.05379961179556503 0.06556281551854859
0 0.9277653244172861 0.4180171242401654 0.07514882213985138 0.09584134890464338
0 0.9744344824919867 0.3356963692256005 0.031051592558271324 0.03992631802583091
0 0.8217409474759606 0.9459398842692952 0.053001003628197194 0.08739235141192588
0 0.8587151578202468 0.917298058721617 0.053472229581580065 0.056187815518548234
0 0.9466616242398007 0.6383212640527509 0.059176592558271325 0.04074467194503928
0 0.9526189583605517 0.6916735845858644 0.04146330290255769 0.06988660266556704
0 0.9223263123515686 0.5961648562934767 0.03864583774894825 0.033903638558944495
0 0.9432960659797655 0.5107501935196376 0.034394847367595106 0.04626724623907634
0 0.976882381496195 0.46715095770540255 0.01687996515360979 0.03639214106622681
0 0.9741641200634495 0.5225969756520912 0.018715283665263982 0.04425010517284953
0 0.916795564165667 0.5529915178136747 0.019786710344286362 0.030233069279472245
0 0.7400668507413378 0.8661410725116705 0.029379965153609612 0.036755853919208194
0 0.711106037039007 0.8668624865391508 0.027872028855940555 0.038272889812585476
0 0.4148163356803954 0.9917072614473733 0.05254464664195542 0.01658547710525333