0 1 0.5975789203125 0.506565534375 0.413121396875 0.45004431250000004 0.4285571984375 0.398238609375 0.4783601046875 0.4292952 0.5351328453125 0.5851556390625 0.62547755 0.652273084375 0.6766306390625 0.711499153125 0.673689665625 0.9458738734375001 0.7769839078125 1 0.7986821171875 1 0.5975789203125
0 1 0.3648776078125 0.9588897359375 0.22503496875 0.935275925 0.21801537031249998 0.79126154375 0.20461991875000002 0.677507065625 0.2697225671875 0.5574187390625001 0.2705177109375 0.6255569921874999 0.3679052265625 0.9157418859374999 0.4692279484375 1 0.4982728953125 1 0.3648776078125
0 0.6039979282834382 0.9570460527329215 0.06980466014423606 0.04771330290255769
0 0.5680052236862855 0.9223362360353657 0.07667290919430556 0.07449405771188111
0 0.2308864301832994 0.9169072138876654 0.07670927678548614 0.0760565577118811
0 0.1717283293096188 0.861113570873907 0.0992752610179167 0.10650794954451329
0 0.2307188567606951 0.7081497727806727 0.06090243882958344 0.06769842068857254
0 0.13909309479284776 0.634724685664697 0.04469555737069451 0.04215278366526398
0 0.17831990216354227 0.674012874957591 0.06740701196784729 0.07885417549789597
0 0.08371330413965324 0.5397048515439461 0.09473323138263896 0.11259425843752044
0 0.023464828740937894 0.47065724038135315 0.02605466014423615 0.04618551923729371
0 0.1116246710652437 0.7646949278601486 0.0668251305089584 0.0538541754978958
0 0.1136787867565632 0.8193551460089832 0.0674797471502084 0.0819791754978958
0 0.12846602573864643 0.7156299452833438 0.04469555737069451 0.04215278366526398
0 0.08907491099725748 0.6356894741392842 0.04335126291777782 0.05147321996293321
0 0.03825664019569495 0.6022792626138717 0.03691942496187504 0.04344246515360979
0 0.055899388295833886 0.6548313437393978 0.032341027735416694 0.04796627404661713
0 0.12432273318559084 0.6719890726880056 0.02736258700597225 0.035302582939624474
0 0.3698768482113202 0.9425470762313847 0.03691942496187508 0.04344246515360979
0 0.39787456164218826 0.936096179589429 0.035356924961874994 0.04338790145127902