0 0.5626419984375 0.3937548078125 0.06641524531250001 0.924003121875 0.07877748749999999 0.9991510375000001 0.25311378906250004 0.9971224515625 0.329080084375 0.9120759828124999 0.49258071875000004 0.7162586265625001 0.5463334078125001 0.692583853125 0.583917209375 0.6173382453125 0.6833739359375001 0.46787730312500003 0.6865898687499999 0.403644053125 0.6193476359375001 0.38238355 0.5626419984375 0.3937548078125
0 0.002911325 0.5004143437499999 0.0031378515625 0.5393508515625001 0.0468588125 0.8051229718749999 0.22400499218749997 0.6252286234375 0.43781561093750004 0.40639121093749997 0.45650650156249994 0.2896084484375 0.3497291109375 0.342204384375 0.22102893906249999 0.3348451125 0.09912180625 0.410670696875 0.002911325 0.5004143437499999
0 0.7109411461659298 0.9324161279042317 0.07068520472226432 0.06488066000954511
0 0.7262252577004442 0.8736405645687773 0.06914088544042371 0.06798747867599957
0 0.9934334000747548 0.7197139438654153 0.013133199850490485 0.0689499946689999
0 0.9344179901392469 0.5336951752069149 0.05504202400410492 0.061573846674090583
0 0.9805240734757483 0.42768098520055153 0.03895185304850344 0.03482953333863605
0 0.965354372751 0.479425298536006 0.05979315651766228 0.07256589067472703
0 0.9691373820225782 0.32390200453536966 0.03961701190385654 0.09576703333863615
0 0.9899089451560986 0.8619468971992787 0.020182109687802808 0.09091590133672725
0 0.9102048270804808 0.8035264172104147 0.033039758976990186 0.03944430800445424
0 0.8828974385167992 0.8100945905474599 0.031486349336070064 0.040988626670908704