0 0.637852141747814 0.29935250098195865 0.13293158420556886 0.2725931383672898
0 0.7426710063689679 0.9212724318965098 0.3801835517214315 0.15061918617910805
0 0.24468747350631218 0.19632957845522295 0.14187505298737565 0.3926591569104459
0 0.3503298382971021 0.16867675624651593 0.13684032340579577 0.33735351249303186
0 0.23669880328107581 0.7820574793155446 0.13376490870767296 0.20698631908544912
0 0.1609052066312712 0.3802364249626226 0.20165682467174006 0.5854294816532356
0 0.40093737415498276 0.9326336753554061 0.149841287293461 0.13053290339440443
0 0.7706744991973917 0.768015621689855 0.14577383538669525 0.192996541958086
0 0.546965096875 0 0.5290888812500001 0.052939653125 0.5224800359375 0.11599819062500001 0.533275965625 0.1442934171875 0.6167287234375001 0.135855878125 0.6705358125 0.095151571875 0.6927602296875001 0.0082553078125 0.564304746875 0 0.546965096875 0
0 0.8145684422881189 0.07024574220135994 0.1524752139724832 0.11648858411256369
0 0.5395857011041576 0.8318473592950191 0.09673613466105593 0.17552724082661797
0 0.3432613496450295 0.43697626259122774 0.13461808057737185 0.18668290944452864
0 0.07352180163661329 0.17609889168693948 0.08416172359113017 0.12858860831306052
0 0.6249428808632228 0.5571877268796577 0.13113098202865067 0.2210306383672897
0 0.5318799055428121 0.40385416950167363 0.11012900126594438 0.24590337334017515