0 0.3596799265371846 0.7255201447579165 0.12969104869945855 0.2716594072944446
0 0.2376557329538714 0.09787380233670137 0.3784364659077428 0.19574760467340274
0 0.7487617917963043 0.8071259821451383 0.13426154626382658 0.35454464247680556
0 0.6468816919584601 0.8360705593674649 0.13177174593951496 0.3013832748856252
0 0.7367359354689337 0.2524930335319091 0.13010806006354425 0.20607077488562514
0 0.8248861408233698 0.6459144187905201 0.19597416233372514 0.5793277433504864
0 0.5726756152591197 0.08484255300229146 0.15160123051823932 0.16968510600458292
0 0.2140933222384088 0.2654392427818054 0.14238987175194148 0.19386171561506957
0 0.4681232046875 0.8765949765625001 0.3867245078125 0.8848531609375 0.335447190625 0.9246922171874999 0.323707240625 0.9778479140625 0.468939696875 0.987159565625 0.47534435 0.9660068374999999 0.4796579078125 0.9042887343749999 0.4681232046875 0.8765949765625001
0 0.1968192366007288 0.9325182932186458 0.1436602711033183 0.08768445079743045
0 0.4388790880667214 0.20315287585621494 0.09518758928453738 0.17402068787965286
0 0.6441486095737815 0.5899404417762841 0.12978077759614023 0.18732077488562507
0 0.9174669273479635 0.8454039660932284 0.08189665665497756 0.12841724715020816
0 0.36385536322722956 0.4721951230064233 0.12876374837514692 0.21853440729444457
0 0.4602645332748877 0.6223568175355899 0.10894217207625304 0.24618662860909737