0 0.6529314980550924 0.6779155281002585 0.27426472267624524 0.15332922433401847
0 0.06080010285211148 0.7583908201522244 0.12160020570422296 0.3582183596955513
0 0.7965194342342006 0.29715366494466594 0.40407039734428024 0.17892608501815302
0 0.8177990157144857 0.3986060769979445 0.3524442648307229 0.1658875741437381
0 0.21863532874981054 0.2793042035365908 0.208621541958086 0.14753021049385406
0 0.6197301961380572 0.20906736901272938 0.580996511707465 0.24862045558811924
0 0.062217677987684725 0.43804648665412715 0.12443535597536945 0.1551570266917457
0 0.18122869399675803 0.8017986274528675 0.19931017447164331 0.15808570851668763
0 0.813773203125 0.5768326203125 0.8139572656249999 0.6585606390625001 0.8485518859375001 0.711657828125 0.9572352046875 0.7414915015625 0.9800792125 0.601472509375 0.9034898296874999 0.573778675 0.842479346875 0.5665949312499999 0.813773203125 0.5768326203125
0 0.8674792905041577 0.8542857326254323 0.14308744554888192 0.16048119665368965
0 0.1403683864223822 0.575392636350116 0.17716246369925476 0.11031937056996632
0 0.5460558259211401 0.38702788433576857 0.191434041958086 0.14682987353571572
0 0.8264119881943393 0.12644457551506968 0.13175906010845856 0.09284802768032892
0 0.4015235341594459 0.6616034144875554 0.221121541958086 0.14803954646340928
0 0.5605990731906656 0.5723287143738247 0.24913745764913048 0.13043555239490826