0 0.69375 0.6421875 0.2421875 0.0953125
0 0.09609375 0.7984375 0.1921875 0.3328125
0 0.7890625 0.275 0.40234375 0.08984375
0 0.80390625 0.36875 0.3171875 0.0921875
0 0.2328125 0.3234375 0.1796875 0.10234375
0 0.5921875 0.21640625 0.525 0.12734375
0 0.0796875 0.4875 0.159375 0.125
0 0.2765625 0.8078125 0.1671875 0.11484375
0 0.9974999999999999 0.54 0.9099999999999999 0.52 0.8525 0.52 0.8275 0.5325 0.8400000000000001 0.6075 0.8800000000000001 0.6525000000000001 0.9974999999999999 0.67 0.9974999999999999 0.54
0 0.91875 0.78125 0.1125 0.12734375
0 0.2046875 0.60390625 0.1546875 0.07265625
0 0.5515625 0.3875 0.1625 0.1046875
0 0.77109375 0.1171875 0.1125 0.06484375
0 0.45859375 0.6546875 0.1921875 0.1
0 0.5921875 0.55625 0.2203125 0.07734375