0 0.31605204093014455 0.6755225593149905 0.2894387155129752 0.16771005931499056
0 0.9208325576656305 0.7323030247889415 0.15833488466873896 0.40438770555093806
0 0.17588190581117974 0.2917139506080223 0.33096447421940245 0.18655290121604465
0 0.16191898236000285 0.3971681131555924 0.29124687697836443 0.17246122631118482
0 0.7145482581406004 0.24661889828747618 0.2235680540475858 0.16034854547482597
0 0.30345362788287555 0.1971256452845456 0.6008476062861495 0.27862629056909116
0 0.9087685696514182 0.39595168931367797 0.1824628606971636 0.17645370653952136
0 0.8054664229968918 0.7765411616333491 0.21312187697836435 0.1692778765014653
0 0.14422970468750002 0.5811021656250001 0.1142614390625 0.572215434375 0.053477881250000005 0.5827762812499999 0.03859244375 0.5892282203125 0.077050375 0.7356291125000001 0.12272173593749999 0.72013738125 0.15225967812500002 0.6642684421875 0.14422970468750002 0.5811021656250001
0 0.1449151045886689 0.8611059377564411 0.1047361668924562 0.15394735376405216
0 0.8221305433049938 0.5441252510629453 0.18706398801421215 0.11832287155854945
0 0.39535560210227805 0.3739374960828484 0.20629866689245616 0.1580857085166877
0 0.08595186736742602 0.12277826680591397 0.13937011646291486 0.10078786167271767
0 0.568610474896771 0.6452752796946764 0.23598616689245625 0.15929538144438116
0 0.3990548914505429 0.5635265780980708 0.26008540818602893 0.1431265533834914