0 0.4390057666295471 0.29661156490171975 0.17681922803945263 0.2997144742194024
0 0.14891602128422954 0.8478686912027158 0.2978320425684591 0.24886238240543151
0 0.8598540686266837 0.3397739032091879 0.20966918539145177 0.43885221732199753
0 0.7667767779678651 0.2770481739014028 0.19486125071608865 0.37405273292582975
0 0.6430343598822781 0.8919180025999621 0.1666987933640895 0.2161639948000758
0 0.8581626572645031 0.5523148467867528 0.27894753874917805 0.6220608649925767
0 0.42968892787241497 0.9492607728399214 0.16389996268299925 0.10147845432015715
0 0.13272521057450423 0.6862760939616777 0.17594652402927138 0.2247144742194024
0 0.4926063796875 0.02581640625 0.48397825625 0.09383867343749999 0.5205274640625001 0.152287340625 0.597878959375 0.191739703125 0.6189889515625 0.1693340515625 0.6364365578125 0.107805065625 0.6391031734375 0.053201890625000005 0.5658262484375001 0.029653696875000003 0.4926063796875 0.02581640625
0 0.3535062606620002 0.0529224406368888 0.16798747867599956 0.07751192559888345
0 0.3319246845560505 0.8327360933958508 0.12565562269254427 0.19709408525525057
0 0.6707172012651395 0.5378008881711824 0.16491811736154424 0.21632876413349428
0 0.9866705599538659 0.39176020635226266 0.020368138685544324 0.14004514586155709
0 0.35404732192873056 0.5438749892574078 0.16682606269890768 0.24609815128862386
0 0.5014955812778662 0.4351251882620396 0.15147378270208928 0.2687167797373265