0 0.37954171364440425 0.31072367126876943 0.1297857545523465 0.2740023360381265
0 0.19847150237426844 0.9110624107154626 0.3481145542357774 0.15600017856907478
0 0.7851492044732042 0.22782402760273066 0.14269023449408672 0.44913870373287823
0 0.683685992873864 0.2061456708650276 0.133712388096726 0.3552796095770768
0 0.7073631175762478 0.8318314634787015 0.13251829796757128 0.20689665665497756
0 0.8407329294003795 0.445714911125795 0.19503764766363715 0.5843591834403388
0 0.5230228729865242 0.9436980381527423 0.1465233105039836 0.09782166558343093
0 0.18068930581862302 0.7566067357965405 0.1430466210079671 0.19302507142762976
0 0.36550165625000003 0 0.37696254218749997 0.10667375781249999 0.42434233125 0.15291063437500002 0.5057198203125 0.170845678125 0.5204883234375 0.14427164374999998 0.5230478781250001 0.081506675 0.5079078375 0 0.36550165625000003 0
0 0.2377787963182186 0.06186302597458232 0.15055759263643723 0.12372605194916464
0 0.3998234022159839 0.8465793506519184 0.09410901583511758 0.17499209172016955
0 0.6517984615328333 0.4802786461082613 0.13353522868809903 0.18817393019392786
0 0.9571522366056578 0.25608757508766844 0.08337009263643722 0.12795345048646736
0 0.35572509507721267 0.5667378920477762 0.12975701082055266 0.21934210957707698
0 0.4696702716411053 0.4263974898570256 0.10870036473976086 0.24708528003177205