0 0.9264323578125 0.7859161218749999 0.995725853125 0.7812392625 0.9961209234374999 0.713332403125 0.8144142765625 0.731411928125 0.4992768984375 0.77034290625 0.219849653125 0.8065617812499999 0.0439656078125 0.8224160015624999 0.0441698390625 0.8236236187499999 0.35282905468750003 0.8161681015625 0.682317384375 0.794550846875 0.9264323578125 0.7859161218749999
0 0.7562371625 0.79263850625 0.5264312734375001 0.807087525 0.044444784375000004 0.82524935 0.0523862015625 0.8722065750000001 0.56730179375 0.8573923000000001 0.9953598359375 0.8441522609375 0.9957494171875 0.777188990625 0.7562371625 0.79263850625
0 0.4115991078125 0.747195659375 0.8692262390625001 0.6840429765625 0.9964933359374999 0.6493201890625 0.9973455828125 0.5028314171875 0.9782707140625 0.39004262500000003 0.8952720203125001 0.41032157968750005 0.6858064578125 0.46623160468749997 0.45116901093750006 0.5196546203125 0.1973093515625 0.5832355125 0.01027755 0.62322010625 0.0397056078125 0.7972268171875 0.4115991078125 0.747195659375
0 0 0.5624494375 0.011224596875 0.6288199484375 0.2165729859375 0.5845744421875 0.5377696640625 0.502677165625 0.8114461921875 0.4211869375 0.9774992671874999 0.385481090625 0.943965090625 0.1871950890625 0.808292071875 0.2336956078125 0.5371146109375 0.3186950734375 0.295426621875 0.3979555828125 0 0.4550700890625 0 0.5624494375
0 0 0.46028890625 0.192415678125 0.43048155 0.3484549984375 0.3738275328125 0.582099040625 0.303278675 0.8061127906250001 0.2320615 0.945115653125 0.1939983140625 0.9348561656250001 0.1333344453125 0.74942708125 0.18955640625 0.60952013125 0.2402862109375 0.40195593125 0.30745464375 0.2009326234375 0.379527684375 0 0.41507575625 0 0.46028890625
0 0 0.4106498046875 0.1794897078125 0.37655464843750003 0.40718579374999997 0.29335531875 0.63924349375 0.2134264890625 0.8325400296875 0.1519405703125 0.9329281125 0.121933959375 0.9286657421875001 0.0967307703125 0.806059275 0.130446659375 0.6270325625 0.1862471015625 0.3658030171875 0.2737929828125 0.1812292609375 0.34181728125 0 0.366806396875 0 0.4106498046875
0 0.7530756796875 0.863991340625 0.43690258593750003 0.8742944187499999 0.0528093046875 0.87470836875 0.06387035625000001 0.9401118390625 0.682490396875 0.93065940625 0.994886346875 0.9255380390625 0.9952844578125 0.8571084750000001 0.7530756796875 0.863991340625
0 0.9949006671875 0.9230765562500001 0.6361953812500001 0.92707449375 0.30012689843749996 0.93228736875 0.06499576562500001 0.9467663296875 0.073028065625 0.99426094375 0.6863816203125 0.9761717828125 0.8578438171875 0.9769568671875 0.9946964843749999 0.9581725203125 0.9949006671875 0.9230765562500001
0 0.8584937560501242 0.05717714660466864 0.12363748789975162 0.040124193961362756
0 0.8935272862025494 0.07990832526455043 0.0706761143631848 0.06577485731976358
0 0 0.3556823078125 0.1346584890625 0.347853703125 0.295415415625 0.3078428015625 0.2857013921875 0.2841756171875 0.41847495625000003 0.23628969375 0.5965522937500001 0.17485987812499998 0.6604408671875001 0.147404884375 0.643910634375 0.1284570515625 0.7583725484375 0.0848612359375 0.735262165625 0.049509025 0.6068476046875 0.10066578906250001 0.322672090625 0.19885489843749998 0.08930380624999999 0.2597824171875 0 0.26916711875 0 0.3556823078125