0 0 0.7125877093749999 0.22980676406249997 0.7453907234375 0.5580130390625 0.7780950375 0.7988694875 0.80963966875 0.9185560765625 0.8213345625 0.9286558156250001 0.7517133 0.7066333203124999 0.7372289890625 0.38701241875000003 0.724038659375 0.1030781828125 0.7140269796875 0 0.7063304828125 0 0.7125877093749999
0 0 0.7627117343750001 0.42615012343750003 0.8214722796875 0.9090358328124999 0.8869611515625 0.9191257484375001 0.8174075999999999 0.6307264484374999 0.78834291875 0.4020112328125 0.7649103609375 0 0.7132298734375 0 0.7627117343750001
0 0 0.677306371875 0.3087147859375 0.6866986500000001 0.7749229093750001 0.6992940828124999 0.9386348921875 0.682923821875 0.9696068359375 0.4694226890625 0.9721383265625001 0.42595866875 0.8859452109375001 0.43233623281250005 0.66410595 0.4533296 0.4184871515625 0.4677235296875 0.150938290625 0.48902546874999997 0 0.495913671875 0 0.677306371875
0 0 0.501509884375 0.1693128890625 0.49351669375 0.5082838187500001 0.4651261625 0.800767325 0.4293328140625 0.9724096546875 0.421300159375 0.983997171875 0.22235018125 0.8563322093749999 0.2430254953125 0.5651891734375 0.2827067484375 0.3046107078125 0.32154540625 0 0.32957274375 0 0.501509884375
0 0 0.33481545625 0.1939412140625 0.336854396875 0.3638911546875 0.30634741875 0.613897278125 0.2748199375 0.8547172312500001 0.2410482296875 0.983665896875 0.2280379328125 0.98719651875 0.16741949843749998 0.8127097015625001 0.1896172109375 0.66035124375 0.2169038359375 0.4368456140625 0.2493657390625 0.21818718124999997 0.287762203125 0 0.29009840468750003 0 0.33481545625
0 0.44635767968750006 0.2362535296875 0.6977499765624999 0.195170640625 0.9055589093749999 0.165995903125 0.9878710187499999 0.155838784375 0.9893845125 0.12985310156250002 0.8864472796875 0.14034711093750002 0.6943380796875 0.166232103125 0.41210366875000004 0.21007080781249998 0.21075955937500002 0.2471574640625 0.0064659750000000005 0.2416153578125 0.000044489062499999995 0.2858810390625 0.1981976015625 0.2812937140625 0.44635767968750006 0.2362535296875
0 0 0.834563646875 0.51561090625 0.9129963546875001 0.7955756375 0.9552532421875 0.8999222203125001 0.9497846687499999 0.907107696875 0.9002525015625 0.6053249890625 0.8585286359375001 0.2936476546875 0.8168001671875 0 0.76769381875 0 0.834563646875
0 0 0.8894610359374999 0.5051721515625001 0.958734759375 0.5571800796875 0.9677470234375001 0.8085305953124999 0.9545743015625 0.471567284375 0.901839065625 0.1420723140625 0.851798371875 0 0.8370532171875 0 0.8894610359374999
0 0.9479076080054473 0.0663731982157216 0.09344616311182748 0.05318695499752561
0 0.972149473832815 0.10482486657851582 0.04095819994353036 0.06134029172311406
0 0.7014132953125001 0.0781119421875 0.39346415625 0.128727896875 0.14673634375 0.1507666875 0.02073511875 0.143252834375 0.008319259375 0.22883996406249998 0.1634376296875 0.24548886718750002 0.3327845140625 0.23224887500000002 0.330710053125 0.20720082343750001 0.4752197765625 0.18156045625 0.6681634843750001 0.149941240625 0.7390795859375 0.1332305234375 0.7288792328125 0.111739275 0.8541824953124999 0.08734199687500001 0.842693446875 0.048514368749999995 0.7014132953125001 0.0781119421875