0 0 0.7803575 0.1464275 0.7714274999999999 0.37678500000000004 0.75 0.689285 0.7303575 0.9974999999999999 0.698215 0.8125 0.7053575000000001 0.5446424999999999 0.7053575000000001 0.2428575 0.7071425 0 0.7142850000000001 0 0.7803575
0 0 0.8428575 0.4946425 0.7946424999999999 0.9964275 0.7446425 0.9974999999999999 0.7 0.525 0.7428575000000001 0.3071425 0.7571424999999999 0 0.7767850000000001 0 0.8428575
0 0.8982150000000001 0.9974999999999999 0.9974999999999999 0.9857150000000001 0.9974999999999999 0.9464275000000001 0.725 0.9714275000000001 0.5892850000000001 0.9928575000000001 0.6714275 0.9974999999999999 0.8982150000000001 0.9974999999999999
0 0.623215 0.673215 0.9974999999999999 0.675 0.9974999999999999 0.510715 0.798215 0.4946425 0.55 0.4660725 0.32142750000000003 0.44464249999999994 0.1160725 0.41785750000000005 0.0017850000000000001 0.40535750000000004 0 0.6446425 0.1839275 0.6696424999999999 0.623215 0.673215
0 0 0.401785 0.1964275 0.41785750000000005 0.4660725 0.460715 0.7803575 0.49821499999999996 0.9974999999999999 0.5160725 0.9974999999999999 0.35357249999999996 0.676785 0.33392750000000004 0.4375 0.289285 0.1696425 0.2428575 0 0.20892750000000002 0 0.401785
0 0.21785749999999998 0.1946425 0 0.1589275 0.0017850000000000001 0.21785749999999998 0.1714275 0.24107249999999997 0.39285749999999997 0.2803575 0.623215 0.3178575 0.7785725 0.351785 0.9974999999999999 0.35714250000000003 0.9974999999999999 0.3160725 0.7625 0.3053575 0.5625 0.2625 0.35714250000000003 0.225 0.21785749999999998 0.1946425
0 0 0.148215 0.1339275 0.1696425 0.325 0.2035725 0.5553575000000001 0.25 0.7821425 0.3 0.9974999999999999 0.3125 0.9974999999999999 0.2696425 0.775 0.26785749999999997 0.5910725 0.22678500000000001 0.3321425 0.176785 0.15535749999999998 0.1464275 0 0.125 0 0.148215
0 0 0.9214275000000001 0.398215 0.8767849999999999 0.9974999999999999 0.8089275 0.9974999999999999 0.7464275 0.6196425 0.7946424999999999 0.32142750000000003 0.823215 0 0.8553575 0 0.9214275000000001
0 0 0.9392849999999999 0.24107249999999997 0.9410725 0.401785 0.9196424999999999 0.9974999999999999 0.8607150000000001 0.9974999999999999 0.8160725 0.7571424999999999 0.8321425 0.44107250000000003 0.8678575000000001 0 0.9196424999999999 0 0.9392849999999999
0 0.0921875 0.075 0.1125 0.0359375
0 0.0484375 0.11171875 0.09609375 0.0484375
0 0.20892750000000002 0.0625 0.1928575 0.098215 0.3071425 0.125 0.29464250000000003 0.1446425 0.3589275 0.1625 0.5357149999999999 0.198215 0.6678575 0.22678500000000001 0.6625 0.25 0.8196424999999999 0.26785749999999997 0.9974999999999999 0.2553575 0.9974999999999999 0.176785 0.848215 0.1803575 0.6196425 0.151785 0.3375 0.09464249999999999 0.20892750000000002 0.0625