0 0.3722026609375 0.14791240781249998 0.40467549375 0.016489262499999997 0.40076051718750005 0.0163297390625 0.320856209375 0.2650744375 0.23584739531249999 0.575188521875 0.1660046578125 0.8017287171874999 0.134558071875 0.9173318109374999 0.20184706718749998 0.9366265953124999 0.2523946015625 0.723285034375 0.31673370156249997 0.418713003125 0.3722026609375 0.14791240781249998
0 0.21412804687500003 0.44280973437500004 0.0711125578125 0.8991391249999999 0.1383412203125 0.9184166093749999 0.2140457515625 0.6434800984375 0.2739201328125 0.4274611265625 0.3995996234375 0.0162824375 0.349510034375 0.0142414421875 0.21412804687500003 0.44280973437500004
0 0.10935718750000001 0.0044559640625 0.0766580796875 0.16409368124999998 0.0791727421875 0.15754472343749998 0.1259397671875 0.005131651562500001 0.10935718750000001 0.0044559640625
0 0.5193708609375001 1 0.5250358703125 0.937170140625 0.5398866484375 0.7216231484375 0.565078315625 0.48419008906250005 0.5869604015625 0.2247833234375 0.609456915625 0.0366572765625 0.5613922828125 0.0228749828125 0.43234596718749996 0.0176167484375 0.366215221875 0.348800109375 0.278937075 0.79397273125 0.2686786203125 0.9557902109375 0.42285667812499994 1 0.5193708609375001 1
0 0.71691750625 1 0.7169436640625 0.9348591421875 0.7244425859375 0.6503033765625 0.7278689109375 0.3951628984375 0.7714696921875001 0.083113634375 0.6039501234375 0.03507823125 0.57957120625 0.241778603125 0.5532337875 0.570627021875 0.5416760921875 0.8559322359375001 0.5246226453125 1 0.71691750625 1
0 0.7732012859374999 1 0.7767451390625 0.90039913125 0.77422269375 0.750589653125 0.7780029875000001 0.5318655796875 0.7751383296875 0.31697059375 0.8099325 0.0941426515625 0.767116009375 0.081865234375 0.7304966484375 0.2869663265625 0.73337935 0.4540825921875 0.724421959375 0.69808135625 0.719157615625 0.933583371875 0.71500848125 1 0.7732012859374999 1
0 0.8122607078125 1 0.813619325 0.9778706078124999 0.8188625249999999 0.790149096875 0.8208215093750001 0.5135604921875 0.816472803125 0.3154434484375 0.8572257390625 0.1077037515625 0.8138487578125 0.09526561875 0.7847414765625 0.2986995484375 0.7894392 0.5427899578125001 0.7897059234375 0.789433690625 0.785195209375 0.9926581171875 0.7849054234375 1 0.8122607078125 1
0 0.276620625 0.0112714265625 0.10928781406250002 0.5159602109375 0.034568812500000004 0.7422062703125001 0.041482356250000005 0.8906428140625 0.0582755109375 0.8954581671874999 0.14873620781250002 0.609462709375 0.240013525 0.316436290625 0.34531655 0.014070571874999998 0.276620625 0.0112714265625
0 0.065745678125 0.49965350781250006 0.0281981984375 0.6054266125 0.034936578125 0.7501023296875 0.1273870234375 0.47527678125 0.22974162968749998 0.166315303125 0.2729815203125 0.0111231453125 0.2203383875 0.0089781015625 0.065745678125 0.49965350781250006
0 0.8723377278695843 0.9989839170333754 0.06722604135632863 0.002032165933249175
0 0.9048436328125 0.8090692562499999 0.90422974375 0.5068969796875 0.922041603125 0.2673477984375 0.952590640625 0.13504916250000001 0.8705695171875 0.1115300140625 0.8257175421875 0.2703104390625 0.8116266812499999 0.4344702265625 0.8367224421874999 0.43593181562499994 0.8388770953125 0.5779907265625 0.8391688796875 0.7673020421875 0.844307303125 0.8375840546875001 0.867190965625 0.8307662328125 0.8711993140625 0.9542425906249999 0.9114287687499999 0.948577375 0.9048436328125 0.8090692562499999