0 0.172789971875 0.6488764296875 0.0179636515625 0.6173706796875 0.0180239765625 0.6194439078125 0.292932934375 0.694211265625 0.604083540625 0.765346096875 0.832423565625 0.8247437546875 0.9682995203125 0.855543328125 0.9779789921875001 0.7896645265625 0.7449805703125 0.744461384375 0.44196919218749997 0.6929815203125 0.172789971875 0.6488764296875
0 0.4790730515625 0.7906651874999999 0.95915315625 0.917793771875 0.9688297640625001 0.8519344734375001 0.6730183015625 0.7839691015625 0.45618857031250004 0.7337854359375 0.0180657984375 0.62088120625 0.0194339421875 0.6679012515625 0.4790730515625 0.7906651874999999
0 0.026756167187500002 0.919549815625 0.35256348125 0.9729334359375 0.22155590468750003 0.9298479453124999 0.025580109375 0.8791313515624999 0.026756167187500002 0.919549815625
0 1 0.48010262968750006 0.914974284375 0.4755156828125 0.7046631921875 0.46853689843749996 0.4718083 0.45237020625 0.218162965625 0.44012245781250003 0.0180707328125 0.42362041093749997 0.013275684375 0.45625566875 0.0172288078125 0.592115715625 0.36774039687500004 0.64784170625 0.8097213999999999 0.7165951203125001 0.98798708125 0.7215491593750001 1 0.6397888515625 1 0.48010262968750006
0 1 0.287464275 0.8869001593749999 0.2913700828125 0.61088675625 0.2937786703125 0.36384959375000003 0.29910365625 0.0411951625 0.2662348078125 0.017282687499999998 0.428983875 0.23558270312500001 0.44664198125 0.5569385625 0.46082216249999997 0.8342227796874999 0.4622845265625 1 0.475762609375 1 0.287464275
0 1 0.2351891609375 0.8455445546875 0.2351265640625 0.701103603125 0.242605915625 0.48921273750000005 0.24636160468749999 0.2819171796875 0.2563668984375 0.046709446875 0.2287044203125 0.04065611875 0.269903559375 0.2589311859375 0.3002340984375 0.420049453125 0.2918246 0.6570636796875 0.29218537968749997 0.8853691046875 0.2892878546875 1 0.29236958749999997 1 0.2351891609375
0 1 0.1992969203125 0.9154502609374999 0.19711324218749998 0.73332426875 0.1984178875 0.465756540625 0.20587559843749997 0.27487554375 0.21673905625 0.0535301703125 0.182282346875 0.047239903124999996 0.22509411406250002 0.262966384375 0.24776514375 0.49823049687500004 0.235014478125 0.7365588609375 0.22643118437499998 0.9335687296874999 0.22389997031250003 1 0.22418214062500003 1 0.1992969203125
0 0.94864684375 0.9893000687500001 0.9573168578125 0.93029168125 0.648936859375 0.8478120953125 0.35345624999999997 0.770082840625 0.019525196875 0.6710374875 0.021420871875 0.7361876109375001 0.5638848890625 0.8888377937499999 0.9234499218750001 0.9895932625 0.94864684375 0.9893000687500001
0 0.9303552749999999 0.9895129109375 0.52213005 0.872836859375 0.20975772187500002 0.7850118640625 0.021566834375 0.74120404375 0.0229798453125 0.789766034375 0.5539885984375 0.9311870140625 0.7123395968749999 0.979119515625 0.78933989375 0.9911537734375001 0.9303552749999999 0.9895129109375
0 0.9642503681049732 0.136456548536006 0.07149926379005364 0.05556020401018138
0 0.9882107053311341 0.17680882853282434 0.02357858933773187 0.06438976400381798
0 0.7400318109375 0.11524075781250001 0.44808565624999996 0.126032084375 0.21417937812500001 0.11702114999999999 0.06718715 0.0893325171875 0.055604125000000004 0.16816694999999998 0.23001275937500001 0.2093882765625 0.39055931093749996 0.2173725234375 0.3885926515625 0.1932322734375 0.5255927359375 0.186367665625 0.7085098703125 0.1796959875 0.7757407265625 0.17239043125 0.7660704453125 0.1506532359375 0.8848621609375 0.142636546875 0.8739701546875001 0.1042091875 0.7400318109375 0.11524075781250001