0 0.290226775 0.2304971515625 0.29933442499999996 0.0052249015625 0.2327287375 0.0040622953125 0.2316178171875 0.12878547499999998 0.23703578906249997 0.3647022546875 0.2347851875 0.6842404531249999 0.24548407499999997 0.9975173406250001 0.2456513140625 0.9975261109375 0.2514729625 0.811152165625 0.2705507015625 0.5381611890625 0.290226775 0.2304971515625
0 0.183171265625 0.4824340359375 0.19831633906249999 0.995043875 0.24370056093749998 0.9974238140624999 0.233754346875 0.516139284375 0.23472102499999997 0.2933435640625 0.2364421015625 0.0041271125 0.1700382640625 0.0029680296875 0.183171265625 0.4824340359375
0 0.43807381718749994 1 0.4671126734375 0.8078481406250001 0.5138911765625 0.5564020968750001 0.5519982765625 0.3245936375 0.5939060453125 0.1167336640625 0.6123643953125 0.014314567187499998 0.5087275265625 0.008879871875 0.3670216953125 0.006406387500000001 0.332619334375 0.17244071875 0.2976930140625 0.6199563296874999 0.2694072421875 0.998771865625 0.2928271390625 1 0.43807381718749994 1
0 0.5990362593749999 1 0.6394564703125 0.6926750765625 0.70196948125 0.45118864375 0.7683356234375001 0.18067746093749998 0.810853196875 0.0247232765625 0.6162251921874999 0.014517026562499999 0.5881828828125 0.1986286640625 0.5253256265624999 0.4711522859375 0.4647457984375 0.7894575859375 0.43258948124999996 1 0.5990362593749999 1
0 0.6371714296875 1 0.6624513234375 0.7815587875000001 0.7203482218749999 0.5800149078125 0.77316985625 0.372724696875 0.8140106328125001 0.2323917671875 0.862331446875 0.027422784375 0.8029714109375 0.024309957812499998 0.7700265875000001 0.1825920109375 0.7142421171875 0.40616740937499995 0.659639896875 0.63893674375 0.6140181796874999 0.795459521875 0.5946968953125 1 0.6371714296875 1
0 0.683881240625 1 0.699756390625 0.7963013046875 0.7546904515625 0.6110426140625 0.824059490625 0.3498208421875 0.8675711484375 0.17126922656250002 0.89728550625 0.02925576875 0.8733028484375 0.0279981234375 0.8454519921875001 0.14818855625 0.7972839828125 0.341110678125 0.733588721875 0.5734031749999999 0.6665091609375 0.8018638890625001 0.6410918734375 1 0.683881240625 1
0 0.1063735015625 0.3797710984375 0.132695859375 0.99160275 0.1963182046875 0.99493909375 0.17426833125000002 0.609829653125 0.16640591875 0.3043732578125 0.1573880921875 0.0027472187499999997 0.090524365625 0.001580109375 0.1063735015625 0.3797710984375
0 0.0687096625 0.00119933125 0.0520861515625 0.216183234375 0.06246702656250001 0.38112040468749997 0.079984509375 0.9888385796874999 0.12553645 0.9912273125000001 0.1262797453125 0.7479618796875 0.112414084375 0.42392679843750003 0.0924974015625 0.0016145484375000001 0.0687096625 0.00119933125
0 0.9443551460089832 0.11107265137338121 0.046279777674814324 0.11792388555165915
0 0.91137152041842 0.07062888351647371 0.05601687622353566 0.08373980032431154
0 0.7779526999999999 1 0.783664275 0.87559303125 0.82904631875 0.6441660687499999 0.9073435765625 0.359668428125 0.9492394734375 0.2303486421875 0.914006771875 0.212063046875 0.8785853250000001 0.32710766874999997 0.8594688875 0.31331895625 0.83670165625 0.37788216874999997 0.787732978125 0.5561501765625 0.7492215578125 0.6892991953125 0.7259576625 0.6825990546875 0.696576796875 0.8417993750000001 0.6966325906249999 1 0.7779526999999999 1