0 0.6741816816688532 0.10639523944339788 0.04602513154179633 0.039826159090609534
0 0.2527400501976441 0.21243536485208264 0.039502115756780753 0.0350295649348082
0 0.698219879193309 0.2710441205308302 0.039411110495108835 0.0334670649348082
0 0.21522203753757463 0.7357501339268061 0.030218121018452494 0.036428423701106105
0 0.239628996875 0.015008309375 0.218865240625 0.011234509375 0.1735898234375 0.1282211546875 0.1939326953125 0.1392672203125 0.239628996875 0.015008309375
0 0.1549516625 0.1767179015625 0.121578225 0.272923496875 0.13675608749999998 0.2770323609375 0.181086546875 0.16902335 0.1549516625 0.1767179015625
0 0.10232427929213102 0.36465460957707685 0.0346171946818584 0.05835797077900677
0 0.3620177977079825 0.36371326704283324 0.046737763083592475 0.07886138555165925
0 0.513199408061917 0.1849178855483639 0.04948333148532651 0.09920115909060953
0 0.708579797496221 0.1468799176087309 0.08115753669052861 0.16062958279171563
0 0.5393608186840828 0.2862582430968459 0.046100726251889414 0.06792388555165925
0 0.6229329109045144 0.4089338583559655 0.05162268415851479 0.055532979707460586
0 0.6292731871422864 0.3269298818949159 0.037196163111827475 0.049037517856907444
0 0.5782504714843278 0.4644611095737815 0.058312299915295365 0.08998980032431163
0 0.655590576364829 0.0630582966675683 0.07257222099021768 0.06682503571381496
0 0.5098531421357271 0.04096333400623634 0.10529371572854593 0.06583528003177211
0 0.3416990504799927 0.5111649655007058 0.03866765785015547 0.04750229139585791
0 0.5805277900978234 0.6670503214243346 0.05778167889684287 0.054079573863261746
0 0.2575438583583831 0.4924910576279122 0.031037168373499215 0.050490923701106104
0 0.36899177964506685 0.7407803275134146 0.05244173151356133 0.06959547970746058
0 0.4074697216960894 0.6843627321397973 0.037651189420186526 0.056850017856907444
0 0.37835209811738807 0.7949047658250173 0.0406851841585147 0.0553420649348082
0 0.42770808503379565 0.873970702918804 0.03848564732681172 0.044377291395857554
0 0.3527088140576954 0.9532121436660388 0.03297909997176518 0.030232970779006864
0 0.4995830850337956 0.8752252857105198 0.026183068401734032 0.020748876623205348
0 0.21894700603813072 0.8194938883910329 0.032706084186749605 0.025545470779006506
0 0.22531956142685944 0.951770600241586 0.05218412628012441 0.03837275324641069
0 0.15061350596754353 0.7440069188298422 0.03966871572854584 0.06468979139585791
0 0.1674285506211671 0.6567114703719696 0.0375601841585147 0.05528751785690744
0 0.09284026137038973 0.8900228023529063 0.03297909997176514 0.030232970779006507
0 0.11017967981447607 0.9145688348203105 0.05273015785015547 0.04774775324641105
0 0.41356415813250413 0.2574729496723932 0.059526189420186525 0.05723184740221221
0 0.47760978953312605 0.07090024999670472 0.031598610495108835 0.03333069724005646
0 0.7542423660391293 0.27593221793304246 0.061330884102045145 0.11501707386326192
0 0.8235523501129395 0.13324588595210568 0.13687691567207594 0.12570120373287824
0 0.5700992533367076 0.7521111140380083 0.038212631541796147 0.03968979139585791
0 0.4325368821064936 0.5628013778377261 0.050515210466873836 0.06331820616851011
0 0.4755118793344833 0.4157451456946336 0.09371772084904322 0.21548072402541774
0 0.5590314926721895 0.6064576948011291 0.03968412628012441 0.038154564934808025
0 0.4846413535202343 0.9437843709378673 0.02985409997176518 0.030178423701106283
0 0.44339472724010986 0.9759251205341254 0.07515118942018653 0.04814975893174918
0 0.70557110565696 0.4267992426898088 0.028200594710093264 0.028588650162155817
0 0.5846230268730566 0.5967378214243346 0.049392326223654595 0.09763865909060954
0 0.19565080311082866 0.507833639608849 0.09731315770898115 0.1968125446422686
0 0.11414611397299076 0.8598949715897856 0.03388915258848364 0.04585797077900651
0 0.17065444823032755 0.9101501160698987 0.04905912628012436 0.03831820616851047
0 0.2907834796591843 0.7542740373353728 0.03067314732681181 0.044240923701106105
0 0.27057114824444495 0.9267530093321955 0.03572466837349921 0.05057274431795733
0 0.3606354351467351 0.9894626049093315 0.029581084186749606 0.02107479018133702
0 0.3023811323182551 0.7834121124164506 0.02571263154179624 0.039471603084255236
0 0.48577673221943307 0.6826014090873143 0.03076415258848364 0.04580342370110611
0 0.3201636359375 0.1314350296875 0.3417461625 0.14143195 0.381632515625 0.0566826765625 0.40193906874999996 0.007015871875 0.37788294375000003 0.0065959718749999995 0.3599694328125 0.042509728125 0.3201636359375 0.1314350296875
0 0.3251019171875 0.2352426734375 0.3675904484375 0.133196225 0.34007856406250003 0.1202094015625 0.30375303593749997 0.21561582031249998 0.29149957031249996 0.2109138953125 0.24466873125 0.32701695937499997 0.2247698421875 0.38255861874999997 0.25742156875 0.4010910890625 0.2754272328125 0.35611482968749997 0.3251019171875 0.2352426734375
0 0.525331225 1 0.586242496875 0.83629268125 0.6551071125 0.6666106421875 0.7397860140625 0.5122876796875 0.8101651406249999 0.3776341453125 0.8705948187500001 0.270751440625 0.860315134375 0.2596601421875 0.8772976437500001 0.2268695609375 0.86915284375 0.2177409484375 0.915134984375 0.10556234843750001 0.8933718484375 0.0996707546875 0.8330368968749999 0.23704339062500002 0.751056771875 0.42256123749999996 0.6759405796875 0.5725492609375 0.6355869390625 0.6765583937499999 0.5737473671875 0.81906266875 0.5177646140625 0.98253883125 0.5139915546875 1 0.525331225 1