0 0.9805298510120668 0.4544155272259925 0.0389402979758664 0.044371626280124234
0 0.7002654813887501 0.13312216907937086 0.034486315963434676 0.037848610495108834
0 0.8484398856464139 0.5561284876222793 0.03285104135632864 0.03619510523343692
0 0.9426477264263514 0.03910134036605463 0.013882717535011224 0.03041554209337479
0 0.22822146918764113 0.35880803967430036 0.03561216832079959 0.028564615756780754
0 0.8668731890625001 0.0244729734375 0.8608905 0.004246909375 0.7387137734375 0.021939828124999998 0.7381703859375001 0.0453826453125 0.8668731890625001 0.0244729734375
0 0.6881238578125 0.02939004375 0.589373503125 0.0473533734375 0.592569871875 0.062804590625 0.7065001875 0.0487065546875 0.6881238578125 0.02939004375
0 0.5009696486760925 0.07579332941918793 0.05741439371369381 0.02827618942018657
0 0.6181722270455239 0.3047612216255022 0.07823631596343468 0.04039675782192056
0 0.8412137748119937 0.35052322972977146 0.09698631596343468 0.04148882096198285
0 0.9404602959044428 0.5045366245669216 0.11907940819111432 0.06618498407380997
0 0.7639471075246513 0.42396000070587175 0.06737159057054054 0.04132222099021767
0 0.6942061499144375 0.5580612558969564 0.053600188998963995 0.04675317363517095
0 0.7693131577723203 0.5223519980750357 0.048330492142117085 0.03398015785015538
0 0.6270357665398261 0.54552272951801 0.08968323821317573 0.05197129465362345
0 0.9892038569054789 0.41642270356258654 0.021592286189042298 0.0649571420651398
0 0.9659065209877508 0.274219793011008 0.06818695802449852 0.1023507262518895
0 0.4796940779551468 0.3590454451759686 0.04684076674922295 0.03545165258848364
0 0.45086071835907165 0.6482213372411085 0.052328787427387446 0.05291216837349921
0 0.45857674917143054 0.27567150305435895 0.04960189371369381 0.027821163111827297
0 0.29187520843427417 0.4976738476232779 0.06922518899896399 0.047663226251889415
0 0.3579732433804622 0.5040078766330602 0.05763271753501131 0.03296368942018653
0 0.24883583787994423 0.5322987475809255 0.0547260413563289 0.03746917889684287
0 0.20176609284234295 0.6149439185852608 0.043788541356328904 0.03683214206513981
0 0.10020143878956703 0.587174505332259 0.027945217535011314 0.031234589448421345
0 0.232166376340789 0.6789763265060034 0.01984161910658786 0.024529563140062115
0 0.1566397216688405 0.40292903697287735 0.024892992142117175 0.03261507892507787
0 0.023521160667804502 0.4545509921074922 0.005997442927905439 0.028398015785015572
0 0.04254514247083944 0.47616068159826597 0.03655823821317572 0.048877115756780755
0 0.19126297063538317 0.30534140543108107 0.06395549214211718 0.034890210466873926
0 0.2761088515287954 0.27689861603912935 0.05458049214211709 0.03434417889684287
0 0.03872016749223005 0.32675992107492224 0.02794521753501129 0.031234589448421436
0 0.03136358581302963 0.3538229500141174 0.032016287427387435 0.05172909997176518
0 0.733015977045524 0.29807233489262125 0.055599336641599176 0.05621917889684287
0 0.9240390833318303 0.2618786877069838 0.03255994292790554 0.02994510523343692
0 0.8688829722880131 0.608206927113053 0.11461046360606986 0.05186487884037305
0 0.9811238372607717 0.6022614930251254 0.03775232547845668 0.12413472099021768
0 0.37244677398342413 0.6802063555863729 0.03902826674922304 0.03499662628012423
0 0.4760126139347921 0.46501472411516376 0.06290241439185813 0.0457367052052021
0 0.6232493329175455 0.43058797425633805 0.21392125889134023 0.07634821032569974
0 0.49477123014589586 0.5986616820217889 0.03761131596343468 0.03803062101845249
0 0.16734189701895338 0.699986047496221 0.029362168320799586 0.028200594710093264
0 0.10489540094789485 0.6879557553322591 0.07656680810555186 0.07146474729857691
0 0.716031954091048 0.6398271953877301 0.02772689371369381 0.026547089448421345
0 0.5136132754311662 0.6163651215125627 0.09698631596343468 0.04148882096198285
0 0.4180030990475959 0.22868238196531926 0.19858735731976368 0.08168815770898111
0 0.07413112861710056 0.3301810526873057 0.04505994292790545 0.03067314732681172
0 0.055676535151075845 0.40489262635071155 0.036412688998963993 0.04575211575678075
0 0.24506867493582812 0.4345969949500897 0.044914393713693726 0.027548147326811722
0 0.08604258539874486 0.501828539533126 0.04818494292790543 0.030855157850155378
0 0.06933458250326074 0.614040113196532 0.023184942927905426 0.02939907366340595
0 0.225066544042416 0.45926306598265965 0.036883569892376136 0.022405621018452494
0 0.04811239991443753 0.595691931598266 0.02816354135632886 0.035922089448421346
0 0.3948054633966729 0.5715825135071155 0.04647689371369364 0.02763915258848364
0 0.893961475 0.1706290171875 0.971500334375 0.16092513125000002 0.9673967578125 0.1410884859375 0.8966405749999999 0.1444754265625 0.8013630796875001 0.15315698125 0.8022876265625 0.17717838749999998 0.893961475 0.1706290171875
0 0.7130946921875 0.208755240625 0.8210058515625 0.19597081249999998 0.8200394859375001 0.1652298703125 0.7206674375000001 0.18018794062500001 0.7192938 0.1670303984375 0.5971926046875 0.182911628125 0.5398997421875 0.1927236265625 0.5383279203125 0.2307471578125 0.5855671203124999 0.22447497656249998 0.7130946921875 0.208755240625
0 1 0.6527967953125 0.9383361015625 0.6588656875 0.7400410953125001 0.677917959375 0.575777078125 0.6855061874999999 0.4671086421875 0.701147346875 0.3152955609375 0.7167841703125 0.14781971562500001 0.7479507875 0.07310205 0.7712922843750001 0.0753498484375 0.78215811875 0.1257069375 0.7648882203125 0.3058582671875 0.7363382625 0.48449504687499995 0.7135017640625 0.6568072640625 0.71223150625 0.8055912468749999 0.708021603125 0.9257287984374999 0.7087177 0.930805175 0.694152521875 0.9669670765625 0.692989290625 0.9712861796875 0.68128084375 1 0.6777141140625 1 0.6527967953125