0 0.49294925978364573 0.08523816178771587 0.043060322188333444 0.038973219962933105
0 0.13200653410059 0.34160220135861163 0.03673758700597225 0.03562996515360961
0 0.5841346913950345 0.23228926577873263 0.03670121941479163 0.0340674651536097
0 0.06080890701010411 0.07483879809323424 0.03502961664125002 0.02932540145127884
0 0.3171711697404507 0.8516022278522992 0.02896145459715278 0.03691964664195524
0 0.037049990625 0.15854413750000002 0.01554560625 0.1626438296875 0.021304665625 0.2904805765625 0.0454630890625 0.29344194375 0.037049990625 0.15854413750000002
0 0.0238174890625 0.343426853125 0.0322556859375 0.4471270953125 0.048542690625 0.445412471875 0.045652015625 0.3264500265625 0.0238174890625 0.343426853125
0 0.05307818104270788 0.541354175497896 0.02790810087368061 0.058740082939624474
0 0.3016267434473955 0.4444792086150057 0.03779224715020835 0.08094246515360962
0 0.3709989117597568 0.2185913204105708 0.03982752583555564 0.10130952885594055
0 0.5424219297115277 0.10964045026230326 0.063229964665139 0.16769842068857255
0 0.43934756183600676 0.3054216870154593 0.039100174011944586 0.07005952885594055
0 0.5710501970946178 0.3913368835647475 0.045022865691319504 0.05621528366526398
0 0.5416549442448261 0.3105581095181304 0.03237739532659738 0.04952877404661713
0 0.5514812730826733 0.4594594009879426 0.047421820288472284 0.09220734736759476
0 0.45394196438079853 0.04790928737827905 0.07024107123840295 0.06646330290255766
0 0.30408678153513885 0.07004220380568231 0.10512521751493065 0.08953870435383648
0 0.3427394398764231 0.5929092741314351 0.03546602773541672 0.048075401451278844
0 0.6385052283454161 0.6509326275742977 0.054325130508958354 0.05341766587924912
0 0.25489394776020785 0.6046974568009073 0.026200130508958353 0.052435519237293705
0 0.4661548368185411 0.7997272477225653 0.04378767401194459 0.07022321996293321
0 0.4794555770348953 0.7321677254900467 0.03263196846486114 0.06046627404661713
0 0.4978763090831243 0.8477480854715133 0.0356478656913195 0.05588790145127902
0 0.5786528771873951 0.9045189298438832 0.033830792553055565 0.04489583774894825
0 0.5395702337606589 0.9958767729078998 0.03183188145888884 0.008246454184200402
0 0.6488205600330549 0.8796032645976062 0.025436411094166722 0.019623019237293704
0 0.3552329077726034 0.9295561022617364 0.033394381458888935 0.026145837748948252
0 0.25777733273447845 0.8839310890148923 0.031214938829583438 0.066661710344286
0 0.23797528543177018 0.7941046971822603 0.0325228656913195 0.05577877404661713
0 0.3059713641727081 0.3250025223173366 0.05443423328250008 0.05810516587924912
0 0.2887695996394096 0.1234573804847046 0.028852351823611143 0.032232146641955416
0 0.640021668693611 0.21625752721147803 0.04807643692972228 0.12033234736759484
0 0.6466015898557639 0.06792915461613974 0.1286718202884723 0.09504465988879932
0 0.663885128421666 0.7362624923650877 0.03368532218833344 0.0386458377489479
0 0.4526593005337495 0.6069122651457605 0.043678571238402776 0.06553571996293321
0 0.4320227582650344 0.4521602777596322 0.0660653303564585 0.2224404843909033
0 0.5919581898764232 0.6016121846532065 0.03837282218833345 0.03880952885594056
0 0.6620277684299298 0.9504341197697496 0.02881598423243048 0.03066964664195524
0 0.6384077772636451 0.9859809450940847 0.06489895459715278 0.02803810981183048
0 0.6573877405976039 0.3771503871929446 0.025654616641249996 0.028998019237293705
0 0.6127071009705898 0.5835715127835078 0.03822865824437507 0.09969246515360979
0 0.20240407418510364 0.642740604623989 0.07184255167111128 0.20234623920022674
0 0.27154693237388805 0.9923834513586115 0.030269381458888845 0.015233097282776952
0 0.39714961046989516 0.841884976671173 0.026018292553055565 0.044623019237293705
0 0.44970829996506867 0.9939583642426358 0.027217116641249994 0.012083271514728367
0 0.4208410303977771 0.8653869640573013 0.02122168977951393 0.03977182813030104
0 0.553656796449687 0.701919719499597 0.026054660144236054 0.04618551923729371
0 0.1907895609375 0.1455710671875 0.1882160609375 0.045381909375 0.1687905203125 0.047426946875 0.1640499609375 0.140129103125 0.163256775 0.2392965265625 0.18816320312499998 0.24080297968750003 0.1907895609375 0.1455710671875
0 0.211641884375 0.33603900000000003 0.2094914234375 0.22341981562500002 0.177640103125 0.2212683234375 0.18291047656249998 0.3253020640625 0.1691793328125 0.325371453125 0.1730748328125 0.45294474687499997 0.177340484375 0.5130469609375 0.21645397812499997 0.51856241875 0.2148146953125 0.4691930359375 0.211641884375 0.33603900000000003
0 0.725738975 0.996146984375 0.7148646015625 0.8101332781249999 0.7095765890625 0.6235314640625 0.7259164546875 0.445662084375 0.7368096937499999 0.2917609171875 0.7498357578125 0.16791085625 0.7353114140625 0.16118292343750001 0.7378143921875 0.12376295156249999 0.7261631890625 0.11810871249999999 0.7238640796875 0.025277890625 0.6997295484375 0.02443509375 0.6996351140625 0.14980095 0.6990005796875 0.35629258125 0.69001101875 0.5265073250000001 0.695034621875 0.6402002015625 0.6956339453125 0.79839614375 0.7106694828125 0.9743386203125001 0.715410825 0.9972342875000001 0.725738975 0.996146984375