0 0.8698566400958058 0.38258196477509154 0.1000619549975255 0.09395338584218216
0 0.966149543193452 0.17305568655212317 0.058529552238563556 0.10498016587924908
0 0.9567568537997587 0.27760677729629607 0.06470430913596843 0.07400298439090332
0 0.7330869804394389 0.33397579526764537 0.11164790818602892 0.1364682680561673
0 0.8869456428093393 0.31038950624490386 0.07457063206674733 0.08370536660488845
0 0.807732855608781 0.22387659817020303 0.06387879353213641 0.08801092068857255
0 0.795499528494131 0.1287451474445636 0.08583568068726599 0.09033731252120454
0 0.8629526221171243 0.21563007775178294 0.0428359531885036 0.04360615626060227
0 0.8934114060383223 0.17208097439373837 0.05936171189493038 0.061339293283910835
0 0.29672243950929433 0.9840154237686154 0.04333392017181659 0.02334821996293286
0 0.09296667571448441 0.9142857332097769 0.06248671189493058 0.06144842068857272
0 0.1580527651536063 0.8969915950053421 0.05311171189493056 0.06112103847458741
0 0.4079299344209117 0.908065537378279 0.1000619549975255 0.09395338584218252
0 0.2475689665330873 0.9063790078893664 0.05426477611928178 0.05336310217691818
0 0.008359218114966996 0.8621106196001133 0.01671843622993399 0.03628472958157971
0 0.02670758989340713 0.8344866166048884 0.04217421189493057 0.060739092558271326
0 0.3873142192466208 0.8384697999921507 0.03831222749876275 0.04656746515360979
0 0.3581955280439051 0.9838095487262064 0.08041784034363308 0.0323809025475871
0 0.16954354308191044 0.7972098498146656 0.09044129353213637 0.08893850362819719