0 0.70546875 0.1671875 0.0671875 0.075
0 0.9375 0.1 0.1125 0.103125
0 0.81796875 0.10703125 0.0546875 0.0609375
0 0.88984375 0.02265625 0.0703125 0.0453125
0 0.71796875 0.29921875 0.1078125 0.0734375
0 0.77265625 0.16953125 0.0640625 0.0515625
0 0.83125 0.259375 0.071875 0.040625
0 0.97109375 0.21328125 0.0515625 0.0890625
0 0.9125 0.29296875 0.06875 0.0609375
0 0.85078125 0.2125 0.0328125 0.03125
0 0.89609375 0.19609375 0.0453125 0.0421875
0 0.8046875 0.01171875 0.08125 0.0234375
0 0.02890625 0.53125 0.0578125 0.0375
0 0.065625 0.728125 0.05 0.04375
0 0.0171875 0.7578125 0.034375 0.05625
0 0.096875 0.67421875 0.046875 0.0359375
0 0.02890625 0.69140625 0.0546875 0.0390625
0 0.1421875 0.45078125 0.06875 0.0734375
0 0.10859375 0.59296875 0.0390625 0.0390625
0 0.090625 0.83203125 0.021875 0.0453125
0 0.1234375 0.8046875 0.05 0.025
0 0.04140625 0.928125 0.0609375 0.075
0 0.19921875 0.4859375 0.0359375 0.025
0 0.04609375 0.4765625 0.05234375 0.0671875
0 0.1875 0.6875 0.06484375 0.06484375