0 0.7882017010651328 0.2273906216898552 0.09294618676785796 0.09583065046753828
0 0.9248222919776039 0.19066680562946822 0.07499468281352506 0.07698065651766242
0 0.7635943374152488 0.3712497059988106 0.1387043557412186 0.10703177088084707
0 0.8585314471108003 0.24572701035173256 0.08411501482874754 0.07078519867214013
0 0.8938866738790956 0.3556514561952023 0.08842051285158128 0.061437469749379046
0 0.9548759120160975 0.4115332966524778 0.05956068380210837 0.08157725292686617
0 0.9293267667687328 0.3101435134749905 0.043906508897248384 0.04243293969514968
0 0.9694251847535105 0.30366170931846026 0.038229511862997965 0.05645907825883114
0 0.9359600632321421 0.08984464901360993 0.09196200692008247 0.033339740826617836
0 0.002055954030882387 0.4577488674864426 0.004111908061764774 0.04387726502711473
0 0.015183353726871227 0.6217159187161067 0.030366707453742453 0.05031816256778665
0 0.11201724996281896 0.39456709055547134 0.09450868676785787 0.0958397408266178
0 0.03506613631293493 0.5387307018935938 0.05528967787060931 0.053434072208706954
0 0.009751754411443238 0.7678233042547261 0.019503508822886477 0.03935339149054773
0 0.16225998908840406 0.4458250635263042 0.045214340912470966 0.03619203005422929
0 0.02039675368859638 0.3998318283570271 0.04079350737719276 0.07999657220870696
0 0.09191436110406398 0.657902882709949 0.08943918479069153 0.08643746974937905