0 0.6515549330479902 0.9039771760531687 0.043497028855940555 0.03971095318850324
0 0.25517598476942155 0.7765846749215148 0.03708333774894799 0.034695904567984215
0 0.7039954306857374 0.742145561399276 0.03546627404661713 0.033051517412854635
0 0.3115723839432657 0.255828439620836 0.027762901451278844 0.035767081637205766
0 0.1839139109375 0.84672921875 0.161906646875 0.8566324171874999 0.1855932671875 0.9750954078125 0.20671575625 0.9724315765625 0.1839139109375 0.84672921875
0 0.176579190625 0.8165282890625001 0.152219221875 0.7070244734375 0.1365378875 0.7103117953125 0.1522161203125 0.8075304578125 0.176579190625 0.8165282890625001
0 0.1343699553653268 0.6183737844870247 0.026964293283910833 0.057560194482076096
0 0.38966509057453685 0.6322880410457454 0.03861112141421188 0.07844590456798421
0 0.5063912551878416 0.8180064557904952 0.03926588584218216 0.09719590456798458
0 0.6896923393085925 0.8614278279076195 0.061324424316769564 0.14826043758467122
0 0.5503992047323546 0.7190023897571216 0.03979167549789597 0.06759029172311397
0 0.6543277913001763 0.6012616118288174 0.04555060217691818 0.053855340343633
0 0.6467756969278063 0.6835385232942066 0.032886911069925515 0.048512743102595124
0 0.6212176801375834 0.5445103228192368 0.04993056733052796 0.08995661465389251
0 0.6224477864060349 0.9335761448455042 0.06219246515360979 0.03913109905006031
0 0.4751908404897188 0.9522110374277009 0.09522321996293322 0.047100729307785014
0 0.3956026104448027 0.48459084746818065 0.034394847367594836 0.0470321302577247
0 0.6594518340359329 0.3428725797166418 0.051746038474587405 0.05262038896415202
0 0.3100644145284867 0.4999911974227521 0.02669147477225655 0.049747694482076096
0 0.4635341880269497 0.2587819419956852 0.04609623920022674 0.069480340343633
0 0.49192951733837714 0.316560142470655 0.03165179328391084 0.057805855947465276
0 0.48254957205503335 0.20553743328925794 0.03623016587924912 0.05492651741285455
0 0.5444617842134182 0.12976947139432732 0.03584821996293321 0.04398901741285455
0 0.48571675599044983 0.047847764021952545 0.03061508293962447 0.028118355947465278
0 0.6161458112552601 0.13147141225835876 0.02409226442797028 0.019978307326946255
0 0.3292807283156356 0.17301926164710335 0.03206845553496285 0.025075243102595034
0 0.33158481669755574 0.017714285957362852 0.03234127404661713 0.032887743102595034
0 0.36201636116259295 0.03951404285476782 0.048075401451278844 0.03683161465389255
0 0.24880948911540876 0.24430111940359095 0.03343254809323426 0.06413774310259504
0 0.2504414217848809 0.3315554579382017 0.033105165879249124 0.05476274310259503
0 0.21811010453917096 0.09618452397157524 0.03061508293962456 0.028118355947465278
0 0.24004959192529923 0.07086029737732358 0.0516369110699257 0.049495388964152065
0 0.42097459956021155 0.7406018300553261 0.05498016587924912 0.05590916327441153
0 0.4510365778758471 0.929302481909777 0.02921627404661713 0.03272396879233526
0 0.7602181488345721 0.739978873814605 0.04924108656782167 0.11487472749876275
0 0.802373388582953 0.8726785091607125 0.12186013103285873 0.09528592378986112
0 0.6639880558129645 0.2576344425615121 0.03412202885594055 0.03921963025772479
0 0.49389626670540493 0.43888884385013605 0.04431548439090349 0.06314845318850323
0 0.5113416831328081 0.5869202301007547 0.07142859981466554 0.21429487336031983
0 0.6269369451985257 0.403063129241672 0.037192465153609786 0.03782090456798422
0 0.6138591141578178 0.06296707372374802 0.027544646641955238 0.029517081637205768
0 0.582120530037067 0.02504098569716367 0.06975199400955034 0.05008197139432734
0 0.739784141662996 0.5882050118742459 0.025927582939624473 0.027872694482076098
0 0.6499924992822098 0.41277232191472574 0.03926588584218216 0.09719590456798421
0 0.25145330636111873 0.48122790931768267 0.07713296279135698 0.19899742198083886
0 0.23339779864138838 0.12735595884271284 0.02965278366526398 0.04522396879233552
0 0.29898808230665236 0.08024858548239303 0.04495040145127884 0.03666784034363304
0 0.3892707980084162 0.2416187754419133 0.026527783665263982 0.04506019448207601
0 0.3999603052648103 0.06949811397652401 0.029761911069925696 0.04834896879233552
0 0.5003348166975558 0.010272478799758709 0.02888889183263199 0.020544957599517417
0 0.4050966946503716 0.21271584746818065 0.02156746515360979 0.03700203301668674
0 0.4752083311255261 0.0044097817734913515 0.0370833377489479 0.008819563546982703
0 0.5681373532732266 0.3227039218692972 0.02658234736759475 0.04662269448207601
0 0.3298681796875 0.8522799593749999 0.306827534375 0.8610773484375001 0.3301410890625 0.95140564375 0.3390397515625 0.980401559375 0.3629947453125 0.9791461312499999 0.3540071546875 0.9384679015625 0.3298681796875 0.8522799593749999
0 0.3244342953125 0.8732556578124999 0.353848375 0.8617997484375 0.3302370765625 0.758309484375 0.3029122203125 0.6357611265625 0.293215609375 0.5901860625 0.2577489953125 0.6068780968749999 0.26742244375 0.663037525 0.292798715625 0.7807046171875001 0.30570604375 0.776676378125 0.3244342953125 0.8732556578124999
0 0.6525769140625 0 0.6534844515625 0.026682065625 0.679409890625 0.191841825 0.7148499984375001 0.3364928578125 0.7360081953125001 0.4418198109375 0.783186140625 0.594589715625 0.8307759640624999 0.7829791187499999 0.85936731875 0.8973273468749999 0.8825269375 0.8924723328124999 0.8628945703124999 0.8040172171875 0.8725465328125 0.7953816578125 0.8616804359374999 0.761953703125 0.8737855015625 0.75148145625 0.8333697046875 0.6422568937500001 0.78811718125 0.5049526203125 0.7322963062500001 0.3473823640625 0.6947934796874999 0.175392534375 0.662247090625 0 0.6525769140625 0