0 0.0703125 0.5828125 0.0296875 0.03515625
0 0.26875 0.22734375 0.02734375 0.0296875
0 0.2125 0.65 0.025 0.0296875
0 0.01953125 0.190625 0.021875 0.028125
0 0.75 0.340625 0.0296875 0.021875
0 0.095 0.13999999999999999 0.0933325 0.16 0.2166675 0.1533325 0.21166749999999998 0.1316675 0.095 0.13999999999999999
0 0.355 0.125 0.26 0.12833250000000002 0.24666749999999998 0.15 0.355 0.13999999999999999 0.355 0.125
0 0.4421875 0.13359375 0.0515625 0.01640625
0 0.378125 0.3703125 0.0703125 0.0234375
0 0.1796875 0.4578125 0.08984375 0.021875
0 0.09765625 0.625 0.1484375 0.03359375
0 0.26484375 0.51015625 0.06015625 0.0265625
0 0.35546875 0.62109375 0.0453125 0.03515625
0 0.27890625 0.603125 0.04140625 0.0234375
0 0.415625 0.59609375 0.078125 0.03203125
0 0.03046875 0.55234375 0.0609375 0.0546875
0 0.03671875 0.4125 0.0734375 0.08515625
0 0.51640625 0.3921875 0.03984375 0.025
0 0.5984375 0.6546875 0.04140625 0.0421875
0 0.5203125 0.3109375 0.0453125 0.01640625
0 0.7171875 0.4828125 0.05859375 0.0328125
0 0.65703125 0.5015625 0.0515625 0.02109375
0 0.7640625 0.50625 0.04765625 0.025
0 0.8234375 0.5734375 0.0359375 0.0265625
0 0.9125 0.52734375 0.02265625 0.025
0 0.80703125 0.6390625 0.0140625 0.02109375
0 0.82421875 0.3671875 0.01875 0.02734375
0 0.9703125 0.3875 0.0265625 0.025
0 0.94453125 0.4125 0.0265625 0.0421875
0 0.7734375 0.28359375 0.0578125 0.0203125
0 0.68984375 0.275 0.04765625 0.02265625
0 0.91875 0.27265625 0.02265625 0.025
0 0.9390625 0.2953125 0.0375 0.04140625
0 0.2703125 0.38671875 0.0453125 0.04375
0 0.0859375 0.3921875 0.0265625 0.02265625
0 0.20390625 0.70234375 0.1046875 0.02734375
0 0.053125 0.7265625 0.10390625 0.10234375
0 0.0015625 0.76171875 0.003125 0.0015625
0 0.678125 0.66953125 0.03125 0.0265625
0 0.540625 0.48984375 0.05390625 0.0328125
0 0.39765625 0.48828125 0.2 0.02890625
0 0.5484375 0.6171875 0.0296875 0.0296875
0 0.871875 0.6453125 0.0234375 0.02265625
0 0.9265625 0.62109375 0.0609375 0.0546875
0 0.3515625 0.7015625 0.02265625 0.0203125
0 0.534375 0.63828125 0.0890625 0.02109375
0 0.5484375 0.25859375 0.1796875 0.0375
0 0.88671875 0.2828125 0.0390625 0.02109375
0 0.91796875 0.34921875 0.0265625 0.0390625
0 0.7484375 0.41484375 0.0390625 0.0171875
0 0.90859375 0.4453125 0.0421875 0.0203125
0 0.9453125 0.5453125 0.01875 0.0234375
0 0.771875 0.43359375 0.03359375 0.01484375
0 0.99296875 0.50703125 0.0140625 0.01640625
0 0.96953125 0.52578125 0.03125 0.02890625
0 0.6359375 0.57265625 0.03984375 0.0171875
0 0 0.31 0.09625 0.30125 0.1825 0.28875 0.17875000000000002 0.26625 0.08875 0.27749999999999997 0 0.2925 0 0.31
0 0.4375 0.28500000000000003 0.42874999999999996 0.25 0.37374999999999997 0.2525 0.2575 0.2625 0.25875 0.275 0.16375 0.28125 0.16875 0.31 0.27125 0.3 0.39249999999999996 0.28875 0.4375 0.28500000000000003
0 0 0.8025 0.12250000000000001 0.79125 0.12875 0.8012499999999999 0.1625 0.795 0.16999999999999998 0.8074999999999999 0.28125 0.7825 0.42000000000000004 0.75625 0.58 0.7224999999999999 0.75 0.7075 0.9225 0.6975 0.9974999999999999 0.70625 0.9974999999999999 0.6950000000000001 0.89875 0.68625 0.7375 0.6912499999999999 0.59375 0.7075 0.49000000000000005 0.7150000000000001 0.33625 0.74125 0.14875 0.76375 0 0.78125 0 0.8025