0 0.9255766163513732 0.5110034650583211 0.03642217887824373 0.04066354135632899
0 0.7092986776350484 0.17660715612419975 0.0329696302577247 0.034267992142117176
0 0.7822559842846261 0.5987304050907424 0.029844630257724703 0.03412244292790554
0 0.9578047766851088 0.10424404280858013 0.013973968792335612 0.02870719685684686
0 0.21973713138937856 0.35761548511280383 0.03412269448207601 0.02652826674922295
0 0.8870787734375 0.08418033124999999 0.88465034375 0.0640572484375 0.7646014828125 0.0715592734375 0.7602459171875 0.0942899234375 0.8870787734375 0.08418033124999999
0 0.7148723593749999 0.0747861859375 0.617242734375 0.0844080953125 0.6177803859375001 0.0996717171875 0.72933378125 0.0950082171875 0.7148723593749999 0.0747861859375
0 0.5275783661242306 0.10479858436979676 0.055833920171816584 0.024422111248705036
0 0.6027134056996382 0.33666070637186873 0.07507524310259513 0.03467040653397522
0 0.8091028465636695 0.3987475217161309 0.09530585594746518 0.03405397642635144
0 0.8943365824301754 0.5568810452897794 0.15089411465389233 0.053788587675056475
0 0.7230967475136092 0.4635420758927413 0.0657821302577247 0.035796258891340214
0 0.6338970494134886 0.5892741300693518 0.05212906603337366 0.042953787427387445
0 0.7125509938955645 0.5606717870176119 0.04678646879233561 0.030235463606069858
0 0.5716803324301752 0.5719090016571391 0.08642217887824373 0.04299232878371626
0 0.9531184401866628 0.47620893404107445 0.04217421189493038 0.061194365177646405
0 0.9449451713034703 0.33474918011213306 0.06576884215265544 0.09502570967712849
0 0.4609862511316537 0.37911153370784295 0.04366146879233561 0.03008991439185813
0 0.38637691825125253 0.6576946060814185 0.04776911465389251 0.048985463606069854
0 0.4552109639310955 0.2959908186540311 0.04950203301668683 0.022568512820281585
0 0.25837915027257113 0.497656134203181 0.06454717887824382 0.04197348428423435
0 0.3208824722988385 0.5095525126153938 0.056079581637205764 0.029109611248705036
0 0.21159268148023563 0.5278915978092509 0.05155585594746528 0.03201628742738745
0 0.15301554161157238 0.6046574590579559 0.04061835594746528 0.031506865177646406
0 0.05896897048981618 0.5700705973949661 0.02639208163720579 0.02772689371369381
0 0.17219158751855793 0.6700084772549209 0.016853307326946253 0.024165246071058633
0 0.144498113976524 0.3954108916467791 0.02343085594746528 0.030706344499482084
0 0.004919915479918622 0.4358818420182827 0.009839830959837243 0.027872442927905538
0 0.02201892639185295 0.45722814909037723 0.03206222749876281 0.04669521753501123
0 0.19295662539648478 0.3035294526478151 0.06224769448207601 0.027838209677128488
0 0.2781914405253471 0.2831933738640988 0.05147396879233561 0.030453787427387448
0 0.04369693181891987 0.3112606776264245 0.02639208163720579 0.027726893713693725
0 0.024377043759278967 0.33787883560814186 0.0429997274987628 0.04720463978475227
0 0.7140227199239894 0.33926982196379996 0.05253850180902227 0.050766287427387445
0 0.9036584300098977 0.31952659450399123 0.0294351944820761 0.02630994292790545
0 0.7935343210102145 0.6512004336267897 0.11134029172311415 0.04259422249741007
0 0.9265548609243062 0.655915704719239 0.07941526232447202 0.11748290653397539
0 0.3048026916570009 0.6825362483473703 0.034368355947465366 0.03121576674922295
0 0.44003858604821994 0.48140177977890153 0.06142217887824373 0.04182793507002245
0 0.5861290140219525 0.45978999131805676 0.2102691146538925 0.056554022745078925
0 0.4363260085948856 0.6117249805646898 0.03617651741285464 0.035976041356328814
0 0.10599337743264967 0.6840025107533669 0.027872694482076056 0.026237168320799496
0 0.04764196687177157 0.6672366958233896 0.07038109905006032 0.06406680810555195
0 0.6413576673467414 0.6699783205160579 0.026146420171816585 0.02303939371369381
0 0.4517086691557637 0.6304920971900783 0.09374335594746519 0.03398120181924576
0 0.4234972964728124 0.24681061001035992 0.19028416327441172 0.06185795285270288
0 0.07688124604327111 0.31750852357364856 0.043497694482076035 0.02696491439185813
0 0.047374130484867404 0.3898030545908952 0.0318984531885033 0.043570217535011224
0 0.22431841078802073 0.4337777247737217 0.04333392017181659 0.02383991439185813
0 0.06026587686682279 0.4858411466091779 0.04654080732694628 0.025547963606069857
0 0.026572550317999665 0.5934010895370833 0.02170458163720579 0.027508569892376045
0 0.20055668419376907 0.4559267065767566 0.03692014586155699 0.020423815963434677
0 0.0094995338654271 0.576669507857883 0.0189990677308542 0.03441354135632899
0 0.3445822438955645 0.5778102069910414 0.043333920171816497 0.02383991439185813
0 0.8891470765625 0.2283123953125 0.9676602828125 0.2249214109375 0.9669770312500001 0.2055243 0.8959939640625001 0.20311765624999997 0.8032126640625 0.20399802500000003 0.8001700546875 0.227407128125 0.8891470765625 0.2283123953125
0 0.7094782625 0.2510117046875 0.8150450453125 0.24714713437500002 0.8191466593750001 0.21720696562500003 0.7214124609375 0.223860103125 0.722247446875 0.210969196875 0.6025673484375 0.216717225 0.5460244796875 0.22170711718749997 0.5382978015625 0.2585207953125 0.58462124375 0.256172659375 0.7094782625 0.2510117046875
0 0 0.7585294046875 0.055268125 0.7447050515625 0.23268451093750003 0.73125196875 0.40771405781250003 0.72322920625 0.573151440625 0.7356557578125 0.7165085109375 0.7433612953125001 0.8315941468749999 0.7535617796875 0.8388442734374999 0.7398147546875 0.8737100703125 0.741551565625 0.879766778125 0.7305197015625 0.9594506828125 0.7271513109375001 0.960647775 0.7043094296875 0.8518374812499999 0.7061320890625 0.6585767062500001 0.70892016875 0.49982329375 0.7032693125 0.393063090625 0.70984904375 0.244932340625 0.7130041453125 0.0792424296875 0.7300040921875001 0 0.747594575 0 0.7585294046875