0 0.13381840457275482 0.6248040369728773 0.09111587939029935 0.08965330517696728
0 0.0422222987937771 0.8591251000423522 0.0844445975875542 0.14112479991529553
0 0.049606510155340816 0.7359228184723212 0.07539997579950318 0.07311825256024881
0 0.269537735954844 0.6543865792074264 0.09761131908544902 0.1322048262236546
0 0.12403433841417204 0.6956625685429084 0.0660704275949013 0.08038472099021768
0 0.20639686563973095 0.7681830396743005 0.05673178903121974 0.08608868942018652
0 0.13060600439980422 0.908488792234549 0.10352497579950315 0.0747563472703419
0 0.2254008748131131 0.8576704739034022 0.07861587939029935 0.0889252630835923
0 0.153199142767094 0.7837772185711432 0.039289758976990455 0.04133763154179615
0 0.1279446127128647 0.8289833027578929 0.051871572208706994 0.056128173635170954
0 0.8378540031232579 0.025580133280737206 0.053415891490547554 0.05116026656147441
0 0.7775932139938424 0.046085629687419166 0.04563975292686617 0.05888915258848363
0 0.5361506025575239 0.06639594261571984 0.08955337939029935 0.0895622999152954
0 0.6908880995324618 0.04879267171020679 0.04714771077238851 0.04960515785015547
0 0.9423051537871878 0.059140824581039086 0.050181807181592576 0.03416216837349917
0 0.9077619821442149 0.09004919033781976 0.03626475292686635 0.058343121018452515
0 0.5623267622966401 0.13125510316729844 0.033057939695149766 0.04409861049510884
0 0.5788017108705844 0.002202088415352149 0.07520907825883114 0.004404176830704298
0 0.774685861730906 0.14309713757992695 0.0801511083130606 0.0843287683452643