0 0.18287221223361483 0.28535221360105895 0.08024742198083885 0.07075792759490121
0 0.10512791327441158 0.053720418519714964 0.11025582654882315 0.10685905405833437
0 0.11747850633157808 0.17016302995603344 0.0670923247398008 0.058185204722264315
0 0.03233886646291486 0.0954715812838933 0.04595430913596858 0.07212043969514967
0 0.3151524457252714 0.2759686441228264 0.08237648801421234 0.1113829275949012
0 0.1824351209854706 0.21740164431921816 0.05820864767057934 0.06750566256778665
0 0.2715927962456698 0.16012547550491557 0.04595430913596861 0.07212043969514967
0 0.2191151701718165 0.02314310509160667 0.09448034034363299 0.04428633118569744
0 0.30166872060135785 0.07829421340466718 0.06774742198083886 0.07068520472226432
0 0.22287201322898303 0.13953571955298724 0.03296963025772479 0.03299430718159235
0 0.20483134215265536 0.09335106596219107 0.047769114653892594 0.04713862041330889
0 0.02364329715018097 0.18289431323171654 0.023090019221876847 0.08292158430895542
0 0.5735900604907057 0.9733385478118184 0.042010437584671045 0.05332290437636331
0 0.7719113738105458 0.9440480410743233 0.047932888964152195 0.050263620413308986
0 0.8009304884644383 0.9888140777678519 0.059204581637205676 0.022371844464296232
0 0.7163264371303859 0.9117031736860763 0.04003850180902226 0.048655668617910666
0 0.7346913348009652 0.9769271561248789 0.0448078889641522 0.0461456877502421
0 0.48870604816623375 0.8603941619786115 0.08024742198083885 0.07075792759490121
0 0.6335991463117829 0.8979446798343964 0.042754066033373485 0.040861349336070066
0 0.8761518164835994 0.9212241403121973 0.04810330732694652 0.023710210772388506
0 0.8470884362258747 0.8882525590283041 0.0291828889641522 0.050154536104353296
0 0.9674939529613606 0.9705458667990715 0.0650120940772787 0.05890826640185694
0 0.5224768605815627 0.8043577854169826 0.026883404567984215 0.03608294574527378
0 0.5180018017842783 0.9574100625443455 0.07317855042954129 0.05509656615858276
0 0.7263797885552954 0.8203832820973329 0.07070864767057934 0.06757838544042372