0 0.1625 0.2524332972138723 0.0921875 0.09130681043863911
0 0.121875 0.03131716041040423 0.121875 0.05553591041040423
0 0.1140625 0.11679963410204497 0.075 0.07311825256024873
0 0.3078125 0.26714678654935425 0.096875 0.1337673262236546
0 0.175 0.17972383930724709 0.065625 0.08350972099021763
0 0.28203125 0.13517644973176876 0.0546875 0.0875601841585147
0 0.33203125 0.057619868105267924 0.0765625 0.0810217578219206
0 0.234375 0.10505703925077736 0.0390625 0.04290013154179624
0 0.2234375 0.05207625241907441 0.053125 0.05934417889684287
0 0.6234375 0.9963792602409949 0.046875 0.0072414795180101525
0 0.3859375 0.9256032996329466 0.090625 0.09121580517696729
0 0.5359375 0.9828481102833473 0.05 0.034303779433305336
0 0.76953125 0.9953242654320796 0.0359375 0.009351469135840774
0 0.43359375 0.8705664601139382 0.0328125 0.04566111049510866
0 0.6515625 0.9277929441171612 0.08125 0.08598227360693614