0 0.9347799154200869 0.6822542293173264 0.09474997334499946 0.09030397642635143
0 0.992408412714816 0.7905611889944548 0.015183174570368153 0.07140411910658777
0 0.7985338800922684 0.7165114511955639 0.09992836935072642 0.13270980024766904
0 0.9473350067631774 0.7546750388706203 0.0696590666772721 0.08132708271265762
0 0.864668504773995 0.8304690973904568 0.05879429201145392 0.08706766046291677
0 0.9410957394573124 0.9566185285315381 0.10050907733927232 0.04840757485477489
0 0.8477815441199491 0.9226009394087396 0.07912497334499946 0.0895762303552928
0 0.9179207741088131 0.843880934032056 0.041097714672181596 0.04251713978475209
0 0.945791782781631 0.8904669896564087 0.05377952800763595 0.058724336641599
0 0.408821016669318 0.03856180975818171 0.044095445337363516 0.03172518899896402
0 0.20482440734404497 0.0884033362273144 0.056959072008272306 0.06355738585581086
0 0.2683601960136812 0.11322570781510162 0.04752952800763595 0.05843323821317572
0 0.240434643340227 0.06195215219074911 0.04718408267027261 0.02874573821317572
0 0.5129187180139994 0.1269586838271683 0.09166133601209037 0.09328342721213971
0 0.35659599267981756 0.11343122311658256 0.050581802673454225 0.052328787427387446
0 0.10069143801718103 0.13118368755122195 0.051944308004454334 0.03521406203449331
0 0.13618404268777176 0.16172736621110373 0.03661020934118144 0.05948631596343472
0 0.01765167134786297 0.1077953833746115 0.03337612133990879 0.049965766749223
0 0.4887005153564535 0.19298179011347458 0.03330339600572696 0.04371576674922304
0 0.4674238573360908 0.04207210752465136 0.0785977146721816 0.04426373035529287
0 0.2741931200270442 0.21188153163641918 0.08219542934436311 0.08503427956950463