0 0.9088314984171543 0.5932017914024483 0.033903638558944495 0.03807274431795715
0 0.7029418289128906 0.20871156331654564 0.030642246239076344 0.03333069724005648
0 0.7504446854058884 0.6693666452974825 0.029079746239076342 0.0333034237011061
0 0.9767574136317689 0.16410858076971133 0.024346782132453625 0.031659103084255104
0 0.17276493243638746 0.3421214959428102 0.03349446159934022 0.024010244317957154
0 0.8964365031250001 0.1318186921875 0.8952500999999999 0.109992578125 0.768009609375 0.1031116375 0.7618561796875001 0.126884615625 0.8964365031250001 0.1318186921875
0 0.7152932578125 0.100388846875 0.6115740953125 0.09855904374999999 0.6110970953125 0.1149524859375 0.7291752703125 0.1238148359375 0.7152932578125 0.100388846875
0 0.5152947278966762 0.10969518506848712 0.05679556927947225 0.019731847402212253
0 0.5780829182506225 0.3670616258157218 0.07728992570596294 0.02633640340856669
0 0.792497107746639 0.4585831039016245 0.09911946159934004 0.02515573295387128
0 0.8770215572717852 0.6398273754119801 0.1635911385589445 0.04033644805083547
0 0.6978689178549111 0.5172371294691698 0.06644335391920819 0.029270488635914305
0 0.595103967538342 0.6408439991925163 0.051091138558944496 0.03837275324641087
0 0.6792660188711255 0.6198536148586732 0.046039925705962756 0.025790932629559827
0 0.5302745894042389 0.6146457378284307 0.08693771034569905 0.03587504464226861
0 0.9519737446562306 0.5596529058507892 0.06422763605166182 0.06046594155801355
0 0.9493979771052533 0.4066506367760657 0.07929034639736088 0.0950864034085667
0 0.426596974597971 0.39391227232442966 0.044568353919208194 0.028888659090609538
0 0.32919181103270895 0.682185614044599 0.04667642319868044 0.04766593262955983
0 0.42528217867546375 0.3049179561718055 0.05054556927947225 0.019622753246410874
0 0.20498273588074203 0.49616806777747724 0.06506271034569897 0.035493215096963834
0 0.26999397044133583 0.5161163291415629 0.05693196159934022 0.02441934740221221
0 0.15267007812146782 0.5228493445628384 0.052380853919208284 0.029025026785361164
0 0.08568951511020179 0.5974186964292775 0.04144335391920826 0.028834112012708957
0 0.0015892717408658576 0.5490551087662979 0.003178543481731715 0.028452282467404187
0 0.10156691620555847 0.6689800507313486 0.016306961599340218 0.023710235389503433
0 0.09067384646386786 0.3724459699682279 0.021176318025830955 0.030042056006354477
0 0.14880224670129472 0.2800715093354908 0.06313649749271755 0.02296594155801355
0 0.24048128134103078 0.2691010073068959 0.052289925705962935 0.025900026785361165
0 0.0017406932569401477 0.2702170426136738 0.0034813865138802955 0.028315914772652384
0 0.6963100810244617 0.38295758685549597 0.05136392319868044 0.047747753246410875
0 0.8976907245979711 0.38568930033090215 0.028852425705962758 0.025490923701106106
0 0.7581375134608491 0.7270155040637803 0.11648881802583091 0.03170574188232518
0 0.9214498557015748 0.7499330324739948 0.11577341567683277 0.11446369480442442
0 0.24123716996648215 0.699337932225818 0.03519335391920828 0.028725017856907443
0 0.3969429153476286 0.5006259224865854 0.06037521034569897 0.03541139448011279
0 0.5532383794542513 0.49633606859155144 0.21965928213245361 0.03506829545304768
0 0.3842801278048987 0.6406196769508122 0.03376724623907625 0.033385244317957155
0 0.030291309779067733 0.6764709967535891 0.025727425705962904 0.02543637662320535
0 0.0034753748353977968 0.6497818116883973 0.0069507496707955935 0.05981137662320535
0 0.5972454775674718 0.7282621785756653 0.025636497492717503 0.02231137662320535
0 0.39924589825886975 0.6630031915613088 0.09755696159934021 0.025128459414921166
0 0.3956916185671916 0.2484321769508123 0.19805706677218965 0.044061465907742826
0 0.025387478754606056 0.2814448689125677 0.04286946159934022 0.024173885551659245
0 0.00178733161802879 0.35378351907472344 0.00357466323605758 0.04084318831160268
0 0.17274454889200805 0.4233305856343847 0.04273306927947216 0.019486385551659248
0 0.00988215069964526 0.45908862784102145 0.01976430139929052 0.022447744317957152
0 0.1463722655059132 0.4440930990270653 0.03795464106622681 0.016279564934808022
0 0.2896184971635131 0.5930782495962582 0.04429556927947216 0.019513659090609536
0 0.7997052906250001 0.2495683828125 0.7948914312500001 0.27423008437499996 0.8887562265625 0.2862459328125 0.9909442187499999 0.293771959375 0.991506928125 0.274432875 0.8977081968749999 0.26014657343750003 0.7997052906250001 0.2495683828125
0 0.6975391453124999 0.2882182125 0.8092430015625001 0.29719182499999997 0.8156217343750001 0.265675678125 0.711995346875 0.26065735156250003 0.7137589671875 0.24697230312500001 0.5870277890625 0.2382609921875 0.5269979984375001 0.2365779640625 0.51632215625 0.27499625 0.565383234375 0.2782361640625 0.6975391453124999 0.2882182125
0 0 0.7361577515625 0.1613565890625 0.7427063125 0.34667193749999997 0.7558567375 0.520462075 0.7896897328125 0.6712666671874999 0.8157313828125 0.7920563671874999 0.8409315171875 0.8006505890625 0.8271272421875 0.8373370843749999 0.833314009375 0.8444856859375 0.8222658171875 0.9752827765625 0.8320207890625 0.9759605796875 0.8087262265625 0.8166716609375 0.7927119328125001 0.6124691296875 0.771698628125 0.4452710921875 0.7459431249999999 0.33212161562500003 0.7397255984375 0.175534540625 0.72470829375 0 0.7223271796875 0 0.7361577515625