0 0.66875 0.484375 0.01875 0.028125
0 0.58515625 0.346875 0.0234375 0.0203125
0 0.609375 0.3703125 0.03125 0.03203125
0 0.80859375 0.4171875 0.0296875 0.03671875
0 0.825 0.50625 0.04375 0.03515625
0 0.4794125 0.8588224999999999 0.67647 0.8632350000000001 0.9974999999999999 0.9470599999999999 0.9974999999999999 0.764705 0.639705 0.6573525 0.25146999999999997 0.586765 0.0073525 0.538235 0 0.7676475 0.25 0.835295 0.4794125 0.8588224999999999
0 0.425 0.5515625 0.0296875 0.0203125
0 0.31640625 0.51875 0.0515625 0.028125
0 0.6875 0.3921875 0.028125 0.021875
0 0.73515625 0.3734375 0.0296875 0.0234375
0 0.725 0.5328125 0.03515625 0.03125
0 0.765625 0.534375 0.0265625 0.028125
0 0.81953125 0.60546875 0.028125 0.021875
0 0.4363825 0.49117749999999993 0.44079499999999994 0.436765 0.2363825 0.37794 0.23932250000000002 0.438235 0.3216775 0.46470500000000003 0.3966775 0.49117749999999993 0.4363825 0.49117749999999993
0 0.6305 0.5073525 0.60697 0.49411750000000004 0.468735 0.44117749999999994 0.4599125 0.45294 0.47756 0.5073525 0.5305 0.5235299999999999 0.5657949999999999 0.535295 0.6305 0.5073525
0 0.3676475 0.5073525 0.5573525 0.5617650000000001 0.764705 0.6220600000000001 0.99706 0.70147 0.9974999999999999 0.6705875 0.788235 0.6014700000000001 0.5455875 0.52794 0.3573525 0.47794 0.10441249999999999 0.42206 0.10146999999999999 0.45 0.138235 0.4573525 0.3676475 0.5073525