0 0.6806742688202613 0.4882202218906784 0.026337006920082118 0.032957945745273776
0 0.6124933187065306 0.3292674027070334 0.029207338935304604 0.026726126463433177
0 0.6347649081361268 0.3582963725546082 0.040654174904859806 0.039289758976990455
0 0.8382347594287213 0.4446161885167993 0.03928267589344294 0.04396816861791084
0 0.8421502796946762 0.5407099385167993 0.054971342889637495 0.045621572208706954
0 0.9610227625000001 1 0.982479821875 0.8419012265625 0.62524784375 0.6637940343750001 0.2256106359375 0.515831825 0.021276946875 0.43646516718750006 0.01859099375 0.45625566875 0.028562598437499996 0.7009763765625 0.188757575 0.7756610890625 0.42749059999999994 0.8440629640624999 0.6347979406250001 0.8862849984375 0.884253709375 1 0.9610227625000001 1
0 0.4137241907593716 0.5116612253085238 0.0354573389353046 0.02676248789975162
0 0.3044964293906651 0.45713228571156994 0.06096667490485981 0.03940793364502539
0 0.712823582546695 0.39546055014950954 0.03395850593149916 0.02831589754067192
0 0.7655029135733343 0.3848321223582165 0.035584672927693364 0.029887487899751618
0 0.7324078651699398 0.5502253182016863 0.04377917490485981 0.039307939695149584
0 0.775726783649009 0.5590690530763757 0.03421317391627667 0.034565897540672096
0 0.8221017179454091 0.6429127879510652 0.03395850593149916 0.028315897540672097
0 0.23935249062500003 0.29439791875 0.23389028750000002 0.35806327968749996 0.3170310015625 0.40148217812500003 0.39241040312500003 0.4435001578125 0.4343069234375 0.45107695468750003 0.44669188125000003 0.3949712328125 0.23935249062500003 0.29439791875
0 0.636841209375 0.5050485078125 0.61389240625 0.48670668125 0.4755472671875 0.404921040625 0.4645670296875 0.41554801562500004 0.4754596734375 0.4758633875 0.5290238031250001 0.5028970421875 0.564595778125 0.5219454578125 0.636841209375 0.5050485078125
0 0.991470178125 0.7756589625 0.9958700281249999 0.743240215625 0.78991368125 0.63365136875 0.54431765 0.510391621875 0.35279515 0.42214159999999995 0.09383146406250001 0.31539013125 0.0867578734375 0.3440704328125 0.12450775 0.3587812734375 0.3594805453125 0.4548890859375 0.5519274171874999 0.548037715625 0.762160278125 0.6507105546874999 0.991470178125 0.7756589625