0 0.5571004694547914 0.3063401228261323 0.032957945745273776 0.02652826674922304
0 0.6983208879745064 0.4152335874656595 0.023592036104353654 0.02765411910658777
0 0.6747197615110732 0.3860169683590716 0.037718168617910844 0.03924659057054054
0 0.642188020880847 0.16424897621695447 0.043949987899751616 0.036412688998963993
0 0.5475067799560335 0.1340648624870501 0.04247839149054773 0.05196491439185813
0 0.4389203734375 1 0.4092067859375 0.7408092749999999 0.3670678 0.31188652499999997 0.3042806796875 0.014172100000000002 0.105916725 0.00493315 0.14727188125 0.24235137187500003 0.134625509375 0.4555003078125 0.13982647343750002 0.7063160125 0.19049335 0.9829440187499999 0.2757345390625 0.994366015625 0.33106331093749997 1 0.4389203734375 1
0 0.46328787870292826 0.559713371792675 0.025190897540672098 0.03397689371369381
0 0.48898329117251904 0.6804090155063687 0.0362829336450254 0.06104881596343468
0 0.6593714965821544 0.29860685959156597 0.028315897540672097 0.03412244292790536
0 0.6825226502711464 0.2504797286981538 0.028315897540672097 0.03412244292790536
0 0.5090578791939075 0.2377142473094037 0.03773634933607006 0.04237159057054054
0 0.5111470991396784 0.19407340922006244 0.03299430718159222 0.03277826674922304
0 0.43967155405833436 0.12513716459674593 0.02831589754067192 0.03412244292790545
0 0.5884554328125 0.55841483125 0.5291162640625 0.5552743718750001 0.5256049578125 0.598092559375 0.5476518968749999 0.6828161109375 0.5690456890625 0.7754709890625 0.634107571875 0.78739439375 0.5884554328125 0.55841483125
0 0.5726225515625 0.5354502796875 0.5861459250000001 0.5276435609375 0.5410170296875 0.37088465312499996 0.5287594796875 0.34358842031250003 0.49276519687500003 0.40931046249999997 0.502389753125 0.44908076875 0.5152342546875001 0.5085201374999999 0.5726225515625 0.5354502796875
0 0.49894634531250004 0.4321700984375 0.440744534375 0.1598229171875 0.4070542890625 0.0189588578125 0.375200709375 0.017475253125 0.41635704531249995 0.18220885625 0.46334174375000003 0.41457233281250006 0.5055141609375 0.6270506578124999 0.5393946781250001 0.8817093140625 0.5441088609375 0.9224243296875001 0.5746384765625 0.9233071 0.5364683890624999 0.6424226125 0.49894634531250004 0.4321700984375