0 0.3975104450964528 0.6752270558292403 0.0354573389353046 0.028163541356328814
0 0.2838219712939069 0.5454774356891952 0.029334672927693362 0.030997442927905537
0 0.3005173813700191 0.5775643436709125 0.04384284190105418 0.04258991439185813
0 0.28457275190280423 0.7959868579389362 0.046967841901054186 0.042735463606069855
0 0.3703855765036529 0.8414684859368642 0.05066584486680377 0.05694351282028158
0 0.773229034375 1 0.7823635234374999 0.8062690781249999 0.8406977484375 0.6038006140625 0.8898185515625 0.36211312812499996 0.8986203906249999 0.1321812734375 0.6595962984375 0.056172362499999996 0.6354026671875 0.2828584203125 0.58371809375 0.701865040625 0.580429790625 1 0.773229034375 1
0 0.5445286610275144 0.4480374712545558 0.031151840912470873 0.037320217535011226
0 0.5447753532325796 0.32672539743323814 0.04467051285158128 0.06290241439185813
0 0.2970156965793275 0.6635018436709125 0.031088173916276586 0.035757717535011224
0 0.26316993718778736 0.7065412142252423 0.03427684091247105 0.03746576674922295
0 0.42976984676960794 0.747958234489122 0.04247134288963732 0.04720463978475244
0 0.4178627543742621 0.790453949542934 0.037338173916276675 0.03604881596343468
0 0.47261923855693144 0.8681466100058508 0.031088173916276673 0.035757717535011224
0 0.421756228125 0.4272653578125 0.4787619078125 0.44044395156249994 0.4914240859375 0.39993758437500004 0.48829256093750006 0.314822196875 0.48750914375 0.22220417656250002 0.42683750624999994 0.1996133 0.421756228125 0.4272653578125
0 0.4321870953125 0.45202441875000005 0.41735465937500005 0.45720301875 0.42736453750000003 0.6154297125 0.43338415 0.6437350421875 0.4825705390625 0.586803403125 0.481804903125 0.5469732625 0.48215769843749995 0.48770825 0.4321870953125 0.45202441875000005
0 0.51267073125 1 0.5077930375 0.81792039375 0.512309859375 0.586791353125 0.5172095 0.3755773828125 0.5392807921875 0.1252882375 0.543492628125 0.0853921734375 0.5140052515625 0.079315571875 0.49043905 0.35551765 0.481499525 0.5637982078125 0.479250378125 0.8352350312500001 0.481965471875 1 0.51267073125 1