0 0.6982577763417961 0.4860184725529068 0.026753397540672096 0.03358538981258548
0 0.6434152193565955 0.3266494842313894 0.029842036104353476 0.02742631802583091
0 0.6631191861791083 0.35576868289860586 0.039298849336070064 0.041761602665567034
0 0.8582004029034251 0.4446396516240821 0.03932612041330898 0.04644910266556703
0 0.8548532099868217 0.5408470618906388 0.05496021077238851 0.04846624373179385
0 0.4159368609375 0.8354686609374999 0.6183678031250001 0.8810451203125 0.8120915125 0.97653983125 0.9035357875000001 0.9738790749999999 0.9365766328125 0.8260774937500001 0.6281832140625 0.6596892234375 0.24372388906250003 0.5056497671875 0.010485403124999999 0.407657715625 0.0025774859375 0.44303219687500006 0.0039110203125 0.6722472953125 0.184536071875 0.7633195234375 0.4159368609375 0.8354686609374999
0 0.4311384540348932 0.5055115847853854 0.03610112646343318 0.029170674452321778
0 0.326100975210328 0.4484014299291051 0.05961134933607006 0.04235263605166182
0 0.7383509903356386 0.3934301557807172 0.034547716822512696 0.03068771034569897
0 0.7922163337197803 0.38483039410223474 0.0361193071815924 0.03229567445232169
0 0.7447242310640605 0.5487397814075378 0.04398634933607006 0.041897994985435005
0 0.7869753635776178 0.5584497505287255 0.03458407825883114 0.03693771034569906
0 0.8265332881474571 0.6424693978631584 0.03454771682251305 0.03068771034569906
0 0.27660333593750003 0.285749371875 0.265647640625 0.3489475765625 0.34453401562499997 0.39355689531250004 0.41582603437500004 0.4366386609375 0.45682003125000004 0.4448989734375 0.47400191718749995 0.38933646718750003 0.27660333593750003 0.285749371875
0 0.6534861015625 0.5020733265625 0.6322633265625 0.4834400890625 0.5018250734375 0.39972936406250004 0.48998672968749996 0.41010345781249996 0.49558100625 0.47025536875 0.5464857624999999 0.49806145625 0.580196584375 0.517616440625 0.6534861015625 0.5020733265625
0 0.951578146875 0.7589712359375 0.958679315625 0.7272055843749999 0.794502384375 0.6325833578125 0.5610397515625001 0.505777896875 0.37829606875 0.41471680468749994 0.130111203125 0.304090871875 0.12058984531250001 0.332480590625 0.1568422875 0.3477611953125 0.3821002703125 0.44738894218749997 0.565337778125 0.5433360578124999 0.7654306984375 0.649060665625 0.951578146875 0.7589712359375