0 0.3260453936400163 0.47224159690018314 0.024346782132453625 0.031386355386194255
0 0.43229905680956693 0.33727117838046816 0.02728992570596276 0.025154536104353475
0 0.40429607726353795 0.36008650966436145 0.03702863855894432 0.037709078258831144
0 0.18948341950426376 0.38711313885826915 0.03716503087881238 0.04239657825883114
0 0.15948001926683691 0.47867847014216236 0.05122753087881238 0.042478391490547905
0 0 0.9102266218749999 0.26484633125 0.8686548515625001 0.47112798749999996 0.8845147875 0.7138628578125 0.883714621875 0.941015440625 0.8460185765625001 0.9738545421874999 0.6011685609375 0.7472448078125 0.6232253421875 0.332141184375 0.656813178125 0 0.72115825 0 0.9102266218749999
0 0.5716641190294101 0.567671229806524 0.03353992570596294 0.02519089754067192
0 0.6887068665221276 0.5451189980550923 0.05725021034569906 0.03470225292686635
0 0.31955736441055654 0.3730773890546608 0.03202288981258557 0.026744307181592396
0 0.27258307600989673 0.34991714500658916 0.03519335391920828 0.02832498789975162
0 0.2614456845479586 0.5179222564429077 0.0416706744523216 0.03617384933607006
0 0.2177866127612039 0.515051786497137 0.03220474623907634 0.03299430718159222
0 0.15174642412311729 0.5833932412194013 0.03202288981258557 0.026744307181592396
0 0.5707267890625001 0.44642120781249994 0.56768750625 0.5038772218750001 0.6091261718750001 0.5080041390625001 0.69112008125 0.488069515625 0.780789784375 0.4689019859375 0.7923290374999999 0.4060482375 0.5707267890625001 0.44642120781249994
0 0.5485021140625 0.46137754218750004 0.5409469140625001 0.4481392546875 0.3892385 0.4892261109375 0.36282170156250004 0.5006441484375 0.426426296875 0.53663946875 0.4649152765625 0.5279841125 0.5224396140625001 0.5165406531250001 0.5485021140625 0.46137754218750004
0 0 0.654941696875 0.20664149843750002 0.6068516625 0.4315186390625 0.5652444421875 0.6371512906250001 0.5279649 0.8836052999999999 0.49943465 0.9230085499999999 0.4955542015625 0.9238628765625 0.46598106250000004 0.6520279890625 0.49822520781249996 0.4485494375 0.5310354234375 0.184976796875 0.5828378328125 0 0.6239100203125 0 0.654941696875