0 0.5688270555960221 0.6563292901190498 0.033248876623205345 0.0261458377489479
0 0.6997576814084485 0.5438788754209272 0.025490923701106106 0.028998019237293705
0 0.67916849187903 0.5735217354023938 0.03971706493480802 0.03886409255827132
0 0.6641958770236519 0.790582749830364 0.04437729139585791 0.037465283665263985
0 0.5725402110331836 0.8242707582678845 0.04465002678536116 0.053090283665263985
0 0.372710990625 0 0.1571731375 0.0379116203125 0.13093683750000001 0.2822886109375 0.14439652812499998 0.527132140625 0.1725587015625 0.7345244125 0.146867825 0.99548080625 0.338175215625 0.98880020625 0.3827996921875 0.6579271375 0.39235978125000004 0.2378901671875 0.4016710265625 0 0.372710990625 0
0 0.4582678364418683 0.4131646218775481 0.02716251785690744 0.035302582939624474
0 0.47494504748164257 0.29375985744957783 0.038509120941162676 0.059122028855940555
0 0.6697037629823482 0.6582786813187097 0.027135244317957153 0.03374008293962447
0 0.6970981059203336 0.7050073483790852 0.03028751785690744 0.03541171034428636
0 0.5270037942319363 0.7234547919331484 0.038236385551659244 0.043497028855940555
0 0.5324549533225458 0.7670411008261558 0.03335797077900686 0.0323958377489479
0 0.46722146549741045 0.8365475581752172 0.027135244317957153 0.03374008293962447
0 0.6093011359375 0.183473646875 0.5464269296875 0.1977008796875 0.5323173875 0.28892699374999997 0.5169810140625 0.372443278125 0.5235897125 0.41406628437500004 0.5815058296875 0.40863407343749997 0.6093011359375 0.183473646875
0 0.538901415625 0.62055076875 0.548893525 0.5934377 0.5815192421875001 0.4387393828125 0.567689659375 0.4316649359375 0.51344531875 0.4602227859375 0.5052561046874999 0.5187104515625001 0.498767034375 0.557885125 0.538901415625 0.62055076875
0 0.46954470156249994 0.5539276375 0.4406939328125 0.7824418078125001 0.40532181874999995 0.98645539375 0.43660099375000005 0.9853631015625 0.4662482578125 0.8033025046875 0.503132909375 0.5353419421875001 0.524346753125 0.328771746875 0.5409700187500001 0.053283996874999996 0.5111183234375 0.0553639171875 0.5095109875 0.09526397343750001 0.4951509328125 0.3450008046875 0.46954470156249994 0.5539276375