0 0.562577346875 1 0.6690621296875 0.9906504593750001 0.6322035671874999 0.8170210515624999 0.570172521875 0.5783165140625 0.49385470312499996 0.35071301093749996 0.434070915625 0.1295329328125 0.3898478796875 0.007754787500000001 0.15148330625 0.028683595312499997 0.2666240765625 0.2938735125 0.40039440937500004 0.6326044265624999 0.507865065625 0.9500136625 0.523126671875 1 0.562577346875 1
0 0.4787943453125 1 0.3064359640625 0.4971193109375 0.09379510468749999 0.033748715624999995 0.001704621875 0.0418344125 0.0212629625 0.5218304734375 0.082581290625 1 0.4787943453125 1
0 0.6316390171874999 0.77587779375 0.6746336796875 0.9901612671875 0.7983735937499999 0.9792966968749999 0.7563033546875 0.764255034375 0.6316390171874999 0.77587779375
0 0.5988459015625 0.641716671875 0.68543405625 0.62147811875 0.61145873125 0.30917910000000004 0.49704792812500004 0.291190365625 0.5988459015625 0.641716671875
0 0.48815067812499996 0.125621440625 0.4468940109375 0.0027460421874999997 0.4021598359375 0.006673778125 0.45660074687499996 0.15171639374999998 0.48815067812499996 0.125621440625
0 0.798426284375 0.3617707015625 0.67403078125 0.36686230625 0.710620875 0.5463728953125 0.83270941875 0.5290780640625 0.798426284375 0.3617707015625
0 0.8456171484375 0.8280422328125001 0.8766561218750001 0.9724233609375 0.9404025078125 0.9668263218750001 0.841814103125 0.5623058640624999 0.74211769375 0.572765475 0.7798444625000001 0.7006628874999999 0.8456171484375 0.8280422328125001
0 0.8163908453125 0.8173143156249999 0.7811865 0.7413668703125 0.747171590625 0.7482395515625 0.792458625 0.9124088609375001 0.8560398656249999 0.8941903531250001 0.8424687499999999 0.818599315625 0.8163908453125 0.8173143156249999
0 0.709725878125 0 0.7605894656250001 0.1347450296875 0.8271978234375 0.3971497125 0.8783865015625001 0.5695479906250001 0.9273974734375001 0.566216953125 0.8414113234375 0.2131784828125 0.7658133640625 0 0.709725878125 0
0 0.47816952187500006 0 0.4630590265625 0.0013267265625 0.5170515234375 0.1172506609375 0.6153337640625 0.0823798828125 0.5799463296875 0 0.47816952187500006 0
0 0.7117099921875 0.221652565625 0.736565465625 0.2340478859375 0.674511375 0.013113182812499999 0.6335730328125 0.020517925 0.7117099921875 0.221652565625
0 0.6965939734375 0.35321745781249997 0.74267213125 0.3345913375 0.6915677015624999 0.1855131875 0.6430209812500001 0.164140846875 0.6965939734375 0.35321745781249997
0 1 0.8254982343749999 0.9392575765625001 0.595070271875 0.8661136015625001 0.5949225953124999 0.927080615625 0.8208896046874999 0.96543763125 0.9646281953125 1 0.9615935609375 1 0.8254982343749999