0 0 0.7040745359375 0.24022197812499999 0.6671141421875 0.5971983203125 0.62453565625 0.926701909375 0.6020026796875 0.9680314250000001 0.6004489859375 0.9873442109375 0.502997453125 0.9884659796875 0.45480164062500006 0.83603050625 0.44694510000000004 0.5934882531250001 0.4456398328125 0.3574209609375 0.4610731375 0.1320394921875 0.46210412187500005 0 0.47408798125 0 0.7040745359375
0 0 0.9224635625 0.432980409375 0.98140900625 0.8962745578125 0.9625312156250001 0.9594842578125 0.6435776390625 0.44309675156250006 0.680856290625 0 0.7585161765625 0 0.9224635625
0 0.991501140625 0.32439879843749997 0.8209754890625 0.3128067953125 0.797059325 0.4368841203125 0.9886020671875 0.4489547765625 0.991501140625 0.32439879843749997
0 0.6613206375 0.43413932656250004 0.666455340625 0.344821809375 0.35114445625 0.3361401765625 0.302162671875 0.442623065625 0.6613206375 0.43413932656250004
0 0 0.46215068906249995 0.1592704296875 0.4459423 0.1434808671875 0.40857051718750004 0 0.418010115625 0 0.46215068906249995
0 0.45307062187499997 0.168109315625 0.42306839687500003 0.290241396875 0.602650690625 0.300992296875 0.6204953046874999 0.1779540953125 0.45307062187499997 0.168109315625
0 0.6363613124999999 0.2772066609375 0.7675714375 0.2735444671875 0.9061399984375 0.24250908125 0.9933079499999999 0.24677086093749998 0.9947504171875 0.1847966 0.654388803125 0.1776793703125 0.6363613124999999 0.2772066609375
0 0.8878421968750001 0.26812880781250004 0.8063457609375 0.282737040625 0.803311959375 0.3175462296875 0.9708551609375 0.31589428750000004 0.9714582453125 0.24944312968750001 0.8963509453125 0.24313199062500002 0.8878421968750001 0.26812880781250004
0 0.6714536359375 0.144025896875 0.6820243609375 0.0955650359375 0.3249206015625 0.0880437453125 0.057959453125000004 0.11020922343749999 0.0470795859375 0.1651085875 0.22831530312499998 0.14631694374999998 0.49449622812499994 0.1492878703125 0.6714536359375 0.144025896875
0 0 0.40436890468750003 0.1436705109375 0.378342059375 0.1382736125 0.2738935609375 0.022070353125 0.29130415625 0 0.40267026093749997 0 0.40436890468750003
0 0.2966247421875 0.21620132656250002 0.31527257343750004 0.19525673125 0.0894873578125 0.1985560203125 0.08501833125 0.2402267921875 0.2966247421875 0.21620132656250002
0 0.4165094 0.2648084 0.4118306484375 0.21525200781249998 0.25689626875 0.22644553906249998 0.22315106875000001 0.268085425 0.4165094 0.2648084
0 0.02442785 0.279408321875 0.064296428125 0.266758484375 0.06205144218750001 0.24395008125 0.0647561296875 0.23796674687500002 0.031844640625 0.2419835046875 0.02442785 0.279408321875
0 0.9221856687500001 0.1615432875 0.995293846875 0.161448621875 0.996910309375 0.091998828125 0.7125620703125 0.0914860953125 0.6919573 0.162489109375 0.9221856687500001 0.1615432875