0 0.18590566875 0 0.1486568203125 0.0017343640625 0.25123119531250004 0.3130362515625 0.34868785625 0.6475242812500001 0.42262695937499994 0.9602485406250001 0.4282598390625 0.9878774859374999 0.5159994859375 0.9853245234375001 0.5728027640625 0.982679675 0.5563133703124999 0.8359367375 0.5189777640625 0.60150083125 0.46668359375 0.37728634843750003 0.42984626875 0.159970025 0.388188278125 0 0.18590566875 0
0 0.0909276171875 0.0044223249999999995 0.0001006671875 0.008651368750000001 0.0058687999999999995 0.5043634390625 0.020287421875 0.9997482703125 0.385093834375 0.9891334890625 0.2703770734375 0.5121316921875 0.0909276171875 0.0044223249999999995
0 0.5597242140625001 0.795930909375 0.5785351125 0.98241276875 0.70000126875 0.9767571140625 0.6820465 0.7895804890625 0.5597242140625001 0.795930909375
0 0.540753403125 0.664251053125 0.6268856953124999 0.6480174609375 0.5850202828125 0.341587928125 0.475516771875 0.3195682921875 0.540753403125 0.664251053125
0 0.39994138437500004 0 0.44961569062500006 0.182421765625 0.4828012421875 0.158313821875 0.44580765468749994 0 0.39994138437500004 0
0 0.7617361265625 0.400112878125 0.6403037828125 0.4001269203125 0.6586016328125 0.57602845 0.778965525 0.5640636890625 0.7617361265625 0.400112878125
0 0.762741940625 0.855112090625 0.7763261140625 0.9732033124999999 0.83818155625 0.9703232265624999 0.784619546875 0.5967159328125 0.686684025 0.6029263203124999 0.7110543687499999 0.7287147296875001 0.762741940625 0.855112090625
0 0.7353594296875 0.8435273546875001 0.70844170625 0.7683245046875 0.6747096 0.7736542765625 0.7029394453125 0.934991953125 0.766509078125 0.9198089140624999 0.7605897484375 0.8458104890625 0.7353594296875 0.8435273546875001
0 0.6979622109375 0 0.746799121875 0.1779862546875 0.7863040171875 0.4356357578125 0.8194797046875 0.6052045171875 0.8674507281249999 0.6039113546875 0.8178287687499999 0.25741440937500004 0.7529353890625 0 0.6979622109375 0
0 0.4572154609375 0 0.5117054296875 0.151325340625 0.6106154218750001 0.1213358359375 0.5711786531249999 0 0.4572154609375 0
0 0.6909123484374999 0.260505125 0.7138848859375 0.27353689375 0.674816665625 0.05636897656249999 0.6343021156249999 0.0619411984375 0.6909123484374999 0.260505125
0 0.663553840625 0.387761665625 0.7101455 0.3714882578125 0.6748073390625 0.2245855828125 0.6296651890625 0.20189016406250002 0.663553840625 0.387761665625
0 0.5806179453125 0 0.605662884375 0.0482328390625 0.6270921984375 0.0406545734375 0.6332376859375 0.0418458953125 0.620918546875 0 0.5806179453125 0
0 0.9305603640625 0.9660219250000001 0.876204690625 0.6324217234375 0.8051053874999999 0.6293770234375 0.8426323874999999 0.8513922671874999 0.8622042421874999 0.9692046921875 0.9305603640625 0.9660219250000001