0 0.9974999999999999 0.569135 0.9974999999999999 0.43450249999999996 0.821725 0.4490575 0.5963350000000001 0.47816749999999997 0.380035 0.5218325 0.17100500000000002 0.5509425 0.00378 0.5891474999999999 0.0022724999999999998 0.8163625 0.309145 0.7256 0.63269 0.64191 0.93442 0.5800525000000001 0.9974999999999999 0.569135
0 0.5 0.7128625000000001 0.0045449999999999996 0.87091 0.000145 0.9974999999999999 0.9974999999999999 0.9966825 0.9962199999999999 0.6091599999999999 0.5 0.7128625000000001
0 0.7830725000000001 0.327815 0.7836974999999999 0.44469250000000005 0.9974999999999999 0.429425 0.9972424999999999 0.3135725 0.7830725000000001 0.327815
0 0.351225 0.4079425 0.325345 0.5118025 0.6571875 0.459135 0.6455225 0.37651 0.351225 0.4079425
0 0 0.579115 0.19331 0.532705 0.1717775 0.500375 0.0030949999999999997 0.5345 0 0.579115
0 0.57823 0.34425249999999996 0.57216 0.22908750000000003 0.41493 0.24097249999999998 0.40954750000000006 0.356825 0.57823 0.34425249999999996
0 0.996345 0.24007499999999998 0.9974999999999999 0.17990250000000002 0.6035725000000001 0.2246 0.6051475 0.31820750000000003 0.726275 0.29845 0.8491975 0.2526475 0.996345 0.24007499999999998
0 0.9111075 0.25085 0.840225 0.2544425 0.8369249999999999 0.27845 0.76396 0.3020425 0.7675474999999999 0.3343725 0.9227725 0.31192000000000003 0.9111075 0.25085
0 0.61412 0.14577500000000002 0.28124 0.18349500000000002 0 0.2454625 0.0067325 0.2964 0.2022825 0.24905499999999997 0.4499225 0.21852 0.6132225 0.1915775 0.61412 0.14577500000000002
0 0.0011225 0.5263875 0.1663925 0.472605 0.1421675 0.3774075 0.00040249999999999997 0.41872 0.0011225 0.5263875
0 0.08302000000000001 0.3143525 0.0865375 0.35316000000000003 0.27854999999999996 0.304665 0.29200750000000003 0.28311000000000003 0.08302000000000001 0.3143525
0 0.24355500000000002 0.3190325 0.21989 0.36147 0.39878 0.3343 0.38532 0.28939750000000003 0.24355500000000002 0.3190325
0 0.0659025 0.35944750000000003 0.0673125 0.35361750000000003 0.00040249999999999997 0.3711225 0.0008500000000000001 0.41423 0.07218250000000001 0.3801025 0.0659025 0.35944750000000003
0 0.9972424999999999 0.09100749999999999 0.6417175 0.138215 0.6356525000000001 0.2059625 0.8491975 0.176325 0.9945499999999999 0.1565675 0.9972424999999999 0.09100749999999999