0 1 0.5645859296875 0.8594056218749999 0.541096246875 0.63017960625 0.522718115625 0.39161256875 0.48900452968749997 0.14467613125 0.47166043437500005 0.0109019453125 0.4683919890625 0.012044025 0.5174603890625 0.021528715625 0.619308 0.0359171703125 0.620937940625 0.36880446875 0.66899424375 0.7275138531249999 0.7393641609375 1 0.8025008265625001 1 0.5645859296875
0 1 0.85954 0.519617675 0.737604565625 0.025728059375 0.6644009984375 0.0569811515625 1 0.6438634249999999 1 1 0.9792066859374999 1 0.85954
0 0.0107585296875 0.46223033437499994 0.1854014453125 0.4645200390625 0.1742664171875 0.3376461234375 0.007826931249999999 0.3362768828125 0.0107585296875 0.46223033437499994
0 0.6883703031249999 0.5083769578124999 0.64985799375 0.39730476875 0.32809144687499997 0.381795628125 0.323813640625 0.472196825 0.6883703031249999 0.5083769578124999
0 1 0.5070397 0.8534590140624999 0.48626967656250003 0.8334164 0.5227148671874999 1 0.5524144093750001 1 0.5070397
0 0.3926110890625 0.21717716406249998 0.3976786 0.34253684375 0.5815553984374999 0.34551880156250003 0.5640205734375 0.22013691093749999 0.3926110890625 0.21717716406249998
0 0.2327845875 0.3021895921875 0.3659071203125 0.31597436874999996 0.3581521703125 0.2142928015625 0.0045368734375 0.19492255625 0.0060014046875 0.2578448140625 0.095086784375 0.2602544703125 0.2327845875 0.3021895921875
0 0.1049813125 0.261635278125 0.02788483125 0.262216871875 0.0214286796875 0.329226775 0.19173561249999999 0.3437810046875 0.1923519734375 0.3084700296875 0.11097989999999999 0.287479425 0.1049813125 0.261635278125
0 0.3443683734375 0.1790670109375 0.52387060625 0.19798336562500002 0.79503765625 0.2154675421875 0.9885239390624999 0.250342346875 0.9832719921875 0.1939463796875 0.702937209375 0.1493129421875 0.3387679984375 0.12941927656250002 0.3443683734375 0.1790670109375
0 1 0.37983442031250003 0.8730860671875 0.35095494375 0.85648208125 0.4557935609375 1 0.49309893125000004 1 0.37983442031250003
0 0.930857540625 0.321125671875 0.9307435093749999 0.2787897953125 0.7013479921875 0.2580948078125 0.718094671875 0.2806355171875 0.930857540625 0.321125671875
0 0.787337403125 0.3385721765625 0.757430275 0.29401513125 0.6009685203124999 0.27081577968750004 0.5909353171875 0.3203943125 0.787337403125 0.3385721765625
0 0.9958670796875 0.3291937484375 0.951715684375 0.320407025 0.9538312484375 0.3266445703125 0.9491202640624999 0.3494561171875 0.9996514296875001 0.36983049375 0.9958670796875 0.3291937484375
0 0.308128478125 0.1229595375 0.00233660625 0.10039010468750001 0.0039804671875000005 0.1710171296875 0.087373646875 0.17742997968750002 0.32154065625 0.1960951765625 0.308128478125 0.1229595375