0 0.453133896875 0 0.3744029984375 0.32008471250000003 0.269185953125 0.670972753125 0.166245690625 0.9762875328125 0.4108122953125 0.9791376625 0.452772925 0.823450084375 0.49364104375 0.5964388765625 0.5506395078125 0.3617037046875 0.5922316578125 0.11689633906250001 0.6066663078125 0 0.453133896875 0
0 0.0254754140625 0 0.0056656765625 0.48690704218749997 0.011339128125 0.9744822828125 0.10684919374999999 0.9755953375 0.29146706718750004 0.4635248015625 0.40732947499999994 0 0.0254754140625 0
0 0.6130336390625 0 0.5952896515625 0.1583173265625 0.7222060140625 0.1604765734375 0.7394038765625 0 0.6130336390625 0
0 0.502114534375 0.6560567859375 0.616065228125 0.629219525 0.663229509375 0.3094850203125 0.5740043640625 0.2957501828125 0.502114534375 0.6560567859375
0 0.4735683375 0.799417884375 0.42299381406250003 0.9792796234375001 0.46964303437500005 0.9798232625000001 0.5077299328125 0.823249828125 0.4735683375 0.799417884375
0 0.820102578125 0.3911536390625 0.6952871875 0.38309308125 0.6741665609374999 0.5664242125000001 0.800235509375 0.5620356171875 0.820102578125 0.3911536390625
0 0.818061715625 0 0.8067740546875 0.0894982328125 0.751586534375 0.22263172031249998 0.7247666828125 0.3541422984375 0.8263667828125 0.3570403984375 0.88141598125 0 0.818061715625 0
0 0.8044273609375001 0.0992356625 0.8114662812500001 0.0221762265625 0.74565264375 0.008714218749999999 0.71439664375 0.17728143125 0.74935241875 0.1815930765625 0.778206078125 0.10252147656249999 0.8044273609375001 0.0992356625
0 0.856746846875 0.7081890953125 0.9124476828124999 0.34656471718750004 0.862660546875 0.346961259375 0.8261704578125 0.5242555 0.78204586875 0.7932480421875 0.7317994078125001 0.9706555921875 0.7887561546875 0.9683347828125 0.856746846875 0.7081890953125
0 0.48241494375 0.9799721046875 0.49854308906250006 0.9801600593750001 0.600378296875 0.9760105921875001 0.6399780484375001 0.8570156015625001 0.5376534109375 0.82945905 0.48241494375 0.9799721046875
0 0.6638519765625001 0.9178359875 0.7058462484375 0.9221534765625 0.7490286546875 0.6952154937499999 0.7250215671875 0.7095815265625001 0.6638519765625001 0.9178359875
0 0.660727940625 0.772671975 0.7078678593750001 0.7474667 0.7463292906250001 0.593631984375 0.69815508125 0.5784220484375 0.660727940625 0.772671975
0 0.63395365 0.9331101140625 0.6118335078125 0.975543828125 0.65185368125 0.97391313125 0.66250424375 0.9387428609375 0.6561097109375 0.9402028421875 0.63395365 0.9331101140625
0 0.9056538515625 0 0.8896701203124999 0.09046428749999999 0.8480292546875001 0.32238016406250003 0.9218801796875 0.3166402671875 0.97682781875 0 0.9056538515625 0