0 1 0.5072222281250001 0.8845630296874999 0.5074866421875 0.6678130343750001 0.526933496875 0.43915930468750003 0.533303046875 0.20617948125000002 0.556585778125 0.034751976562499995 0.5818895265624999 0.07836689531249999 0.71930818125 0.136605346875 0.7160459015625 0.455873415625 0.708121921875 0.803820278125 0.7172558640625 1 0.7291469515625 1 0.5072222281250001
0 1 0.78091873125 0.6103780953125 0.7490689875000001 0.09126892187499999 0.759958928125 0.16745488125000002 1 0.7018359249999999 1 1 0.9295297078125 1 0.78091873125
0 0.20544380625 0.4243906828125 0.0238092515625 0.454307571875 0.029653696875000003 0.56582625 0.0330877734375 0.5766460828125 0.242497421875 0.5432365515625001 0.20544380625 0.4243906828125
0 0.718834875 0.5039241624999999 0.659683134375 0.404513246875 0.35759545625 0.4415938 0.3726561515625 0.528241771875 0.718834875 0.5039241624999999
0 1 0.45267625625 0.867497028125 0.4563120484375 0.8565569265624999 0.49419464843750005 1 0.49544958906250003 1 0.45267625625
0 0.382854890625 0.27467227968749997 0.41395483281249995 0.3930556265625 0.5853477500000001 0.36627364687499997 0.542664825 0.24987731562499998 0.382854890625 0.27467227968749997
0 0.25232404062499997 0.381250825 0.3788563046875 0.3729159125 0.3502458515625 0.277480021875 0.0165691421875 0.316158053125 0.019780687499999998 0.3774379921875 0.11561585781249999 0.3635556296875 0.25232404062499997 0.381250825
0 0.12509555781249998 0.36327485625 0.053619053125 0.3762459546875 0.06173183125 0.44100293749999997 0.22295898906249997 0.4274102984375 0.2160968703125 0.39373520625 0.136107746875 0.38688283125 0.12509555781249998 0.36327485625
0 0.3300283421875 0.2462053890625 0.5007135296875 0.23527941718749998 0.75622565 0.2082270125 0.9405824765625 0.21019431718749998 0.923848721875 0.15747084375 0.656764134375 0.1601580125 0.31437425937499996 0.199899378125 0.3300283421875 0.2462053890625
0 1 0.3974026453125 0.97904605625 0.3313825171875 0.8572347734375001 0.32448523125 0.8638879546875 0.42684657968749995 1 0.43876204375 1 0.3974026453125
0 0.9046063421874999 0.28681638125000003 0.8955868609375001 0.246579234375 0.67819165 0.26385038125000004 0.6984899953125 0.2825860328125 0.9046063421874999 0.28681638125000003
0 0.774993471875 0.3265226546875 0.7378376953125 0.2889723203125 0.5876482765625 0.2921145765625 0.5887689953125 0.3408729171875 0.774993471875 0.3265226546875
0 0.9639879984374999 0.28393870312499997 0.923825846875 0.2827733875 0.9271038375 0.28836366562500004 0.9275316234375 0.3108130765625 0.9758836265624999 0.32141856562500004 0.9639879984374999 0.28393870312499997
0 0.2845594921875 0.198692234375 0.011789090625 0.224949253125 0.0153599625 0.2930855421875 0.0910144859375 0.28604345468750003 0.3124135890625 0.26607370625 0.2845594921875 0.198692234375