0 0.965914920858437 0.27397472986955146 0.06512616801906326 0.06168293467536321
0 0.9757597049506941 0.07694518853441518 0.038727309252765 0.07074885200509066
0 0.9417058534879971 0.31957813120627854 0.04580342370110628 0.028652258672817864
0 0.9502411022701809 0.36089347453855136 0.020612508928453722 0.0174238573360908
0 0.9958654736183806 0.5134639438654153 0.008269052763238704 0.028324994668999893
0 0.9631519797041653 0.518587795870506 0.025463650162155814 0.026853401336727246
0 0.8456253348170153 0.6348224178867324 0.07123980032431163 0.05394316000954511
0 0.9570141408250172 0.8600485898711423 0.08597171834996545 0.04647610534690827
0 0.745436194394092 0.7594507952339591 0.0933329886359143 0.06669769867918127
0 0.93785551947517 0.7704957412078695 0.04147047970746058 0.048910214672181596
0 0.8926309740221224 0.5522275465468237 0.046048885551659424 0.04271475867281786
0 0.9447077171222634 0.6258554032065968 0.03185001785690744 0.03473862667090906
0 0.7591793202065187 0.6514564818985047 0.036428423701106286 0.028543170671545326
0 0.899050343745469 0.6513917525461874 0.03006932954530477 0.022220445337363514
0 0.7974429792971283 0.694770129893414 0.03006932954530477 0.022220445337363514
0 0.8825464565689568 0.8250565192155055 0.044240923701106286 0.028634077339272323
0 0.9276318965087078 0.1400179005410967 0.045994338473758486 0.03958975867281791
0 0.6087447179330424 0.7626041619191856 0.038045470779006864 0.03168635200509051
0 0.8380393368489054 0.24498775855350524 0.04440456493480802 0.0380090773392725
0 0.7251905093321955 0.3158462459023227 0.049201159090609535 0.04431362133990877
0 0.8670194991859258 0.33841958521645993 0.03042388555165907 0.042532945337363515
0 0.6637458636309713 0.779936565245095 0.05978410308425523 0.02412839067472703
0 0.5172663299457513 0.8043018605983667 0.041388659090609535 0.0442227146721816
0 0.6079146493447863 0.8493501839195037 0.03409435633066593 0.07381930800445424
0 0.8307560856277941 0.7678349125557323 0.044568206168510115 0.04738407733927232