0 0.9785009808139581 0.22855868251589917 0.031287674011944586 0.07047909997176509
0 0.9673991734432636 0.26977521671676613 0.04927395459715278 0.038758663111827296
0 0.9672348660725693 0.3103547140859303 0.022311411094166546 0.02002407366340595
0 0.9800225407501039 0.46486790883837587 0.01631598423243048 0.03059755261671846
0 0.9464651583412842 0.46526202196432054 0.030378484232430482 0.03141659997176518
0 0.8099990218484022 0.5629322244680995 0.07801720364722228 0.06695925782192055
0 0.8763279641933673 0.7970272324311946 0.10610583605604162 0.067034852532014
0 0.687322628421666 0.671502129616832 0.10181837955902787 0.08394933674699842
0 0.8690804682774299 0.7061670140012256 0.04967399810013902 0.0559461631118273
0 0.8717918134515272 0.48911602189373343 0.05109102773541672 0.04978716837349921
0 0.9058563825057288 0.567491650875281 0.038409189779513755 0.04124662628012441
0 0.723262088052812 0.5687642664908873 0.03986258700597212 0.036650131541796326
0 0.857836456593923 0.5858923113562723 0.031868249050069505 0.02838260523343692
0 0.7510409427262147 0.615518169149958 0.031868249050069505 0.02838260523343692
0 0.8047991095199647 0.7528214770989355 0.04927395459715278 0.038758663111827296
0 0.9808837112466666 0.0926666851467351 0.032268292553055744 0.045570105233436985
0 0.5557823409026035 0.6580983242281032 0.043060322188333444 0.039957142065139985
0 0.8835891775273261 0.18337425610871788 0.05101829255305575 0.046662168373499166
0 0.7605867822007288 0.23891016651912209 0.054325130508958354 0.05465667889684287
0 0.891508820669722 0.27887647190785086 0.03542966014423641 0.04731461575678066
0 0.6051822756481244 0.680967405854604 0.061664851823611144 0.0347992052052021
0 0.4599425108304855 0.6863058951900861 0.048038762917777866 0.052730157850155376
0 0.536667358570034 0.7419118821064936 0.045532011967847195 0.0791106473268119
0 0.7672458645539578 0.6902528586407317 0.052798998100139015 0.056128173635170954