0 0.09251696225759017 0.15904718865372786 0.07315685633066597 0.07427384134309048
0 0.1049118222417041 0.2096738973185916 0.04909206493480815 0.038063621339908774
0 0.08786464407637111 0.24658355132081872 0.022202282467404078 0.01900453866963616
0 0.011286732957166704 0.38260341466422737 0.01458069724005646 0.029851132001908986
0 0.04076968141503915 0.3939767193268639 0.03020569724005646 0.030032945337363514
0 0.12670540706530992 0.5273244739815464 0.07927048863591431 0.06653406667727228
0 0.008857208200400375 0.7170147773313182 0.01771441640080075 0.06284544533736351
0 0.19460419886820485 0.6647875639720013 0.10298072402541765 0.08243178668045381
0 0.017324273135208533 0.638017620663591 0.034648546270417066 0.05521475867281787
0 0.10012136201600412 0.43937048798536427 0.05243525324641087 0.05059998400699968
0 0.035803717535891205 0.4994818319939548 0.03820911201270884 0.04106135200509069
0 0.20502527597787762 0.5600000666375013 0.03966251785690744 0.03482953333863605
0 0.0727173364484589 0.5326392299888643 0.0333034237011061 0.028506808004454244
0 0.15992128165992048 0.5933307346435465 0.0333034237011061 0.028506808004454244
0 0.05104906778077252 0.7000449059914094 0.04752956493480816 0.03804544000636341
0 0.15704884090939047 0.04191368531191007 0.052380706168510205 0.047474984006999676
0 0.32218372808919804 0.6945466946212748 0.04286933847375849 0.03955339600572714
0 0.2182709387186398 0.15914609130331958 0.049201159090609535 0.04431362133990877
0 0.3096578234595201 0.24868930195736558 0.05558752678536116 0.05219884667409058
0 0.17073169115427178 0.24249494064291016 0.036728432629559826 0.04573067067154524
0 0.266633157472347 0.6998796319621381 0.05997501785690744 0.03506589067472703
0 0.3992996071480355 0.7514501279440026 0.047747753246410875 0.05054544000636341
0 0.30433198052483 0.777550098623502 0.04821140340856669 0.07710794000636341
0 0.11195534010190689 0.6563761746499098 0.05248980032431154 0.053724984006999675