0 0.265625 0.03984375 0.05390625 0.05703125
0 0.090625 0.028125 0.0625 0.03359375
0 0.30703125 0.06171875 0.025 0.040625
0 0.34375 0.0546875 0.015625 0.01796875
0 0.48046875 0.0109375 0.025 0.01953125
0 0.484375 0.04609375 0.0234375 0.021875
0 0.5859375 0.15234375 0.046875 0.0625
0 0.78828125 0.04765625 0.0421875 0.0953125
0 0.69609375 0.24375 0.05859375 0.08203125
0 0.7078125 0.071875 0.04296875 0.0359375
0 0.51328125 0.109375 0.0375 0.040625
0 0.57890625 0.0640625 0.03046875 0.028125
0 0.6 0.2296875 0.025 0.03203125
0 0.6015625 0.1046875 0.01953125 0.0265625
0 0.6390625 0.196875 0.01953125 0.0265625
0 0.75546875 0.121875 0.025 0.0390625
0 0.146875 0.071875 0.034375 0.040625
0 0.696875 0.365625 0.028125 0.03359375
0 0.2390625 0.153125 0.03359375 0.0390625
0 0.3015625 0.2546875 0.0390625 0.04296875
0 0.32265625 0.128125 0.0375 0.0265625
0 0.71328125 0.31640625 0.02109375 0.053125
0 0.73359375 0.446875 0.0390625 0.0359375
0 0.77421875 0.3671875 0.065625 0.02890625
0 0.70390625 0.16796875 0.04140625 0.0390625