0 0.13329803342440816 0.8280489078727935 0.061816731513561374 0.06975912094116268
0 0.17249558326911638 0.9907028664769356 0.03399556840173403 0.01859426704612872
0 0.13750812031258083 0.7797341387980701 0.050621626280124364 0.038345479707460585
0 0.11813649403245648 0.7419341298696163 0.022967063140062204 0.01913182954530477
0 0.0667042546969745 0.5958716075484819 0.03141659997176514 0.030205697240056395
0 0.1464233048240314 0.463805175729701 0.08029371572854585 0.06539890340856669
0 0.2079460917969087 0.3275188482129911 0.10473227360693613 0.08299550649282175
0 0.03545644176867381 0.3541653486200282 0.03287268415851471 0.055205697240056396
0 0.12339459947765494 0.5508142520285949 0.054474668373499166 0.050900026785361166
0 0.056700652164960605 0.4911159237011061 0.038212631541796216 0.03968979139585791
0 0.22263719432892257 0.43235635267721795 0.041064615756780665 0.03505683847375849
0 0.09228954166985179 0.4589579886359143 0.034450594710093284 0.02869774431795715
0 0.17619483383381374 0.3987665568171333 0.03445059471009326 0.02869774431795715
0 0.06380197867096393 0.2914432061685102 0.04905912628012436 0.038318206168510206
0 0.19563768068063275 0.9469858685055307 0.05429265785015547 0.04777502678536152
0 0.3334697365634717 0.2984916416374438 0.04437162628012441 0.038236385551659244
0 0.2528747860552441 0.8309165836024945 0.050985647326811726 0.044595479707460584
0 0.3397839808782768 0.7419007224005646 0.057690673635170955 0.05251707386326192
0 0.2011765071866361 0.7472858774339844 0.03857665258848364 0.04593979139585791
0 0.2785092207784562 0.292849567774182 0.06137711575678075 0.03541139448011297
0 0.4074462918816133 0.24202918181548566 0.04978716837349921 0.05081820616851011
0 0.31228571032569963 0.2161740194784653 0.05124325256024882 0.0758182061685102
0 0.12646087336693979 0.3354619874180983 0.05465667889684287 0.05402502678536116