0 0.9862074527920186 0.7848184571914198 0.027585094415962887 0.06065070967712831
0 0.9796929805509805 0.7423933626919379 0.04061403889803898 0.026892139784752266
0 0.9861598230423201 0.7044759857274672 0.01956887155129756 0.01649829528527036
0 0.9893761787646724 0.5612717952807611 0.021247642470655137 0.026018844499482087
0 0.8769641282215599 0.4500003473904569 0.06824538896415219 0.05305653349844608
0 0.9634250921526555 0.25011597145944353 0.07314981569468912 0.046044554176610394
0 0.779580115897088 0.3316805328747643 0.08913109905006031 0.06494010339082212
0 0.9549109865438744 0.33127392617417317 0.03979284034363317 0.04549659057054054
0 0.9239044052453529 0.527782899085868 0.04259029172311415 0.03939213978475227
0 0.9680395075747736 0.46281502460259666 0.029762743102595125 0.03255994292790536
0 0.7964577566702623 0.43066384242805816 0.034122694482076096 0.02652826674922295
0 0.924623700247827 0.4374126102107384 0.029189533016686652 0.02162244292790554
0 0.8295668277920185 0.39323877108794003 0.029189533016686652 0.021622442927905362
0 0.9022905975797222 0.2789451387467858 0.041935194482076096 0.026892139784752266
0 0.9756704596316229 0.9058372785315381 0.04250840456798457 0.03782963978475209
0 0.6551566480092635 0.3219887016098486 0.03584896879233561 0.029726041356328815
0 0.8893843995911432 0.8059592489620335 0.04242651741285428 0.03626713978475209
0 0.7828201390756937 0.735531124893047 0.04587906603337348 0.04266268899896417
0 0.910661856059007 0.7212225299792802 0.03009029172311415 0.038809942927905364
0 0.7035565264579662 0.30865610173368313 0.05435330732694617 0.025911836641599174
0 0.5695566627085846 0.27981401012968526 0.03962906603337348 0.04237159057054054
0 0.6494588466752111 0.24300967700274273 0.03477114767057934 0.06864299214211708
0 0.857336623699004 0.32828801323005713 0.042917840343633176 0.04564213978475227