0 0.9778838977298191 0.33176479239753337 0.03239548863591431 0.06689833992388783
0 0.9655378563339614 0.3681797948689913 0.04588524431795733 0.03465884288963732
0 0.963307154629678 0.4065247118651857 0.02220228246740419 0.01964133794672147
0 0.9732843522767716 0.5505466258956305 0.022365923701106283 0.029016337946721472
0 0.9381962861241473 0.5480728833100044 0.027080697240056396 0.030769838935304605
0 0.8079536327155807 0.6298879104960416 0.07293866801906326 0.06386618182494211
0 0.860303516645682 0.8510333986330437 0.10106366801906326 0.06501218775644091
0 0.6908013145343617 0.7220992682144267 0.0950864034085667 0.0803825197716634
0 0.8563075377490005 0.7668812331197239 0.04777502678536152 0.0534725098858317
0 0.8684195742735943 0.5649685646406548 0.049228432629560004 0.04728617688202626
0 0.8960030576345026 0.6395719752110585 0.035029564934808376 0.038900673916276676
0 0.7283343165629566 0.6292286773019556 0.038045470779006864 0.03277800790866543
0 0.850458732553425 0.6546995681006959 0.03012387662320535 0.026209672927693363
0 0.7517484971639214 0.6743355888609426 0.03012387662320535 0.026209672927693363
0 0.7955376331226177 0.8044886624732079 0.04588524431795715 0.0346588428896375
0 0.9832044176153214 0.2058562084051446 0.02573638555165907 0.04320617193911023
0 0.5709524646965175 0.7004391269213948 0.03966251785690744 0.03596667490485981
0 0.8928464245151803 0.2837039771882249 0.04761138555165907 0.0440975098858317
0 0.7765532228108969 0.32669658490660985 0.05243525324641087 0.05210101087441492
0 0.8959929695644859 0.37179422619964175 0.03511138555165942 0.043588173916276673
0 0.6150064277648865 0.7259683675298547 0.056822744317956975 0.03510451186299797
0 0.48080870576806367 0.7212874792025723 0.046157979707460585 0.0502838428896375
0 0.5500984480574259 0.7770162143738247 0.04497730925276535 0.07209517589344294
0 0.763007551141681 0.7449200028913874 0.049310253246410876 0.051973676882026074