0 0.5889869041446131 0.03872263866777107 0.053281508897248565 0.043988102176918245
0 0.826127465399589 0.13498004665765384 0.047031508897248386 0.04376984736759484
0 0.5408147065023403 0.18707085863070416 0.03740184091247105 0.0371924651536097
0 0.6415614644110057 0.1461060635326948 0.04403384288963732 0.046785719962933126
0 0.6400560197344825 0.2787821542768677 0.04078150889724856 0.043551592558271415
0 0.6755995888981235 0.34463284356976176 0.03408583992388792 0.032395837748947984
0 0.6499735533091293 0.514037607997732 0.05216467787060921 0.05487103847458741
0 0.7258476452101835 0.4708208321370163 0.03752917490485981 0.04031746515360979
0 0.8964572114452561 0.1512473982015999 0.047158842889637495 0.04689484736759484
0 0.854484639772976 0.49207329484355533 0.040908842889637496 0.04667659255827132
0 0.79386949745418 0.7734795514669772 0.02308467292769336 0.030451391832631992
0 0.5173507598114696 0.7246254223330351 0.035775673916276673 0.03557540145127884