0 0.08984375 0.65234375 0.03515625 0.0453125
0 0.22421875 0.871875 0.03671875 0.040625
0 0.225 0.5921875 0.03046875 0.03046875
0 0.203125 0.69296875 0.040625 0.03671875
0 0.33203125 0.67890625 0.03671875 0.034375
0 0.4015625 0.70703125 0.0265625 0.02890625
0 0.56171875 0.665625 0.04609375 0.0421875
0 0.5328125 0.7421875 0.034375 0.03046875
0 0.25078125 0.9375 0.040625 0.040625
0 0.57578125 0.8640625 0.040625 0.0328125
0 0.83828125 0.77890625 0.0265625 0.01953125
0 0.74453125 0.51796875 0.03046875 0.02890625