0 0.03872490106148133 0.5899346566677272 0.018654824739800825 0.05799431333545435
0 0.12086012889892842 0.861038044676954 0.05270227611928182 0.05214430267345449
0 0.18095998869158092 0.5627010893539082 0.04439845318850333 0.042678396005727134
0 0.13554234735257967 0.6644539460136812 0.05418288896415206 0.05059998400699968
0 0.2787124932141367 0.6848584473663166 0.05089411465389251 0.04743862133990895
0 0.349219745023159 0.7340868353755435 0.03790279172311397 0.03791817067154515
0 0.5311691078680292 0.7346424607335879 0.0624048247398008 0.05850339067472685
0 0.4835371913142573 0.8090424767265881 0.04752345318850324 0.04271475867281786
0 0.5050514224310648 0.9513936087284971 0.05393722749876275 0.045912484006999675
0 0.8078521958368132 0.9338361281030861 0.035848968792335255 0.028524989337999785
0 0.7606342005865114 0.6287850014321773 0.042672178878243726 0.039535214672181594