0 0.2259606850745318 0.8742691936507591 0.055162688998963996 0.04591467787060921
0 0.038980877588152454 0.7033213181750579 0.04898546360606987 0.047222509885831696
0 0.3200275163394474 0.7464532583657759 0.03761131596343468 0.037401840912470875
0 0.21288710442878864 0.7531581976050917 0.04749573821317572 0.04872134288963732
0 0.25869837221146896 0.6234096892021348 0.044225188998963993 0.045469008897248565
0 0.248201827959656 0.5474201921678843 0.03590326674922295 0.03421317391627667
0 0.32798998945603 0.3913346768448451 0.05410961124870504 0.05678851087441492
0 0.2445225179920773 0.4087715276431478 0.03939213978475227 0.04215300790866543
0 0.0022323182397463045 0.6649246630418617 0.004464636479492609 0.04827567391627667
0 0.13202682609762917 0.3462953853615328 0.04437073821317572 0.04859400889724856
0 0.2819156259310134 0.09144210619832917 0.024892992142117088 0.03220500494291587
0 0.5203873128630627 0.22832138779580974 0.03604881596343468 0.037338173916276675