0 0.6758685074248663 0.9091437302452772 0.05024543969514976 0.04335126291777769
0 0.8940241306668455 0.7376823850711798 0.047129530054229464 0.04484102773541672
0 0.5977576638443329 0.7742615435998953 0.03614657825883114 0.03677395459715278
0 0.7070599409716959 0.7842158122172563 0.04402271077238851 0.047893292553055744
0 0.6781542118525431 0.650531796449687 0.040870439695149585 0.043133057370694415
0 0.6997024798065239 0.5719158339687495 0.034556807181592396 0.0320500870059723
0 0.6397194675098838 0.40927167002479115 0.05031816256778665 0.055851262917777866
0 0.7239672024827691 0.4291828201010411 0.03617384933607006 0.04146145459715278
0 0.9606394589256769 0.7001992624460062 0.04871930113146803 0.04956489532659738
0 0.8485313861277947 0.3669165966021868 0.03933521077238851 0.04778418977951393
0 0.731340382709949 0.1017117835319091 0.023610216822512697 0.03023301386770836
0 0.46496542808588065 0.23680052403260374 0.03458407825883114 0.036737587005972294