0 0.6524586889394082 0.9737764131030435 0.05385534034363317 0.04525031551854823
0 0.8970950802784093 0.8787069201626725 0.050812227498762755 0.046721887305303154
0 0.6047537720469519 0.8226170783841653 0.03782090456798422 0.03698317445232178
0 0.7076231445027605 0.8653932632613281 0.04620661465389268 0.048147994985435004
0 0.7067489620064722 0.7296376196878189 0.04283595318850324 0.04336956677218975
0 0.743811870758328 0.6628509364600086 0.0376571302577247 0.033858174452321775
0 0.7176167836940552 0.4904758312871591 0.05442855042954129 0.05618781551854859
0 0.7956499304601234 0.5356495904583591 0.03806656603337348 0.041670674452321775
0 0.967288071571982 0.8635880370140046 0.05097600180902262 0.04984688730530316
0 0.9271522359780475 0.514514039521287 0.04308161465389269 0.04805706677218975
0 0.8668953301668678 0.22803933042922928 0.026637743102595125 0.03197742570596294
0 0.5845641870188442 0.27364838097058997 0.03782090456798422 0.03698317445232169