0 0.31842218865372784 0.08229259927824693 0.0504727146721816 0.04266234387822052
0 0.0970728052991834 0.24748781224355892 0.04578521467218157 0.04247134288963732
0 0.3894875719685015 0.21605083395520772 0.03319430800445424 0.0341495069200823
0 0.2826381353039559 0.20478702319452355 0.04115225867281787 0.046967841901054186
0 0.3053023812858203 0.3373939347535105 0.039535214672181594 0.04221667490485981
0 0.280992177275639 0.41334893969642633 0.03315794533736342 0.03102450692008212
0 0.3329893872533673 0.5752149283277198 0.047474984006999676 0.0534725098858317
0 0.2512399479233217 0.5543386956279254 0.03481135200509069 0.038900673916276676
0 0.030284747294729047 0.2830061595818206 0.0458397586728179 0.04715884288963732
0 0.12639394191600387 0.6133064718253796 0.03800907733927246 0.04527800790866543
0 0.2318786838797328 0.8760691155898694 0.022220445337363514 0.03057883794672165
0 0.4988672838956411 0.7480582262368227 0.03319430800445424 0.0341495069200823