0 0.06762742532266391 0.2970254862051901 0.04114319724005646 0.03181656603337357
0 0.10997065827653534 0.39759205223856364 0.18930005357072247 0.11295145861557021
0 0.30348092491562684 0.48344542231952314 0.18107845048646737 0.08910452283992143
0 0.9202126830333016 0.4002477357509049 0.05849433847375849 0.042092324739800804
0 0.27939676826064924 0.3557365021477066 0.047911394480112966 0.0618316146538926
0 0.6237195125786064 0.4065641762762519 0.02543637662320535 0.0263101944820761
0 0.7536331091700397 0.3368801973071512 0.0191045560063543 0.021295145861557074
0 0.13625938124999998 0.1492415859375 0.0815411234375 0.1601992375 0.0652047828125 0.1676085828125 0.0631602390625 0.1669096484375 0.0560212796875 0.203093040625 0.0607285125 0.210392896875 0.069891503125 0.19913396875 0.1056035203125 0.18902126875 0.1081448375 0.206299746875 0.1262115265625 0.20520676718750003 0.14663323749999999 0.22232241562500002 0.1546708953125 0.21174301406249998 0.12136447343750001 0.179504103125 0.140137771875 0.1698055546875 0.13625938124999998 0.1492415859375
0 0.27142085625 0.2884824171875 0.2850856890625 0.2745027875 0.266757459375 0.2618489046875 0.24088908125000003 0.2472045375 0.22850676406249998 0.254683821875 0.209207746875 0.23688794999999999 0.19237428750000002 0.22169614062499998 0.1676572015625 0.2112648171875 0.1606141671875 0.2318754859375 0.14532476249999998 0.22393019218750002 0.1344605375 0.23376342343749998 0.154280384375 0.24388128281250002 0.1609567421875 0.26029815625 0.1739695234375 0.2647099296875 0.19860769843749998 0.26046874062500003 0.2094217390625 0.2760247078125 0.2583561546875 0.2742855015625 0.27142085625 0.2884824171875
0 0.56785360625 0.313978103125 0.5480095359375 0.334142015625 0.558223959375 0.377871928125 0.577311234375 0.39170278281250004 0.602601459375 0.3690701890625 0.5825719968749999 0.35499060937500004 0.579638434375 0.3346760609375 0.5962870125 0.3156217796875 0.56785360625 0.313978103125
0 0.1855121484375 0.20620682031249998 0.17804814375 0.18371970625 0.160873846875 0.175279565625 0.1607950609375 0.195775496875 0.1689661890625 0.20965444375 0.1855121484375 0.20620682031249998
0 0.2109071203125 0.16797086562500002 0.2087088921875 0.17911245781250001 0.2249955609375 0.1970897125 0.19352333125 0.190737446875 0.1945439171875 0.20566128125 0.2198363921875 0.21820042812499998 0.2263824328125 0.21015704999999998 0.2471730671875 0.22541689687500002 0.25536526875 0.2090159765625 0.258768128125 0.176696328125 0.2109071203125 0.16797086562500002
0 0.356171134375 0.2962007953125 0.3256182859375 0.28520278125 0.2956381875 0.276311890625 0.2868674453125 0.290606890625 0.2923163640625 0.32330734687499996 0.31530310156249997 0.3274223078125 0.34554249062500003 0.3148883203125 0.38115240156249997 0.3203796796875 0.3823798390625 0.3040960953125 0.356171134375 0.2962007953125
0 0.510310640625 0.3945323671875 0.5013025843750001 0.3647987375 0.48784512187500007 0.34756835 0.46553588125 0.32995715468750003 0.45189527500000004 0.3136550171875 0.4306071328125 0.310965059375 0.40871925156250005 0.3012806046875 0.398614075 0.312290809375 0.409402153125 0.32295420468749997 0.4492255 0.3422590703125 0.45928049218749994 0.3566380640625 0.47480811562499997 0.3734383453125 0.485151121875 0.40645417031250003 0.510310640625 0.3945323671875
0 0.42011369375 0.389285271875 0.4051117875 0.3999794109375 0.4110317390625 0.4152200078125 0.4294620765625 0.41226983125 0.44417609062499996 0.41810730312500005 0.44841851874999994 0.401643034375 0.42011369375 0.389285271875
0 0.419738409375 0.2504548125 0.4087434765625 0.2709988359375 0.42916782812500004 0.28811518281250004 0.446365834375 0.2662761515625 0.419738409375 0.2504548125
0 0.0100156453125 0.43626988281249995 0.019952246875 0.43215151250000006 0.0494850265625 0.4282230921875 0.0301335734375 0.4006446796875 0.017088090625 0.40042360312499997 0.0100156453125 0.43626988281249995
0 0.1669810515625 0.295106434375 0.1321593 0.29568271562500004 0.1217634671875 0.2880553921875 0.1233603453125 0.2699134078125 0.1035664609375 0.2646881203125 0.1060025171875 0.2975725578125 0.11019263125 0.306494190625 0.0916835109375 0.32994029999999996 0.1096189796875 0.339560709375 0.128601896875 0.33382388125 0.15410174062499998 0.315153009375 0.1674257328125 0.307925046875 0.1669810515625 0.295106434375
0 0.1795513984375 0.32187133437500004 0.1948932375 0.33959916875 0.208169684375 0.3577611015625 0.2201592421875 0.34724834375 0.20651863593750003 0.33094620625000004 0.1881358453125 0.3085064875 0.1795513984375 0.32187133437500004
0 0.6120367234375 0.54741941875 0.55396405625 0.53013318125 0.5517653140625 0.5412773750000001 0.60497036875 0.5631382125 0.6120367234375 0.54741941875
0 0.6218261921875 0.4777054703125 0.6147307234375 0.488533596875 0.6426141875 0.4929646234375 0.6445773515625 0.4729661390625 0.686282828125 0.4575967125 0.6743434578125 0.442720271875 0.6290237671875001 0.4512732875 0.6218261921875 0.4777054703125
0 0.8519496525944925 0.46926000734763085 0.02225682954530477 0.023021420171816586
0 0.7981388599808186 0.4719036504956545 0.028534103084255236 0.024911468792335613
0 0.892919525971287 0.44643001695856926 0.0647716120127086 0.04398237336031983
0 0.8146836574657564 0.3018334899347764 0.02686250892845372 0.018579581637205855
0 0.7767745543815013 0.27643069821166233 0.020694329545304768 0.02293953301668683
0 0.9773099370904914 0.5858853426028813 0.04473184740221221 0.058542840343632996
0 0.91544513676618 0.5295667435528209 0.03670115909060954 0.04563340456798422
0 0.8342281387947746 0.6166329743309442 0.041279564934808374 0.03962906603337366
0 0.695869022317839 0.560208154679526 0.02225682954530477 0.023021420171816586
0 0.6711905762955986 0.48788609735257965 0.02225682954530477 0.023021420171816586
0 0.6912127499967047 0.5170346867917015 0.019104556006354478 0.021295145861557074
0 0.7566820170428332 0.42211833446228086 0.031659103084255236 0.025075243102595124
0 0.7913491176914563 0.5300879647200057 0.02225682954530477 0.023021420171816586
0 0.8902639046230874 0.56259060549318 0.02543637662320535 0.0263101944820761
0 0.4632570078125 0.291251896875 0.45712968906249996 0.3072213171875 0.49658674999999997 0.3283826828125 0.5329292328124999 0.33016104375 0.5446021765625 0.2961181859375 0.5112729453125 0.2589848 0.4897509609375 0.282614890625 0.4632570078125 0.291251896875
0 0.71625444375 0.3257980453125 0.683945284375 0.3035910953125 0.6748082531249999 0.31974259374999997 0.70143568125 0.3355639375 0.71625444375 0.3257980453125
0 0.7246723120921391 0.3322402849372507 0.020639782467404187 0.01981453301668674
0 0.5966603603878557 0.287285231794176 0.028534103084255236 0.024911468792335523
0 0.6227728469951751 0.2628960634313817 0.03648297077900686 0.033133404567984304
0 0.31665921468992686 0.25465868102595035 0.028506829545304768 0.02334896879233561
0 0.36698649715733095 0.27602906999010246 0.04604888555165916 0.04456222749876275
0 0.9307058981302656 0.46480155868168344 0.023982970779006862 0.03247830732694616
0 0.7317314984375 0.8203320671875 0.8113283984375 0.8491599546874999 0.9572694765625 0.870421290625 0.960614975 0.8534648328125 0.7616046 0.8096545796875001 0.570920134375 0.7759271015625 0.3871193921875 0.72740648125 0.188369571875 0.664191496875 0.11557973437499999 0.64106969375 0.0109529625 0.6274948265625 0.0111961265625 0.6414256296875 0.025987804687499998 0.6428184875 0.0723280796875 0.64918930625 0.15053495781249998 0.6649517609375 0.2301578203125 0.69867221875 0.3338381921875 0.7260422703125 0.5578285671875001 0.7920112593749999 0.6324768203125 0.8107379390625 0.7317314984375 0.8203320671875
0 0.961694821875 0.8479916828125 0.966614446875 0.8230568625 0.9026224671874999 0.813663215625 0.8128939125000001 0.7909555625 0.761236065625 0.7763393390625 0.6691287781249999 0.765702225 0.5781177093750001 0.74949491875 0.4766620421875 0.7158732421875 0.2832774640625 0.6706822125 0.1524170875 0.63027746875 0.010609375 0.6078106421875 0.010848509374999999 0.6215106625 0.030777534375 0.623566175 0.1896520859375 0.6576911515625 0.3715917703125 0.7106061984375 0.42704748906249995 0.7311079859375 0.5578813921875 0.7666227578125 0.728405175 0.796984046875 0.8267992124999999 0.8210026593749999 0.961694821875 0.8479916828125
0 0.8533979125 0.796762290625 0.9666569546874999 0.8228414171875 0.972326675 0.7941047734375 0.8462742343749999 0.7675261078125 0.7258621203125 0.7445312296875 0.6880041875 0.7403996203125 0.6024397875 0.72172103125 0.5451780859375 0.715396909375 0.3687110328125 0.6649031484375 0.1751163234375 0.6157529953124999 0.0548873546875 0.5918298671875 0.010245765625 0.5869795234375 0.010527853125 0.6031403 0.08926667499999999 0.6136067125 0.178966115625 0.6314236984375 0.3124460828125 0.6686135875 0.5017427750000001 0.7244473703125001 0.6008693828125 0.7447529859375 0.692272696875 0.7639963640625 0.7502934453125001 0.771497459375 0.8533979125 0.796762290625
0 0.9735877265624999 0.787713203125 0.97708891875 0.7699676203125 0.770946234375 0.7271239234375 0.6809064671875 0.7160560078125 0.472260571875 0.66781555 0.2807365375 0.618232690625 0.1815839671875 0.59303450625 0.009879928125 0.566020659375 0.0102101328125 0.5849380875 0.08219543124999999 0.5941530703125 0.1749072203125 0.611788675 0.3858328921875 0.663560746875 0.5556786640625 0.7074208718749999 0.6585740296875 0.72872138125 0.7791433234375 0.7458954390625 0.85323848125 0.7674113703125001 0.9735877265624999 0.787713203125
0 0.9820284671874999 0.7449318140625001 0.8326313765625001 0.7160522312500001 0.744633171875 0.6996609421875 0.5348593046875 0.6520993140625 0.24536259375 0.5864245828125 0.076328303125 0.553523971875 0.009449823437500001 0.5413800656250001 0.009834878125 0.5634397703125 0.0621140453125 0.5702883515625 0.1527292015625 0.5834640906249999 0.31801857031249997 0.6202590781249999 0.5129191140625 0.6678007609375001 0.6844401578125 0.7081940109375 0.82349435 0.7322037296875 0.979088615625 0.7598322750000001 0.9820284671874999 0.7449318140625001
0 0.6857334078124999 0.877554959375 0.599619578125 0.8616611187500001 0.5944370890624999 0.8778799609375 0.720897734375 0.9054013484375 0.86767573125 0.9304707062500001 0.9435189984375001 0.940114775 0.947179871875 0.921559846875 0.8293445125 0.908627215625 0.6857334078124999 0.877554959375
0 0.6589860015625 0.6311322046875001 0.466519778125 0.581300625 0.32047435156250004 0.5525182703125 0.06475296875 0.5016192937499999 0.008602946875 0.4928624984375 0.0089400734375 0.5121764875 0.0245391109375 0.5144526953125 0.1130872578125 0.5280566359375001 0.20692438124999998 0.5450127140625 0.3086944125 0.5669927484375 0.518834565625 0.612697878125 0.6064664843750001 0.6309456671875 0.7008530359375 0.645116996875 0.6589860015625 0.6311322046875001
0 0.92167651875 0.7170888828125 0.8699921953124999 0.6975826875 0.7273232796875 0.66675915625 0.522658396875 0.6234760125000001 0.209044334375 0.5543644515625 0.009007154687500001 0.5160195140625 0.0093621546875 0.5363574437499999 0.039176978125 0.5407867937499999 0.144297046875 0.5558356812499999 0.26169944843750004 0.5790126390625 0.3454027921875 0.602085653125 0.44282816406250003 0.6209655703125 0.6271523734375 0.661808875 0.7179771453125 0.678946334375 0.92167651875 0.7170888828125
0 0.5034492917963043 0.8498494295556125 0.04750229139585791 0.03839411465389233
0 0.5676657504004465 0.817310246493497 0.05849433847375849 0.042092324739800804
0 0.4163759857899499 0.824992192445911 0.03319432954530477 0.0235946302577247
0 0.490735057624617 0.7922040258921392 0.02543637662320535 0.0263101944820761
0 0.9027634991826305 0.8762403476912638 0.10534206493480802 0.042986439393693135
0 0.6341538210172976 0.8254779505865116 0.028561376623205348 0.026473968792335257
0 0.7052669362764172 0.9197469289897853 0.02368296185055314 0.01529080732694652
0 0.7717044139552829 0.8802993266603647 0.030151150162155815 0.028118355947465545