0 0.36953125 0.09140625 0.021875 0.03359375
0 0.453125 0.14765625 0.06328125 0.16796875
0 0.4828125 0.3375 0.04140625 0.16171875
0 0.25859375 0.878125 0.0265625 0.05
0 0.37265625 0.29296875 0.0484375 0.03359375
0 0.33515625 0.61171875 0.01953125 0.01875
0 0.24140625 0.71640625 0.01640625 0.01484375
0 0.24910749999999998 0 0.24196499999999999 0.0125 0.25 0.0428575 0.25178500000000004 0.066965 0.24107249999999997 0.0803575 0.21785749999999998 0.1276775 0.23571499999999998 0.1348225 0.24910749999999998 0.11964250000000001 0.270535 0.15535749999999998 0.2821425 0.15 0.27142750000000004 0.1285725 0.276785 0.1125 0.2616075 0.1071425 0.27946499999999996 0.076785 0.291965 0.070535 0.2696425 0.048215 0.276785 0.035715000000000004 0.298215 0.0571425 0.3053575 0.0276775 0.26339250000000003 0.01875 0.2758925 0 0.24910749999999998 0
0 0.270535 0.1910725 0.2803575 0.20892750000000002 0.291965 0.22946499999999997 0.2821425 0.23928500000000003 0.289285 0.2651775 0.2964275 0.2839275 0.3125 0.2741075 0.30267750000000004 0.25982249999999996 0.3160725 0.21607249999999997 0.304465 0.2035725 0.31428500000000004 0.1821425 0.3133925 0.1696425 0.3 0.160715 0.295535 0.1410725 0.2839275 0.1491075 0.2875 0.164285 0.266965 0.166965 0.270535 0.1910725
0 0.298215 0.5660725 0.30625 0.5866075000000001 0.333035 0.5678575 0.325 0.548215 0.2875 0.53125 0.264285 0.545535 0.25892750000000003 0.5714275 0.2803575 0.5598225 0.298215 0.5660725
0 0.2651775 0.1678575 0.254465 0.15803499999999998 0.23571499999999998 0.15446500000000002 0.23928500000000003 0.1714275 0.258035 0.1821425 0.2651775 0.1678575
0 0.2133925 0.2428575 0.24375 0.245535 0.260715 0.24107249999999997 0.25178500000000004 0.21964250000000002 0.260715 0.21517750000000002 0.2553575 0.1901775 0.24196499999999999 0.18660749999999998 0.24017750000000002 0.21607249999999997 0.22767750000000003 0.198215 0.216965 0.198215 0.2133925 0.2428575
0 0.3151775 0.3785725 0.31875 0.34553500000000004 0.3375 0.320535 0.339285 0.29910749999999997 0.31071499999999996 0.2883925 0.295535 0.29375 0.2964275 0.32232249999999996 0.29910749999999997 0.351785 0.3 0.37678500000000004 0.3151775 0.3785725
0 0.31428500000000004 0.479465 0.326785 0.4946425 0.351785 0.508035 0.36875 0.4875 0.3410725 0.47232250000000003 0.329465 0.4553575 0.31875 0.44375 0.31071499999999996 0.40446499999999996 0.30357249999999997 0.39285749999999997 0.29107249999999996 0.4 0.29464250000000003 0.42142749999999995 0.291965 0.44107250000000003 0.30357249999999997 0.45625 0.31428500000000004 0.479465
0 0.3821425 0.414285 0.36875 0.42589249999999995 0.37321499999999996 0.45357250000000005 0.389285 0.45267749999999995 0.3875 0.43839249999999996 0.3946425 0.42232250000000005 0.3821425 0.414285
0 0.26339250000000003 0.3946425 0.24196499999999999 0.4008925 0.25 0.4276775 0.2741075 0.4160725 0.26339250000000003 0.3946425
0 0.5044649999999999 0.073215 0.5178575000000001 0.055357500000000004 0.48392749999999995 0.0410725 0.476785 0.0625 0.473215 0.076785 0.49375 0.0991075 0.5044649999999999 0.073215
0 0.35267750000000003 0.15 0.34375 0.18125 0.3553575 0.1839275 0.36517750000000004 0.173215 0.38839250000000003 0.1535725 0.398215 0.1375 0.39375 0.11964250000000001 0.3678575 0.1321425 0.360715 0.12678499999999998 0.33125 0.11875 0.33125 0.1375 0.348215 0.139285 0.35267750000000003 0.15
0 0.3776775 0.214285 0.36517750000000004 0.1973225 0.3508925 0.2026775 0.366965 0.223215 0.3785725 0.2383925 0.3910725 0.22946499999999997 0.3776775 0.214285
0 0.46517749999999997 0.5714275 0.46696499999999996 0.626785 0.483035 0.623215 0.47589249999999994 0.5714275 0.46517749999999997 0.5714275
0 0.3910725 0.6428575000000001 0.40982250000000003 0.6446425 0.4125 0.61875 0.4008925 0.623215 0.375 0.625 0.35625 0.664285 0.366965 0.6776774999999999 0.3910725 0.6428575000000001
0 0.33671875 0.82890625 0.0171875 0.01796875
0 0.35390625 0.78046875 0.01796875 0.02265625
0 0.30703125 0.86171875 0.0265625 0.0546875
0 0.19375 0.765625 0.0125 0.02421875
0 0.1796875 0.7265625 0.0171875 0.01640625
0 0.41484375 0.9625 0.0453125 0.03203125
0 0.37734375 0.896875 0.03671875 0.02578125
0 0.4765625 0.8390625 0.02890625 0.03203125
0 0.45859375 0.7046875 0.0171875 0.01796875
0 0.3984375 0.66953125 0.0171875 0.01796875
0 0.4203125 0.69296875 0.01640625 0.0140625
0 0.31796875 0.73515625 0.01640625 0.0265625
0 0.4078125 0.78515625 0.0171875 0.01796875
0 0.4140625 0.8796875 0.01875 0.0203125
0 0.2875 0.516965 0.29464250000000003 0.48392749999999995 0.2848225 0.44464249999999994 0.26875 0.4473225 0.254465 0.46964249999999996 0.22767750000000003 0.48482250000000005 0.2535725 0.5214274999999999 0.2875 0.516965
0 0.22678500000000001 0.648215 0.23928500000000003 0.68125 0.25178500000000004 0.6696424999999999 0.24375 0.6428575000000001 0.22678500000000001 0.648215
0 0.24296875 0.68984375 0.0140625 0.01640625
0 0.2328125 0.56640625 0.0171875 0.0234375
0 0.2046875 0.5859375 0.0234375 0.02890625
0 0.2703125 0.30859375 0.01640625 0.0234375
0 0.278125 0.3578125 0.03125 0.03671875
0 0.31484375 0.89921875 0.0265625 0.01640625
0 0.7 0 0.689285 0.06875 0.6723225 0.1964275 0.6758925 0.2660725 0.685715 0.45625 0.685715 0.6303575 0.670535 0.808035 0.6625 0.9964275 0.6785725 0.9974999999999999 0.6946424999999999 0.8598224999999999 0.6875 0.783035 0.7026775 0.6919649999999999 0.7035725 0.6214275 0.6973225000000001 0.40803500000000004 0.6973225000000001 0.3098225 0.685715 0.2321425 0.6901775 0.1589275 0.695535 0.1160725 0.7151775 0 0.7 0
0 0.679465 0.49285750000000006 0.6741075000000001 0.43928500000000004 0.6696424999999999 0.2660725 0.676785 0.11696500000000001 0.6946424999999999 0.005357499999999999 0.68125 0.005357499999999999 0.6723225 0.032142500000000004 0.6678575 0.0901775 0.6535725 0.22767750000000003 0.6589275 0.35267750000000003 0.6535725 0.5348225 0.6598225 0.6321424999999999 0.6526775 0.716965 0.6401775 0.801785 0.6410725 0.8508924999999999 0.6401775 0.9357150000000001 0.633035 0.9974999999999999 0.6571425 0.9974999999999999 0.6651775 0.86875 0.666965 0.7758925 0.6803575000000001 0.616965 0.679465 0.49285750000000006
0 0.6625 0 0.641965 0.133035 0.6348225000000001 0.245535 0.633035 0.4285725 0.6366075 0.5964275 0.6285725 0.6491075000000001 0.625 0.729465 0.6196425 0.764285 0.6116075000000001 0.8767849999999999 0.6053575 0.9974999999999999 0.633035 0.9974999999999999 0.6366075 0.8883924999999999 0.6383924999999999 0.7910725000000001 0.645535 0.7375 0.65 0.6517850000000001 0.6553575 0.5589275 0.65 0.3785725 0.648215 0.25178500000000004 0.6535725 0.1678575 0.6660725000000001 0.0714275 0.679465 0 0.6625 0
0 0.6428575000000001 0 0.63125 0.06875 0.6125 0.24732249999999997 0.6116075000000001 0.3410725 0.610715 0.5223225 0.604465 0.71875 0.5928575 0.801785 0.5821425 0.9974999999999999 0.5991075 0.9974999999999999 0.6098225 0.8830349999999999 0.608035 0.8125 0.6214275 0.7008924999999999 0.626785 0.604465 0.6276775 0.44375 0.63125 0.2446425 0.6375 0.15803499999999998 0.65 0.0651775 0.65625 0 0.6428575000000001 0
0 0.6008924999999999 0.5589275 0.604465 0.375 0.610715 0.21964250000000002 0.6205350000000001 0.135715 0.6383924999999999 0 0.6133925 0.0017850000000000001 0.601785 0.145535 0.5910725 0.30357249999999997 0.58125 0.5758924999999999 0.5741075 0.773215 0.5678575 0.8553575 0.5580350000000001 0.9974999999999999 0.5723225000000001 0.9974999999999999 0.5848225 0.85 0.5964275 0.720535 0.6008924999999999 0.5589275
0 0.7678575000000001 0.7883924999999999 0.773215 0.6696424999999999 0.7571424999999999 0.6714275 0.7508925 0.751785 0.7446425 0.8866075 0.7276775 0.9973224999999999 0.7455350000000001 0.9974999999999999 0.7553575 0.925 0.7678575000000001 0.7883924999999999
0 0.570535 0 0.5571425 0.12589250000000002 0.541965 0.36517750000000004 0.533035 0.501785 0.5321425 0.6839275 0.5348225 0.7241075 0.5446424999999999 0.6366075 0.5491075000000001 0.554465 0.5580350000000001 0.35714250000000003 0.5625 0.2616075 0.5696424999999999 0.1741075 0.5785725 0.09196499999999999 0.5892850000000001 0 0.570535 0
0 0.5892850000000001 0 0.570535 0.2651775 0.5580350000000001 0.5598225 0.548215 0.751785 0.541965 0.885715 0.5473225 0.9357150000000001 0.5616075 0.7455350000000001 0.5678575 0.6607149999999999 0.575 0.4875 0.58125 0.39642750000000004 0.5803575000000001 0.316965 0.5875 0.2071425 0.5991075 0.1098225 0.6116075000000001 0 0.5892850000000001 0
0 0.76953125 0.5828125 0.0265625 0.0390625
0 0.72421875 0.634375 0.02578125 0.04921875
0 0.7671875 0.50078125 0.01484375 0.02734375
0 0.7203125 0.56171875 0.01875 0.01953125
0 0.6984375 0.95078125 0.0171875 0.0984375
0 0.715625 0.69609375 0.01875 0.0234375
0 0.78515625 0.7765625 0.00859375 0.02109375
0 0.7328125 0.82890625 0.0203125 0.02421875