0 0.9248685855103013 0.3179120155724202 0.03505696159934004 0.02443771034569897
0 0.872772539587794 0.4085657593042141 0.17865384890464356 0.07701244404836309
0 0.6785511781467383 0.45174877263204916 0.17020485141192587 0.05491012351524951
0 0.10439930964605373 0.25577497538939375 0.053988818025830956 0.03123327962517113
0 0.7173743342566599 0.3348962417532368 0.03743781551854859 0.05260817445232169
0 0.3845247303374517 0.31643236441055655 0.019341033386094785 0.020858069279472157
0 0.27010086599340216 0.22671429803407825 0.016079641066226814 0.016079641066226814
0 0.89773358125 0.223818253125 0.9022701171874999 0.2077606265625 0.9348614984375001 0.22422306406249998 0.9421564 0.2367410171875 0.9637683906250001 0.2121666734375 0.97717425625 0.21872746250000002 0.9564264625 0.2423192671875 0.9873840765624999 0.24775528593749999 0.9938380921875 0.20374700625000003 0.9978835374999999 0.20608484843750002 0.9963410328125001 0.1820143765625 0.9680089015625001 0.1914896234375 0.9431859671874999 0.19493466875 0.92862004375 0.18473958125 0.878124303125 0.16385895156250002 0.8719161281250001 0.1828077765625 0.8885090546875001 0.1956570453125 0.8529794468749999 0.2201935109375 0.859291809375 0.2318472703125 0.8807500015624999 0.21934105312500002 0.89773358125 0.223818253125
0 0.8603335218750001 0.23363483437500002 0.84486795 0.23833714687500002 0.8407338031249999 0.217269609375 0.8160292140625 0.222561390625 0.7982079078125001 0.233907384375 0.7777296703125 0.24727796093749999 0.7669188124999999 0.2377668 0.7406043390625 0.246872984375 0.721679396875 0.2555056234375 0.732904625 0.2714829453125 0.7470324609375 0.2603736421875 0.7931836718749999 0.271331328125 0.805346425 0.2584936296875 0.8281686593750001 0.2672324703125 0.841041809375 0.2654803609375 0.8493901609375 0.251032784375 0.8694159875 0.24511107499999998 0.8603335218750001 0.23363483437500002
0 0.421749740625 0.235769696875 0.4351769015625 0.25717146875 0.42989467968749995 0.27606095625 0.40918217500000004 0.2857353078125 0.430356484375 0.3122035796875 0.45014562187499996 0.3025883984375 0.4652111484375 0.2626666625 0.448892953125 0.23959583593749997 0.421749740625 0.235769696875
0 0.824439325 0.20903701562500002 0.839691925 0.21547945937500002 0.8491439140624999 0.2037452359375 0.8515942750000001 0.184110059375 0.8342818 0.1889281328125 0.824439325 0.20903701562500002
0 0.7904394640625 0.21399990156249998 0.8159489109375 0.2067996265625 0.8187544703125 0.19270724687500002 0.7881518875 0.1928114328125 0.8057982640624999 0.17869517031249998 0.8050880328125001 0.16761216875 0.7586646796875 0.1668758765625 0.7579072546875001 0.1984608328125 0.7636488625 0.21571672031250003 0.785227984375 0.2050570765625 0.7904394640625 0.21399990156249998
0 0.71145800625 0.2552334796875 0.681956471875 0.2580511859375 0.6516526687499999 0.26277721718749997 0.6258471953125 0.2653580671875 0.6250041296875 0.28117900625000003 0.659421115625 0.2826847015625 0.6865288734375 0.300425703125 0.7088158046874999 0.3008518109375 0.718007221875 0.270583296875 0.71145800625 0.2552334796875
0 0.50568931875 0.3008833171875 0.493491109375 0.3276358765625 0.5158610953125 0.34382617031249996 0.529728525 0.3141851640625 0.5465107046875 0.3010514390625 0.5578092640625 0.2891962828125 0.5979202546875 0.27827881875 0.60945566875 0.2701197203125 0.601237396875 0.257660940625 0.579305496875 0.2627750390625 0.5588035421875001 0.261307384375 0.5438706843750001 0.2743225984375 0.520563003125 0.28694473593750003 0.50568931875 0.3008833171875
0 0.551258034375 0.3461962265625 0.5532494171875 0.3627626828125 0.5679101328125 0.35996886250000004 0.5850094703125001 0.3662929640625 0.5924962140625001 0.352827759375 0.57959934375 0.3397416375 0.551258034375 0.3461962265625
0 0.5698795703124999 0.21700291093750002 0.5834842484375 0.24117478593750002 0.6049450265625 0.22866840625 0.5970582375 0.20691418593750002 0.5698795703124999 0.21700291093750002
0 0.9853648609375 0.4333893640625 0.9627227296875001 0.4274204609375 0.9477069828125 0.4246740765625 0.9259738953125 0.44739926093750004 0.9534723046875 0.45676819531249996 0.9728353343749999 0.469439946875 0.9853648609375 0.4333893640625
0 0.829045 0.3098438421875 0.8407790593750001 0.3192932421875 0.8626400500000001 0.3420088703125 0.87991965625 0.3511054953125 0.8980987468749999 0.3453021328125 0.88344976875 0.3193428578125 0.8885190203125 0.3115981296875 0.894878409375 0.28058134218749997 0.8754799265625 0.281824453125 0.8747579562500001 0.299494546875 0.8639682296875 0.3048217828125 0.8310455343750001 0.2976573703125 0.829045 0.3098438421875
0 0.8093504875 0.306467528125 0.7891682765625 0.32445752968749997 0.77423541875 0.33747274374999997 0.784300425 0.34981317968750003 0.7991173593750001 0.3349484796875 0.81583778125 0.320891553125 0.8093504875 0.306467528125
0 0.3830292890625 0.471061621875 0.4361343625 0.4602386171875 0.43542396562499996 0.44915302968750004 0.3782703875 0.4546725140625 0.3830292890625 0.471061621875
0 0.3566103890625 0.3772208015625 0.356006765625 0.39673763125 0.3829722953125 0.39779108124999996 0.3775833015625 0.38607815 0.3740199125 0.3594084796875 0.33213309375 0.3426145640625 0.31898780000000004 0.3545880640625 0.3566103890625 0.3772208015625
0 0.1606014970304991 0.3331127137109113 0.01929556927947216 0.019295569279472246
0 0.2110561380967259 0.3472828622989855 0.024028533386094876 0.02099446159934022
0 0.12382291105797952 0.30525213816323293 0.058676318025830954 0.03136967194503919
0 0.21639319279472174 0.18136234560593806 0.025409176959604096 0.014789925705962891
0 0.2557823017284949 0.16457801088705967 0.016170569279472247 0.019204641066226814
0 0.02870429084143524 0.42217887688046185 0.03422188730530311 0.04939224623907634
0 0.09238870612255687 0.3804483664556206 0.029261602665567033 0.03988085391920819
0 0.1593836409997198 0.4793655880840907 0.036846782132453626 0.032295674452321774
0 0.29696019734706824 0.45112326464798336 0.019295569279472246 0.019295569279472246
0 0.3294939010288497 0.38684180430228443 0.01929556927947216 0.019295569279472246
0 0.3067383626281899 0.41096126590162463 0.016079641066226814 0.016079641066226814
0 0.25681726748447026 0.3076376891003051 0.02862510517284953 0.01800585391920819
0 0.2111303459351425 0.40357832640560815 0.019295569279472246 0.019295569279472246
0 0.11298836262818987 0.4165988151228371 0.02242056927947216 0.0193864974927175
0 0.4799902078125 0.2617195765625 0.5146438812499999 0.26691874375 0.5546365265625 0.25415454375 0.5507982421875 0.23770384375 0.5267592 0.22440458593749998 0.509278196875 0.1976970390625 0.47312399843749997 0.22691452499999998 0.4799902078125 0.2617195765625
0 0.319664346875 0.23489175 0.3468430140625 0.2248030265625 0.34017545312499997 0.207606475 0.30682665 0.222728996875 0.319664346875 0.23489175
0 0.2974673480467135 0.22669992616818133 0.016079641066226814 0.016079641066226814
0 0.4251604390337981 0.2081281194251215 0.025591033386094964 0.021039925705962935
0 0.40322560306127836 0.17983563486452764 0.03202288981258548 0.027471782132453625
0 0.693993007059629 0.2300185251393317 0.02550010517284953 0.017914925705962936
0 0.6442885237526764 0.24162962655125747 0.04001724623907634 0.033949102665567034
0 0.08659569569771561 0.3157182767221773 0.01800585391920826 0.02862510517284953
0 1 0.6503788875 0.9703451640624999 0.647684328125 0.8371272265625 0.638600090625 0.7653101828125 0.6469109734375 0.5692064546875 0.669681825 0.389077296875 0.681225025 0.20424824375 0.6772999015625001 0.025849425 0.681113028125 0.0270039921875 0.6991298203125 0.1522679375 0.705674653125 0.2312376578125 0.6931941671875 0.32646365 0.7028587203125001 0.3995000890625 0.6991080890625 0.6198585796875 0.6784941609375 0.7214678453125 0.6719827421875 0.8010649046875 0.654823659375 0.8771079687500001 0.6545863984375 0.92180034375 0.6572879359375 1 0.6654218921874999 1 0.6503788875
0 1 0.6276173765624999 0.946755946875 0.6269363671875 0.8035533062500001 0.621273459375 0.67458510625 0.635101075 0.4857854328125 0.6416369484375 0.3855139078125 0.6545553546875 0.2972840390625 0.6527869078124999 0.208701725 0.6454780921875 0.1579551375 0.6496598359375 0.070139640625 0.654357553125 0.023983590625000002 0.651997096875 0.025520182812499997 0.6759752703124999 0.1410781640625 0.6757824671875 0.23726573125 0.67147540625 0.4025777875 0.67479431875 0.5309184828125 0.6656427140625001 0.5859886359375001 0.6565481015625 0.7648958125 0.6404448125 0.9196338640624999 0.637948621875 1 0.6455790875 1 0.6276173765624999
0 1 0.611866315625 0.9006995296874999 0.6029897734375 0.7838350765625 0.6030589125 0.5943485578125001 0.61334484375 0.420925003125 0.628169565625 0.36589030624999996 0.6233493140624999 0.2825167171875 0.6249809 0.24613723906249999 0.6217466484374999 0.1292136171875 0.62089241875 0.0220745359375 0.6222067328125 0.023887453125 0.6504969078125 0.11886214218749999 0.647526634375 0.21966638125000001 0.642921125 0.27556527656249996 0.6467588375 0.364540828125 0.64569541875 0.460965084375 0.645081828125 0.64720261875 0.6275816296875 0.7782568296875 0.6173289734375 0.86544223125 0.6173074359374999 0.9660360875 0.6238465203125 1 0.62798840625 1 0.611866315625
0 1 0.5911140765625 0.9664974859375001 0.5876421359374999 0.780505790625 0.580082878125 0.6834541921875 0.58537506875 0.495876334375 0.59646844375 0.29224085 0.6030252828125 0.20556444375 0.5965214875 0.0205388484375 0.59824265 0.021708703125 0.6164979984375 0.1226291109375 0.619460053125 0.1954851140625 0.6129343109375001 0.31184056875 0.61939050625 0.41195829531249994 0.6185402265625 0.5782909328125 0.6088083078125 0.7845215921875 0.59930368125 0.87453885625 0.6000278296875 0.9714366546875001 0.6068037671875001 1 0.607706790625 1 0.5911140765625
0 1 0.564153740625 0.885103303125 0.5622488546875 0.7208897078125001 0.5616436234375 0.4385000609375 0.5695360234375 0.23387945000000002 0.5752288328125 0.1484816109375 0.574208659375 0.01895719375 0.573561278125 0.019922593750000002 0.588626134375 0.1551491734375 0.591405209375 0.289861234375 0.5948281421875 0.45735409374999997 0.588733109375 0.6478797390625 0.5802349078125 0.8090247828124999 0.5764009796875 0.896506046875 0.5809962796875 1 0.5879235015625001 1 0.564153740625
0 0.23102250937500002 0.7766861015625001 0.3542347765625 0.7743558546875 0.35132244687499997 0.7578458171875 0.26777134375 0.7567073 0.12787151875 0.759179771875 0.030300175000000002 0.750566028125 0.031465325 0.76874794375 0.088861578125 0.7728107546875 0.23102250937500002 0.7766861015625001
0 1 0.5188576109375 0.9024653890625001 0.5147600703124999 0.653898253125 0.5149220671875 0.5119740140625 0.51474019375 0.32347278749999997 0.525892740625 0.282080809375 0.5313293359375 0.37325813124999996 0.5356877828125 0.4585376265625 0.5348612187499999 0.6632765796875 0.531015146875 0.7624117671875 0.5293006703125 0.8534115718749999 0.5308890140625 0.93898709375 0.534681878125 1 0.537855365625 1 0.5188576109375
0 1 0.539437890625 0.7592510109374999 0.5378502578125001 0.45358671875 0.544452684375 0.254333971875 0.5470200234375 0.115357515625 0.5494333265625 0.06398342343749999 0.5582910812499999 0.26168804687499997 0.560461346875 0.34985598906250004 0.561304003125 0.5295353203125 0.5572095015625 0.6241720125 0.5576376234375 0.7063236203125001 0.55144595 0.82041796875 0.551554328125 0.9218734328125 0.5571110375 1 0.560968690625 1 0.539437890625
0 0.44371214304478385 0.7650911732651874 0.04305131802583091 0.03091503087881229
0 0.38692493395272615 0.7213926490502927 0.052380853919208194 0.029625315518548412
0 0.5287092686716045 0.7571446294542513 0.02862510517284953 0.01800585391920819
0 0.4625015954729241 0.7121563898790926 0.020858069279472247 0.019341033386094962
0 0.06923732877987662 0.7134343626946968 0.08335806927947217 0.021159597651002216
0 0.32265784547292403 0.7162254274218226 0.025591033386094874 0.021039925705962758
0 0.2443713725908127 0.7935668289128907 0.022147784639736122 0.010011497492717503
0 0.18659832501895293 0.7428597867513071 0.02568196159934022 0.024164925705962757