0 0.9048383153451406 0.5806598902300866 0.03475682954530477 0.023275673916276673
0 0.8461821099874094 0.4971735695835706 0.1777625357138149 0.07594437056996632
0 0.6490031469190403 0.4778836946021611 0.16800570616851013 0.05368736859280006
0 0.08852574838173749 0.7427366452473645 0.05208069724005646 0.03178851087441501
0 0.6954633153451406 0.5891912677201351 0.03681025324641087 0.051464340912471054
0 0.36498488271558066 0.6479375039171517 0.019104556006354478 0.021076503954332713
0 0.2570166497617093 0.7507043596583702 0.015897735389503433 0.016261669961943958
0 0.8880764250000001 0.6930106453125 0.882523765625 0.6776193234375001 0.8658657890624999 0.684135575 0.84365774375 0.6743336921875 0.838105084375 0.68667488125 0.875121084375 0.7067066265624999 0.8593881187499999 0.721488290625 0.8667933937500001 0.739546625 0.9158371296875 0.7126568296875 0.929717484375 0.700757759375 0.9547031546875001 0.7011521328125 0.986166496875 0.7076406984375 0.9869453984375 0.707150765625 0.9874151812499999 0.68023688125 0.979688825 0.68583210625 0.97043611875 0.6429209703125001 0.939897790625 0.65209298125 0.9621058359375001 0.672988903125 0.9491504953125001 0.6811378640625 0.9260174375 0.6593716921875 0.9195397671875 0.6726907734375 0.8880764250000001 0.6930106453125
0 0.71502934375 0.6503864484374999 0.7048516296875 0.6676196890625 0.724284640625 0.673884159375 0.751120334375 0.679717909375 0.76129805 0.668955759375 0.7825836749999999 0.6797353828125 0.8010890828124999 0.688828628125 0.8260747546875 0.69107114375 0.8288523796874999 0.6696481109375 0.8445827546875 0.6724317281250001 0.8529104484375001 0.659929075 0.8325524265625001 0.65649064375 0.823299721875 0.64316275 0.810344378125 0.6429924734375 0.78813374375 0.6544521609375 0.7751784015625 0.643187846875 0.7298347093750001 0.6596949765625 0.71502934375 0.6503864484374999
0 0.4337144765625 0.7166751234375 0.4485198421875 0.6917774609375 0.43093685312499996 0.6539739640625 0.41057883124999994 0.6468392421875 0.3911458203125 0.67570245 0.41242885312500005 0.682783346875 0.41890652343749996 0.700895653125 0.406878784375 0.72378355625 0.4337144765625 0.7166751234375
0 0.8103443796875001 0.7012323 0.8214496984374999 0.7199994203125 0.8390300953125 0.7226728062500001 0.8353300499999999 0.703474815625 0.8251497437499999 0.6929756984375001 0.8103443796875001 0.7012323
0 0.7936864015625 0.7447243671875 0.7936864015625 0.7336329187499999 0.7751784015625 0.721767609375 0.8057167312500001 0.7181400265625 0.8020166859375 0.70448905625 0.776106003125 0.700449628125 0.77147835625 0.70996478125 0.74926771875 0.7020111921875001 0.7446426640625 0.7198454296875 0.747417696875 0.751115353125 0.7936864015625 0.7447243671875
0 0.6345222640625 0.6689369453125 0.665058003125 0.6699350500000001 0.694671321875 0.6691360937499999 0.70022398125 0.6530960296874999 0.6891186640625 0.6241615296874999 0.6669106171875 0.6273018312499999 0.640999934375 0.6482227015625 0.60675896875 0.653913859375 0.6086115828125 0.6695204671874999 0.6345222640625 0.6689369453125
0 0.47258050156250003 0.62381845 0.486460853125 0.6488952 0.5021912296875 0.6609221234375 0.5262518890625 0.6706136234375 0.5419822625 0.6817164765625 0.5623428781250001 0.6777595937500001 0.5845509234375 0.6801637234375 0.5919536046875 0.6667908203125 0.5799232765625 0.66009563125 0.5392072296875 0.654145428125 0.5271769 0.6437513625 0.5095939125 0.6327563046875 0.4938635359375 0.6050149828125 0.47258050156250003 0.62381845
0 0.5577152296875 0.6012998203125 0.569745559375 0.5867335890625001 0.5614152765625 0.5742760984374999 0.5447598890625 0.58264034375 0.5299545250000001 0.5816536359375 0.529026921875 0.5983460796875 0.5577152296875 0.6012998203125
0 0.5836259109374999 0.7310622062500001 0.5901035828125 0.7084998171875 0.56789294375 0.6986980859374999 0.55586520625 0.7243582046875 0.5836259109374999 0.7310622062500001
0 0.9417478140625001 0.42457305781250004 0.9232398125 0.43951618437500006 0.8964041203124999 0.4521716390625 0.9195397671875 0.47208692812499997 0.93434513125 0.4675292015625 0.956553178125 0.45884188281249993 0.9417478140625001 0.42457305781250004
0 0.8112693906249999 0.6124313390625 0.84365774375 0.601303540625 0.8547630609375 0.6052777453125 0.8566130843750001 0.6227352328125 0.8760460968749999 0.621604540625 0.867718403125 0.591581765625 0.86216574375 0.5845096796875 0.875121084375 0.55694744375 0.8566130843750001 0.55340136875 0.8399551078125 0.56454056875 0.819597084375 0.58976130625 0.8084943578124999 0.6005746890625 0.8112693906249999 0.6124313390625
0 0.794611415625 0.5912150781250001 0.7770310171875 0.579295796875 0.76129805 0.5663423625 0.7520453453125 0.5798229078125 0.7677757203125 0.5909257593749999 0.7890613453124999 0.6063283312500001 0.794611415625 0.5912150781250001
0 0.3495047625 0.511725059375 0.406878784375 0.5102375296874999 0.406878784375 0.49914348906250006 0.35320480625 0.49487130468749996 0.3495047625 0.511725059375
0 0.35320480625 0.5799195687500001 0.35783245468749997 0.5676322015624999 0.3309967609375 0.57196583125 0.332846784375 0.5912714640625001 0.2967583859375 0.618331534375 0.31063873750000004 0.6286179546875 0.351354784375 0.6068356500000001 0.35320480625 0.5799195687500001
0 0.14073885917663037 0.6586362178710468 0.0190772824674041 0.019514003954332716
0 0.18949000487455925 0.6386937909890207 0.023764782467404055 0.019705004942915848
0 0.10580475162814837 0.6920681417873235 0.05676819724005644 0.03197951186299797
0 0.2053626465152984 0.802773537034688 0.025218188311602673 0.013518671939110405
0 0.2457558214342205 0.8143994451336338 0.0159522824674041 0.01938666996194378
0 0.010297864449988463 0.588425830038056 0.020595728899976927 0.04808467292769336
0 0.06957297118933918 0.620939899695989 0.027217064934808154 0.038582338935304605
0 0.12919916152953678 0.5146779708367963 0.03489319724005644 0.031088173916276673
0 0.2695377893705582 0.5253541911793012 0.0190772824674041 0.019514003954332716
0 0.305192871351495 0.584795516768733 0.0190772824674041 0.01951400395433254
0 0.2813559508967997 0.563907355209746 0.015897735389503433 0.016261669961943958
0 0.2373002134787014 0.6726576141069945 0.02839773538950343 0.016771005931498984
0 0.18578435227677148 0.5826347919776038 0.0190772824674041 0.019514003954332716
0 0.08742867289362251 0.5819583127378506 0.022202282467404078 0.01964133794672147
0 0.53550459375 0.706129596875 0.53828221875 0.6893269234375 0.4975661734375 0.681528575 0.46332520625000007 0.6909160234375 0.45870014843750007 0.726312803125 0.49663856875 0.7509164125 0.5123715359375 0.7222659046875 0.53550459375 0.706129596875
0 0.29305575 0.750743609375 0.3272941265625 0.7616936578125 0.3328467828125 0.74380545 0.3050860796875 0.7371014484375 0.29305575 0.750743609375
0 0.28360642330065955 0.7480595207230657 0.015897735389503433 0.01626166996194378
0 0.41237630560590793 0.7506194935370283 0.025327282467404188 0.01976867193911023
0 0.39232685836585146 0.7811028309894581 0.03012387662320535 0.026209672927693363
0 0.6787649646965174 0.6960461041839817 0.02527273538950343 0.016643671939110406
0 0.6288876956217939 0.6910521980622023 0.038045470779006864 0.03277800790866543
0 0.06689225609237523 0.6850660666921833 0.016115923701106104 0.02876166996194378
0 0 0.32817701875 0.1616523171875 0.311883884375 0.34580212499999996 0.285452284375 0.5262518890625 0.27495295625 0.7233570390625 0.2736545140625 0.795539015625 0.2731509515625 0.9278674609375 0.24788898124999997 0.99134863125 0.2343115984375 0.9913486328125 0.2187010328125 0.8788211296874999 0.2442716109375 0.8344050390625 0.2524029484375 0.758523015625 0.2614384421875 0.6780133453125 0.2541047234375 0.5762232296875001 0.2600273015625 0.355057421875 0.26642456875 0.28195043124999997 0.2716049 0.1875629984375 0.292811159375 0.10797833906250001 0.29004656562500003 0 0.30891985625 0 0.32817701875
0 0 0.356107053125 0.0293212796875 0.3510148484375 0.117233634375 0.344973075 0.16812998750000002 0.3429383734375 0.25603975 0.32488122812500003 0.3439521015625 0.3123683640625 0.44481720625000004 0.3129706984375 0.6335972546875 0.2964422484375 0.7631506640625 0.29444871875 0.905659415625 0.2713666296875 0.9658084734375001 0.2632439578125 0.9913486328125 0.25325397656250004 0.99134863125 0.239003290625 0.8778961187500001 0.26373870781250003 0.7233570375 0.2801256078125 0.543834878125 0.285948015625 0.4883108765625 0.2836316171875 0.359682478125 0.2901916859375 0.19496568125 0.313641859375 0.09872563437500001 0.32109224375 0 0.3329915046875 0 0.356107053125
0 0 0.3869771234375 0.09039794062499999 0.37704180468750004 0.20699601093750003 0.36193840312500003 0.2430844078125 0.3542916078125 0.3263691125 0.345746875 0.38096810312499996 0.334250840625 0.5549376046875001 0.3278274375 0.7446426625 0.314938865625 0.8612407328125 0.30075953437499997 0.9913486328125 0.273126528125 0.99134863125 0.2558187375 0.9250924265625 0.27208407968750004 0.8251497437499999 0.29084135 0.7381649921875 0.301449509375 0.60675896875 0.3072471203125 0.4198341265625 0.312576178125 0.323594078125 0.3237228484375 0.23475671406249998 0.333514728125 0.17923271406250002 0.3441405125 0.0783676109375 0.35185741406250004 0 0.358980553125 0 0.3869771234375
0 0 0.410910240625 0.16812998750000002 0.3919323015625 0.254189725 0.374906871875 0.45777254687499996 0.3565904734375 0.6456249921875 0.3447363546875 0.74279005 0.3381588109375 0.9278674609375 0.3079769515625 0.9913486328125 0.293576303125 0.99134863125 0.2791436125 0.931570096875 0.28834824062500003 0.8353300515625 0.306890075 0.745567675 0.318583921875 0.5392072296875 0.3342897171875 0.37263781875 0.3449054984375 0.272697728125 0.35626745625 0.1570246703125 0.37686405624999997 0.083920271875 0.379266846875 0 0.3919974296875 0 0.410910240625
0 0 0.435372709375 0.1126059859375 0.42104729062499996 0.197740715625 0.4096227 0.40225113749999997 0.39032825781249997 0.6844910140625 0.363736384375 0.8482853921875 0.3431146875 0.9913486328125 0.3232503515625 0.99134863125 0.2979099515625 0.8584631078125 0.323109228125 0.77147835625 0.338337746875 0.6104616046875 0.3541774734375 0.4198341265625 0.3689678578125 0.252339703125 0.38333633906250003 0.1181586453125 0.40315908125 0 0.4200373234375 0 0.435372709375
0 0 0.256839834375 0.080217634375 0.2398930671875 0.2199513515625 0.22529167968750002 0.30323605625 0.21397473281249998 0.305086078125 0.1972260296875 0.1820103390625 0.209934115625 0.0404266 0.2311142375 0 0.238937971875 0 0.256839834375
0 0.6206419125 0.41829605625 0.8686434140625 0.388151884375 0.9913486328125 0.3679721984375 0.99134863125 0.3486373875 0.9038068015625 0.3639178515625 0.8186720718749999 0.3781172453125 0.7279846859375 0.39078898125 0.6289696046875 0.4011730453125 0.42445918281250006 0.42231562968749997 0.3393244546875 0.4318920765625 0.2486370671875 0.44733603125 0.290280715625 0.44768783125 0.47905817031250003 0.435779890625 0.6206419125 0.41829605625
0 0.219951353125 0.43513883125 0.41890652343749996 0.4133954 0.724284640625 0.38268503125 0.99134863125 0.3482819109375 0.9913486328125 0.32550454218749997 0.8852988015625 0.3437333046875 0.7844336968750001 0.361620175 0.6706106625 0.375638040625 0.588253559375 0.379505853125 0.4938635359375 0.3914689546875 0.3143387828125 0.409309625 0.22642902187499997 0.42089567812500006 0.029321281249999998 0.4471545640625 0.0811426453125 0.44968639843749997 0.219951353125 0.43513883125
0 0.395523185472229 0.19545183247233297 0.0411159237011061 0.029780341901054184
0 0.34156634253424356 0.24527276034294226 0.050490923701106104 0.030162343878220543
0 0.4806657987027537 0.19276323117973865 0.02839773538950343 0.01677100593149903
0 0.41727940868686775 0.24609116102751433 0.020639782467404187 0.019577670950527093
0 0.03267435795551906 0.29153624258562616 0.06534871591103812 0.020052514828747637
0 0.27731292776159117 0.25882060718691235 0.02532728246740401 0.01976867193911023
0 0.19416523701435648 0.19194612498140948 0.02203864123370205 0.01026633794672147
0 0.1393044131510946 0.24883013635011597 0.025381829545304768 0.022893671939110228