0 0.5746651833024442 0.04850315596326437 0.027926592558271325 0.03968074905006948
0 0.4919915817584982 0.11761487224392402 0.09415677168436432 0.19266158510611117
0 0.4884201815731638 0.3282977991056601 0.07200895317271012 0.18433993882958344
0 0.8159847418169335 0.9010872145682299 0.03795635698624196 0.058648954597153136
0 0.6019171971822603 0.2700515008530213 0.05772321996293321 0.04349673328249999
0 0.6920734935462141 0.6164011304120491 0.02420139183263199 0.02242051386770836
0 0.8097371979000506 0.7221809645682298 0.020912700725639156 0.017660278685347208
0 0.7099007703125 0.0688088234375 0.7268064671875 0.08424166250000001 0.7451575578125 0.0748169390625 0.7126380296875 0.025051390624999996 0.70397190625 0.016385128125000002 0.6584958171874999 0.0153266609375 0.6557195703125 0.0188415875 0.6702868859375 0.0245709359375 0.6943770109375 0.05623225625 0.67867055 0.0634590046875 0.6869637562500001 0.080588190625 0.678575578125 0.10502142343750001 0.6920344984375 0.1098528078125 0.7099007703125 0.0688088234375
0 0.6645124671875 0.24370283750000002 0.683516090625 0.25302383281249996 0.6884240187499999 0.23184343125 0.6922389234375 0.2028380296875 0.6800407390625 0.192958103125 0.689536928125 0.16942009687499998 0.6974999921875 0.1489805453125 0.6976980687500001 0.1222501984375 0.6749280015625 0.12115054218750002 0.676495365625 0.1042032734375 0.66262670625 0.0964385421875 0.6607708078125001 0.11835727968750001 0.647554296875 0.1293355265625 0.648495365625 0.14310977656249999 0.6624675156250001 0.16570931875 0.6517413421875 0.18044180468749998 0.67302185 0.22717441875 0.6645124671875 0.24370283750000002
0 0.758549071875 0.5367546890625 0.7310849109374999 0.523180790625 0.692848453125 0.5451204781250001 0.6871052875 0.567358478125 0.7191399953125 0.5855047640625 0.72474658125 0.56228898125 0.743234634375 0.55384478125 0.7683450390625 0.564642221875 0.758549071875 0.5367546890625
0 0.709744303125 0.138079375 0.728520890625 0.12466370468750002 0.7298123734375 0.1057610953125 0.7099423796875 0.11134902499999999 0.6997810046875 0.123068125 0.709744303125 0.138079375
0 0.7569237765625 0.15201481562500002 0.7452592578125 0.152972828125 0.734381128125 0.1736545640625 0.727925725 0.1415338984375 0.713889353125 0.1466427125 0.7118815 0.174510696875 0.7222883906249999 0.1786037453125 0.7158442296875 0.2028800875 0.7349998078125 0.20625183125 0.7676454390624999 0.2006036328125 0.7569237765625 0.15201481562500002
0 0.6909822 0.327605109375 0.6893917046875 0.29508765625 0.6859910499999999 0.2637051015625 0.6686421421875 0.25919320625000003 0.639172853125 0.2734870734375 0.64439555 0.296802440625 0.668637628125 0.3225145078125 0.6775833687499999 0.3583894125 0.69383615 0.35507379375000003 0.6909822 0.327605109375
0 0.657534296875 0.503496453125 0.6827065828125 0.48658850156250005 0.693994834375 0.46884285312499996 0.702106746875 0.4424515390625 0.7124231828124999 0.4247857046875 0.7065014453125 0.40350297812499997 0.7071096453125 0.3797087171875 0.692405746875 0.373001584375 0.686404796875 0.386356984375 0.6836675375000001 0.43011441875 0.6737766 0.4437893046875 0.663733709375 0.46341344375000004 0.63591913125 0.48251640625 0.657534296875 0.503496453125
0 0.62649129375 0.41502201562499996 0.6101322984374999 0.40350304843749996 0.5977514078125 0.4134264359375 0.607987865625 0.43039325 0.6082302765625001 0.4462028828125 0.6258653796875 0.445746275 0.62649129375 0.41502201562499996
0 0.76071790625 0.376294846875 0.7364297046875 0.371363878125 0.7280419078125 0.39579985156249997 0.756067765625 0.40635784687500004 0.76071790625 0.376294846875
0 0.44037440937500005 0.0681898265625 0.4593183265625 0.0418978734375 0.45324501875 0.026567137499999997 0.446795175 0.013245324999999999 0.42046564999999997 0.015407779687500001 0.40742938593750005 0.022415225 0.42474482187499996 0.0407814109375 0.44037440937500005 0.0681898265625
0 0.61627523125 0.144767028125 0.6017721359375 0.11132932343749999 0.6049914953125 0.0991913765625 0.6231910140625 0.09571864375 0.6203216874999999 0.075176990625 0.589467734375 0.0866148078125 0.58251034375 0.0931229921875 0.5524038953125 0.081744109375 0.5502748359375 0.1017072796875 0.5634298484375 0.1184371640625 0.59171386875 0.1378804953125 0.6040459125 0.1487384296875 0.61627523125 0.144767028125
0 0.59540305625 0.16429158125 0.5843879640625 0.18399279531249998 0.5721255578125 0.2018212234375 0.5871026140625 0.21048392031250002 0.5974190484374999 0.1928180859375 0.61177704375 0.168880778125 0.59540305625 0.16429158125
0 0.5502906484375 0.643894053125 0.54376560625 0.5830870265625 0.5320983640625 0.5840452625 0.5322461875 0.641420053125 0.5502906484375 0.643894053125
0 0.621688690625 0.6340741015625 0.6083663500000001 0.6302205 0.6152441468750001 0.6583477046875 0.6353873 0.6547153390625 0.6669657609375 0.6907066375 0.6765835390625 0.675076184375 0.6501554171875 0.6337141171875 0.621688690625 0.6340741015625
0 0.7221876125981733 0.8528477766885769 0.021021828130301047 0.020785278685347207
0 0.697785324123586 0.802320446616459 0.02280258293962447 0.02707164627652787
0 0.7600794821982867 0.88729616508132 0.03812004809323426 0.06333645459715279
0 0.8692411726723069 0.7719640654419104 0.01816964664195524 0.028525043502986236
0 0.8778423571558778 0.727669204784584 0.021021828130301047 0.020785278685347207
0 0.6592660050637775 0.9925203606088718 0.05227182813030105 0.01495927878225629
0 0.689814111417047 0.9317170058870143 0.0448958377489479 0.033830792553055745
0 0.5723885092401286 0.8774633041396532 0.035684528855940555 0.038300087005972115
0 0.571083925667532 0.7283354731176046 0.021021828130301047 0.020785278685347207
0 0.6312476101511025 0.6852407429692366 0.021021828130301047 0.020785278685347207
0 0.6111087249418926 0.7120935304882992 0.02091270072563951 0.017660278685347208
0 0.729469344542006 0.7484148498268409 0.02296627404661713 0.03175914627652787
0 0.6395735200399019 0.811894161947188 0.021021828130301047 0.020785278685347207
0 0.6471082562449038 0.9158913309251394 0.022693455534962936 0.023946646276527872
0 0.738657740625 0.42955681874999996 0.720746753125 0.4280580859375 0.7160658625 0.47197515 0.7288988671875 0.507530790625 0.766524403125 0.509385590625 0.7891190031249999 0.4669670359375 0.7576278921874999 0.45273210312499995 0.738657740625 0.42955681874999996
0 0.80653938125 0.6832021671875 0.8150948890624999 0.64589265 0.7958023453124999 0.641540384375 0.7911522015625 0.67160338125 0.80653938125 0.6832021671875
0 0.8040402694069296 0.693165611794688 0.0178968281303014 0.020712543502986236
0 0.7961409454529799 0.556374126612327 0.02280258293962447 0.02707164627652787
0 0.8303894598809499 0.575906029822709 0.029325401451279022 0.03502961664125
0 0.7161706701404184 0.27817508500920196 0.02280258293962447 0.02707164627652787
0 0.7149281178708329 0.33200859982684083 0.04059028366526398 0.04465918977951393
0 0.7576191703100543 0.9286114961033686 0.032013891832631994 0.022602351823611144
0 0.3818233875 1 0.35636619999999997 0.8606684843749999 0.31264704375 0.6673705921875001 0.2860032515625 0.47662629531249995 0.26759568125 0.2673980109375 0.260825125 0.1907788375 0.22281658906250001 0.052418090625000004 0.216765290625 0.0321377765625 0.20096696249999998 0.0334353 0.22325294843750002 0.1048214140625 0.2356447 0.151292296875 0.251707925 0.2311042578125 0.25095629062499997 0.317245003125 0.2659858171875 0.42484217187500006 0.2918359828125 0.6591842734375 0.3036049234375 0.7363819265625 0.3340677546875 0.834796784375 0.33804134375 0.9195604453125 0.358807040625 1 0.3818233875 1
0 0.4095171875 1 0.40896052968749996 0.9978340640625 0.3950055453125 0.9049864109374999 0.388465128125 0.8511064156250001 0.361874190625 0.7592993296875 0.34111376875 0.6670106078125 0.3330262578125 0.5598322875 0.2993215828125 0.3607613609375 0.2860236453125 0.22333812343749998 0.2494274171875 0.0739768421875 0.239913209375 0.030236628124999998 0.22189135312500002 0.031716770312499996 0.24380583906250003 0.104122396875 0.27440111875 0.26683907812499996 0.29604614218749997 0.45700215625 0.29841075781250004 0.5161728812499999 0.31643119999999997 0.6522192578125 0.3553346765625 0.8251353515625001 0.3714910796875 0.9267059734374999 0.3863509375 1 0.4095171875 1
0 0.4443503625 1 0.431051446875 0.930718025 0.4050864234375 0.8081866812499999 0.3939242734375 0.7705185828125 0.3777371203125 0.682802028125 0.36092639375 0.6258067671875 0.33912941406249997 0.4415929390625 0.309172703125 0.2412251921875 0.2841794953125 0.1186140328125 0.25751643281250003 0.028790868749999997 0.240848003125 0.030159853125000004 0.2485017234375 0.053275559375 0.2768693484375 0.1578020375 0.295546453125 0.249270090625 0.3130051984375 0.3883323703125 0.3347714296875 0.586400265625 0.3548150984375 0.6876516234375 0.37279392968749997 0.781157796875 0.3887694203125 0.8392106531250001 0.40560600156250004 0.9456704109375 0.41498806874999994 1 0.4443503625 1
0 0.469845084375 1 0.43999045625 0.84687461875 0.4146444953125 0.75694328125 0.37777961875 0.542305134375 0.349070990625 0.343815653125 0.3337525453125 0.241187209375 0.286009159375 0.0472280578125 0.2796928171875 0.026969512499999997 0.2611387796875 0.0284933640625 0.26504614375 0.044990990625 0.2928670671875 0.14560359843749998 0.3129261109375 0.23992792343749997 0.3472856578125 0.457741603125 0.372851803125 0.6337338703125 0.393441790625 0.7388963578125 0.4251038578125 0.8599708015624999 0.4339515203125 0.937405609375 0.44863074999999997 1 0.469845084375 1
0 0.4956672328125 1 0.47541044218749995 0.9033304921875001 0.4560346796875 0.8138978187499999 0.4180610296875 0.5983589671875 0.365692284375 0.300895915625 0.32984317500000004 0.1287151953125 0.30682358125000003 0.0247412515625 0.2825263046875 0.026736796875000003 0.3079241015625 0.119633646875 0.3314602875 0.21070262187500002 0.3620401921875 0.3803463359375 0.3940767328125 0.5815294953125 0.42366944687499997 0.7581800578125 0.4561179015625 0.8989782265624999 0.478895453125 1 0.4956672328125 1
0 0.3014823578125 1 0.287696771875 0.953376346875 0.2602593546875 0.8062298484375001 0.2411567515625 0.718752740625 0.2233827296875 0.718234528125 0.247388746875 0.8478525375 0.2819047625 0.9963956671875 0.28290463125 1 0.3014823578125 1
0 0.42859142187500004 0.363995915625 0.37544714687499997 0.1032034109375 0.3550422984375 0.0207810265625 0.3351760890625 0.0224126484375 0.346920715625 0.067950446875 0.369214646875 0.15714345000000002 0.39038208750000003 0.252365740625 0.4098636796875 0.3566302625 0.44978096718750005 0.572009484375 0.46721309531250005 0.6616017875 0.49129598281250003 0.75658463125 0.4880653828125 0.712325571875 0.4592201703125 0.51285830625 0.42859142187500004 0.363995915625
0 0.4809487984375 0.7881045328125 0.4408799421875 0.5786772984375 0.3821793359375 0.2569954359375 0.33268381874999997 0.0226173390625 0.3107247234375 0.0244208484375 0.3272935171875 0.089350746875 0.354825521875 0.1949320859375 0.3794089890625 0.314609896875 0.39059737499999997 0.40174523281249996 0.4113396984375 0.5009612109375 0.44562416562499996 0.6900889765625 0.465409665625 0.7824549968750001 0.5100675531250001 0.9895301015625 0.5082496375 0.9342732437500001 0.4809487984375 0.7881045328125
0 0.2145759761230189 0.6232413975107989 0.0360119110699257 0.04767508700597212
0 0.2710367964487717 0.6752955132021183 0.03477679328391083 0.05701371941479181
0 0.2043800313878293 0.5324527433504863 0.019895837748947987 0.03324891109416672
0 0.2643477976298981 0.5955170942241669 0.022693455534962846 0.023946646276527872
0 0.3450943776591157 0.9816162887533334 0.023402783665263983 0.03676742249333316
0 0.2905432537978331 0.7421018067051044 0.024365082939624562 0.027108013867708357
0 0.22671142149118073 0.8366317502843404 0.013373019237293704 0.0252909407294446
0 0.29257452366809894 0.8896853215227433 0.025982146641955417 0.028706881458888844