0 0.8947059026417012 0.31438797433500343 0.03492051386770854 0.025239017412854548
0 0.8347840823532288 0.40804279907480423 0.1813240416031249 0.07972952283992144
0 0.6324214953472566 0.4529812420865422 0.17296602773541672 0.05588258706427265
0 0.05804366365961784 0.2552363766396802 0.05381598423243057 0.03247166327441153
0 0.6796803146857984 0.3334599581653443 0.03713763050895835 0.0534459045679843
0 0.3406548354873608 0.3161141644060653 0.020821646276527783 0.02293953301668683
0 0.23040962614055535 0.22513503957540743 0.01602504350298615 0.018006371551297563
0 0.85570419375 0.21330598125 0.8727737718749999 0.2178050078125 0.8785686484375 0.2012778375 0.9107615093750001 0.2179990171875 0.9173347484375001 0.23081825781249998 0.9412236515625001 0.2054376375 0.9544806843750001 0.2120990484375 0.9315470140625 0.23646489218750003 0.9628565 0.24186562031249997 0.972616046875 0.196606225 0.9898406046874999 0.2069111984375 0.9900049484375 0.1787000203125 0.9793993234375 0.1733708921875 0.94704616875 0.184165534375 0.9213823296875001 0.18785389375 0.9071976890625001 0.177464984375 0.8569882015625 0.1563109171875 0.8492746562500001 0.17581893906249998 0.8653447828124999 0.18892303906250002 0.8272078046875 0.21434794375 0.832836859375 0.22628505156249998 0.85570419375 0.21330598125
0 0.8337755187500001 0.22811563750000002 0.8176030265625001 0.23303996875 0.814878365625 0.21141668593750002 0.789203475 0.21700195625 0.7701431624999999 0.22876709375 0.7482173515625 0.2426284828125 0.7378287 0.2329198953125 0.7102322765625 0.2424342859375 0.690236184375 0.2514179125 0.7005861453125 0.2677683421875 0.7158476203124999 0.2562684921875 0.7623190656250001 0.2672521875 0.7756921734375 0.253988071875 0.7984350421874999 0.262831253125 0.811741815625 0.2609539125 0.821324478125 0.24605836406249998 0.8422537 0.2398537796875 0.8337755187500001 0.22811563750000002
0 0.3845396171875 0.23293123124999998 0.3967558296875 0.25484240156250004 0.3899946546875 0.274283915625 0.36809361875 0.284348640625 0.38787967343749996 0.3114195921875 0.4088309984375 0.3014211890625 0.42711560625 0.2603094515625 0.41205865781249995 0.2367005234375 0.3845396171875 0.23293123124999998
0 0.798783271875 0.2030546734375 0.8139397203125001 0.20958344062499998 0.8244581625 0.19746940468750002 0.828373075 0.1772785890625 0.810301178125 0.1823329078125 0.798783271875 0.2030546734375
0 0.763614140625 0.2083575546875 0.7902498046875001 0.2008063984375 0.7941315515625 0.18630896875 0.7627889140625 0.1865989703125 0.7818684625000001 0.17198828125 0.78193478125 0.1606041640625 0.7344528171875 0.160125109375 0.7314157546875 0.19258483125 0.736059275 0.2102818359375 0.7589182171875 0.1991994890625 0.763614140625 0.2083575546875
0 0.679789590625 0.2511993765625 0.6493800703125 0.25427107968749996 0.618012434375 0.25930848281249996 0.5914044125 0.262114709375 0.5894083734375 0.27837658906249996 0.6245414578124999 0.279718021875 0.6510278781250001 0.297785778125 0.673817828125 0.298090390625 0.685396528125 0.2669329609375 0.679789590625 0.2511993765625
0 0.46582643749999997 0.2993370796875 0.45142071093749997 0.32689965781249997 0.4731669765625 0.3434023 0.4894886984375 0.3128617125 0.5076130125 0.2992658015625 0.5200308859375 0.28701646406250003 0.5618837937500001 0.2755584078125 0.57427955 0.2671055484375 0.5667566015625 0.25435262812500004 0.5439335 0.259738746875 0.5230458328125 0.2583532171875 0.5068235984375 0.2718163 0.48205419843749997 0.28492554375 0.46582643749999997 0.2993370796875
0 0.5092415875 0.34562605 0.51009446875 0.36263704531249996 0.5253061875 0.3596786046875 0.5423620546875 0.3660747265625 0.5509921421875 0.3521937703125 0.5387235125000001 0.33882419375 0.5092415875 0.34562605
0 0.5375592453125 0.21276183906249999 0.54975888125 0.2375183734375 0.5726288765625 0.22453911875000002 0.5661109046874999 0.2022326703125 0.5375592453125 0.21276183906249999
0 0.9474973999999999 0.4326264125 0.9247406171874999 0.42662841250000005 0.9095620515625 0.42389612187500003 0.885681553125 0.4473773625 0.9131674265624999 0.4568400421875 0.93208668125 0.4697451765625 0.9474973999999999 0.4326264125
0 0.7962813546875 0.306611428125 0.80761973125 0.316251034375 0.8283775953125 0.33946184375 0.8454195312499999 0.3487058 0.8644493375 0.3426338625 0.8513083828125 0.316046925 0.8570535171874999 0.3080585078125 0.86578596875 0.27614911875 0.8458340953124999 0.27754244687499996 0.8438296515625 0.2957037078125 0.8324001937500001 0.30124222343749996 0.7992023406250001 0.29407723125 0.7962813546875 0.306611428125
0 0.7763571234375 0.303259825 0.7544036703125 0.3218661453125 0.7381814328125 0.33532922656249997 0.7476038015625 0.3479495015625 0.7638397640625 0.3325866671875 0.78196694375 0.3180424828125 0.7763571234375 0.303259825
0 0.32804515 0.47493746562499994 0.383196440625 0.46349879375 0.3832627734375 0.45211202031250003 0.3243458 0.45812525 0.32804515 0.47493746562499994
0 0.307712884375 0.3786690515625 0.305697390625 0.398727221875 0.33323302187500004 0.39964849375 0.328553675 0.38764506249999997 0.32681455000000004 0.360261884375 0.28512746093749997 0.34325566093750004 0.2708101703125 0.3556376421875 0.307712884375 0.3786690515625
0 0.1100406151226386 0.3344425197877038 0.01918641109416668 0.019732645861557076
0 0.16120307161965247 0.3489277436684219 0.02387391109416668 0.019978307326946342
0 0.07559353315065946 0.30581623077812314 0.05850348423243057 0.0327173247398008
0 0.17844838905833318 0.17791920284981902 0.025290940729444468 0.01381019448207601
0 0.22021831497013872 0.1601241932388806 0.017623911094166722 0.019650758706427275
0 0.03712913877399273 0.3827405789236723 0.02903418977951393 0.04053646879233552
0 0.09873682636930514 0.4848519555633525 0.03510235182361114 0.033051517412854635
0 0.24143347264583292 0.4555252244465451 0.019186411094166723 0.019732645861557076
0 0.279661477679826 0.3887571263009959 0.019186411094166723 0.019732645861556986
0 0.25411596381211765 0.41350482078307194 0.01602504350298606 0.018006371551297563
0 0.2105497613991664 0.3073267418593996 0.028525043502986146 0.01866146879233561
0 0.15675065454156215 0.4061227679786814 0.019186411094166723 0.019732645861557076
0 0.05496994899447881 0.4208204330621153 0.02234777868534723 0.021458920171816588
0 0.4423162734375 0.259247921875 0.4774272546875 0.2643831734375 0.519291215625 0.251028209375 0.5165389265625 0.2341472015625 0.4928766515625 0.22062522499999998 0.47688945 0.193286328125 0.4377777640625 0.22352495781249998 0.4423162734375 0.259247921875
0 0.2800732640625 0.2326393734375 0.308624921875 0.22211020625 0.30302903125 0.204479709375 0.2677991078125 0.220218253125 0.2800732640625 0.2326393734375
0 0.25851644234496507 0.2244423207830719 0.01755117591180557 0.016525758706427317
0 0.3908568168699998 0.2042416061746079 0.025436411094166722 0.02006019448207601
0 0.3696546173068401 0.17648177634642442 0.03183188145888893 0.026637743102595035
0 0.664239112272847 0.22580791044933646 0.02540004350298606 0.01849769448207601
0 0.611695340521354 0.23714488014618312 0.03986258700597212 0.03642217887824373
0 0.03553157760357613 0.3172793532339318 0.017842116641250017 0.029025758706427318
0 0 0.713888575 0.0749611234375 0.717394146875 0.1567149125 0.7040977046875 0.2535285296875 0.713459265625 0.3285819359375 0.709168675 0.555691565625 0.6866694546875001 0.6601994765625 0.6793712000000001 0.7429306171875 0.661263503125 0.8208110625 0.660565109375 0.8663798984375 0.6630739046875 0.9830773562499999 0.6746579859375 0.9834501234375 0.6586424015625 0.9167744578124999 0.6529154875 0.781017853125 0.64437735 0.706886515625 0.6533465515625 0.5044578484375 0.677917121875 0.31919007499999996 0.6908551984375 0.130217440625 0.687926859375 0 0.6914749265625 0 0.713888575
0 0 0.6872383640625 0.06564378125 0.6867452578125001 0.16444237343749998 0.6817445046875 0.3334741984375 0.68416660625 0.465542503125 0.6739956140625 0.5225821625 0.6643212109375 0.7069252078125 0.646704709375 0.865546265625 0.6432146999999999 0.9835618796875 0.6538409140625 0.9838941718750001 0.6395642609375 0.9558335046875 0.6321691921875 0.8941061093749999 0.6317368906249999 0.747880809375 0.6267740390625 0.6148351703125 0.641753625 0.4210478453125 0.649598246875 0.31745095 0.663472021875 0.22723557031250002 0.6621823 0.137056 0.6552016625 0.084795175 0.65980199375 0 0.6648304 0 0.6872383640625
0 0 0.659512096875 0.0449190703125 0.6578437203124999 0.1484662203125 0.6525086984375 0.2054284953125 0.6561179765625 0.2966101765625 0.6544933546875 0.39538666718750004 0.6532864203125001 0.5873355703125 0.6341906984375 0.7222611875 0.6228721 0.8115352640625 0.6223287640625 0.91406903125 0.6284466515625 0.9839617203125 0.636662115625 0.98437608125 0.6188595046875001 0.8486617421875 0.6074058453125 0.728994721875 0.60817551875 0.534235603125 0.619877625 0.355598996875 0.6361475515625 0.29959195781250003 0.6315234937499999 0.2141056640625 0.6336984515624999 0.177086875 0.63059256875 0.0574253796875 0.6304137875 0 0.6314551093749999 0 0.659512096875
0 0 0.6277795140625 0.050785806249999996 0.6289813203125 0.12585315625 0.6218402390625 0.244531775 0.627778728125 0.3471071015625 0.6263065046875 0.5181183921875 0.6153120921874999 0.7299665453124999 0.6043127203124999 0.8220868875 0.604518684375 0.9208191578125 0.6109020484375 0.9845228234375 0.6125548609375 0.984863015625 0.5979388015625 0.9171337375 0.591241996875 0.7272308359374999 0.584586346875 0.6274769953125 0.5906045343749999 0.4346144140625 0.603124921875 0.22563462343750001 0.611079775 0.13734894687500002 0.6049149484375 0 0.6069976546875 0 0.6277795140625
0 0 0.598684340625 0.0860931140625 0.5999590921875 0.2237849625 0.6026710109375 0.395723846875 0.5954067515625 0.5914189624999999 0.5855354171875 0.756696171875 0.5806325125 0.8459426234375 0.58483145 0.9849686984374999 0.5933982109375 0.985577140625 0.567257078125 0.8356092374999999 0.56563565625 0.6675078671875 0.5659954390624999 0.3777929921875 0.575793453125 0.16786635625 0.582866359375 0.08049722499999999 0.5823285968749999 0 0.582394834375 0 0.598684340625
0 0 0.7864163875 0.00522988125 0.7867590546875001 0.1505165234375 0.78989131875 0.27684521875 0.786760290625 0.27504530312500003 0.769812775 0.1895755875 0.7691423687500001 0.0461496703125 0.7725193 0 0.7686764796875 0 0.7864163875
0 0.610708565625 0.5348674953125 0.71233970625 0.5325131390625 0.8054042296875 0.5336012375 0.892756771875 0.5369870203125 0.9861805109375 0.54133381875 0.9866429609375 0.5214650468750001 0.856787190625 0.5167346562499999 0.60225800625 0.518387078125 0.45694926249999995 0.519048634375 0.26313697343750003 0.53163534375 0.22036484843749998 0.5374691765625 0.3134127953125 0.541402640625 0.40079298124999996 0.5400434921875 0.610708565625 0.5348674953125
0 0 0.5665029015624999 0.197398028125 0.5675257515625 0.2876162890625 0.5678645453125 0.47189013593749995 0.5625830890625 0.56876168125 0.56245725625 0.65332324375 0.5556038734375 0.7701411375 0.5550331671875 0.87362748125 0.5601364656250001 0.9856285265625001 0.5650493109375 0.9861758578125001 0.54153373125 0.7084911265625 0.5413171828125 0.39503679687500004 0.54992881875 0.1908303140625 0.5537580546875 0.04835410625 0.5570686671875 0 0.5656144203125 0 0.5665029015624999
0 0.368952528497916 0.7765669855278216 0.041279616641249996 0.030254066033373484
0 0.31535605623333274 0.7325580359573628 0.05381598423243057 0.03247166327441171
0 0.4573246974758674 0.7680341112629906 0.03005117591180557 0.01718085594746519
0 0.39206402659805495 0.7222955653560049 0.022347778685347208 0.021458920171816588
0 0.01625392092626706 0.7251704183627943 0.03250784185253412 0.01956222749876275
0 0.24836857798482576 0.7274854336279422 0.025472778685347208 0.0216226944820761
0 0.16302918360815905 0.8068663964273839 0.022093205547083362 0.010521420171816231
0 0.10805204929947854 0.7551268340120549 0.025509146276527783 0.0231851944820761