0 0.9274120965945489 0.5421133467934032 0.03940794533736351 0.030142033338636055
0 0.8508865066040938 0.4709008707829037 0.1856113306810901 0.10839539735836254
0 0.6538024212683211 0.4865787727561777 0.17283861067790857 0.08481244668999892
0 0.16446446455286887 0.8403084686903171 0.0567045333386361 0.03971702800763595
0 0.7245319972549582 0.5858526140992681 0.04596702800763595 0.05677725867281787
0 0.41300305657227715 0.7002123693904974 0.023728401336727246 0.025272720003181703
0 0.33114343455605055 0.818807280712907 0.018968176002545346 0.018968176002545432
0 0.9278885171875 0.66886288125 0.9158440953125 0.68590759375 0.9272578875 0.702123534375 0.9692099390625 0.6675830734375 0.9800983375 0.653651959375 0.9925526781249999 0.6516573890624999 0.9928031468749999 0.63013204375 0.9669635140624999 0.6141919234375 0.9636655265625 0.6282180390625001 0.9374565499999999 0.653350740625 0.9284731984375 0.6393983875 0.9136229765625 0.6485945390625 0.8895791140625 0.6429398734375 0.8869642843750001 0.6558584203125 0.9278885171875 0.66886288125
0 0.7578556765625 0.641993365625 0.75182565 0.6604522546875 0.7723340140625 0.6631595781249999 0.8000077828125001 0.66416866875 0.8075238328125 0.651979821875 0.8308870468749999 0.6587414593750001 0.8511347468749999 0.6643501781250001 0.8761683781249999 0.6621997203125 0.87397448125 0.64096165625 0.8900500671874999 0.64093694375 0.8953509859375 0.62738178125 0.8745838750000001 0.62757275 0.8624434828125 0.61625994375 0.8496911921875 0.6183366359375 0.8305273140624999 0.6332834218750001 0.8152273781250001 0.62461075 0.774521928125 0.6484509 0.7578556765625 0.641993365625
0 0.49702153125 0.7548987890625 0.50583264375 0.7282128765625 0.47989707031249995 0.6946262890625 0.458281140625 0.69123580625 0.44583953125000003 0.7225647890625 0.468350821875 0.7257430640625 0.47886674375 0.7421718046875 0.47231981875000006 0.766429784375 0.49702153125 0.7548987890625
0 0.8630654421875 0.6747670265625 0.8782728859375 0.6910295125 0.896138603125 0.6905778812500001 0.888099071875 0.6726165703125 0.87569801875 0.6642051578125 0.8630654421875 0.6747670265625
0 0.8567063828125001 0.7197902046875 0.85415933125 0.70904335 0.8332725078125 0.7007491406249999 0.862406996875 0.69195018125 0.8556412859375 0.6793635515625 0.8292872906250001 0.6799329796875 0.8269312078125 0.6899532374999999 0.8033092453125 0.6860898890625 0.8028661093749999 0.7041703187499999 0.8127701281249999 0.7339885609375 0.8567063828125001 0.7197902046875
0 0.6831133281249999 0.673897759375 0.7133075203125 0.66958121875 0.7421838562499999 0.6636830578125 0.7439492734375001 0.647180553125 0.72640698125 0.6210665765625001 0.7053351734375 0.627952 0.684713084375 0.6527062390625 0.652419046875 0.6641453375 0.6578209484374999 0.6789465078125 0.6831133281249999 0.673897759375
0 0.51383740625 0.6582020156249999 0.533216965625 0.6800979296875 0.55141519375 0.6890293453125 0.5772516953125 0.6942565 0.5952377171875 0.7022925546875001 0.6143091046875 0.6949355859375 0.6366541406249999 0.6934223390625001 0.6408474921875 0.67918401875 0.627504534375 0.6747784640625001 0.5861831109375 0.676058271875 0.5719907421875 0.668068759375 0.5522114859375 0.66045770625 0.5304045875 0.636300115625 0.51383740625 0.6582020156249999
0 0.592209659375 0.6216520453125 0.6006701249999999 0.6054567453125 0.5896347921875 0.5948276906250001 0.575211490625 0.6058139703125 0.56045626875 0.6074197109374999 0.5633792734374999 0.6237540453125 0.592209659375 0.6216520453125
0 0.6474347953125 0.7428995281249999 0.648610140625 0.719917284375 0.6245637703125 0.7142632125 0.6186534609375001 0.74120728125 0.6474347953125 0.7428995281249999
0 0.928480490625 0.383966328125 0.91374998125 0.40164765625000004 0.890322090625 0.41855333281249996 0.9175986703125 0.433846690625 0.9310806625 0.4268687765625 0.9508786468749999 0.41460867500000004 0.928480490625 0.383966328125
0 0.8435808281250001 0.5885649390625 0.8728084 0.5721786703125 0.8846187875 0.5741078359375 0.8904431859375 0.5907028328124999 0.9092533156249999 0.5862447484375 0.8941868187500001 0.5585956921874999 0.88711390625 0.5527041109375 0.893497678125 0.5237565203125001 0.8745212921875 0.523523078125 0.8607326875 0.5371985484375 0.8465468968750001 0.5651582859375 0.8381348890625 0.577556828125 0.8435808281250001 0.5885649390625
0 0.8223620875 0.570890190625 0.8023731328125001 0.5623831828125 0.783959596875 0.5525544890625 0.777975521875 0.567217215625 0.7959615453125 0.5752532734375 0.820386378125 0.5864942296875 0.8223620875 0.570890190625
0 0.367320875 0.5708871640625001 0.423280909375 0.5595183515625 0.42073326250000004 0.5487689890625 0.3670814515625 0.5539168078125 0.367320875 0.5708871640625001
0 0.3866120140625 0.636322734375 0.38833148125 0.62361639375 0.3629925609375 0.6324587953125 0.36924136875 0.650844515625 0.34004160781250004 0.6833082828125 0.356024703125 0.6908733859375 0.39097760625 0.6627226796875 0.3866120140625 0.636322734375
0 0.19599682256527737 0.7492567546944533 0.02212953866963625 0.022129538669636163
0 0.2400831772358681 0.7208595820337257 0.025272720003181703 0.023728401336727246
0 0.168988879893414 0.7872289220241807 0.06141021467218159 0.041334072008272216
0 0.29295254388132363 0.8777459287078162 0.026780676002545346 0.019059082670272433
0 0.33509459054746005 0.8821430747135434 0.018986357336090796 0.02053067600254508
0 0.0449252185710044 0.7053056653405452 0.04593066534054513 0.053652258672817865
0 0.11736329256845908 0.7249010973504083 0.034865896005727 0.04258748933799979
0 0.15149393925050383 0.6120016553548627 0.03949885200509069 0.037954533338636055
0 0.29151950258595827 0.59800388470718 0.02212953866963625 0.022129538669636163
0 0.34013826857895857 0.6501390967138615 0.022129538669636163 0.022129538669636163
0 0.31220417258118577 0.6334055827100434 0.018968176002545346 0.018968176002545255
0 0.2944888665659137 0.7457146787078163 0.03150453866963625 0.022238626670909055
0 0.22272350190964052 0.6683067466979532 0.02212953866963625 0.022129538669636163
0 0.12642975724064062 0.6843760946849082 0.02527272000318166 0.023728401336727246
0 0.594487375 0.7270680328125 0.5933545015624999 0.71030678125 0.5516086703124999 0.7097958625 0.520163453125 0.7248164109374999 0.5237533937500001 0.7599137375 0.56663269375 0.777188415625 0.5754922609374999 0.7467057453125 0.594487375 0.7270680328125
0 0.36681541093750003 0.8122471593749999 0.40292840781250006 0.8169327 0.4042694171875 0.7986394703124999 0.37548808125 0.7969472234375 0.36681541093750003 0.8122471593749999
0 0.3570246818905505 0.8105135227164068 0.018968176002545346 0.018968176002545432
0 0.48382353922664123 0.7916737107335878 0.028397720003181703 0.023764764003817974
0 0.4709417312221869 0.8243407600652242 0.03473862667090888 0.031649989337999784
0 0.7326706665738679 0.6922117021005408 0.028379538669636162 0.022202264003817973
0 0.6826161225732316 0.6963173994270866 0.044204533338636054 0.0395715773392725
0 0.12990819855986854 0.7883368886855446 0.022238626670908878 0.031504538669636165
0 0 0.44848788125 0.1370879140625 0.4097591234375 0.311725953125 0.35228505625 0.48639180781249997 0.3108884890625 0.6795146375 0.2755250453125 0.7502318046875 0.262547390625 0.8742856828125 0.21517332812499998 0.9334623859375 0.1910335546875 0.9298775625 0.1759079875 0.82532539375 0.22015489062500002 0.7836067812499999 0.23571896718750002 0.711218009375 0.2576037 0.63052904375 0.2644285140625 0.5320015812500001 0.2877799515625 0.3164387140625 0.3322470515625 0.24588780156249998 0.34991622968749997 0.1581344140625 0.3867956078125 0.07940242812500001 0.3978875359375 0 0.426773359375 0 0.44848788125
0 0 0.47645082499999997 0.016216384375 0.47057174062499996 0.1010981046875 0.4495060984375 0.15057589062500001 0.438727953125 0.2326958484375 0.40602068593749996 0.31609154375 0.37868500156249996 0.415209671875 0.3618158109375 0.5966655734375 0.3131360390625 0.72333966875 0.288787659375 0.8578841609375001 0.2417642421875 0.9150436578125 0.2234862640625 0.93781233125 0.20938741562500002 0.9345397906249999 0.19557948125 0.8288881140625 0.23917722812500003 0.681000665625 0.2817950890625 0.5061710625 0.3184995390625 0.4511529375 0.3258624921875 0.3264352234375 0.3544754765625 0.1701823109375 0.40569823125 0.0774520265625 0.42956967187500006 0 0.4531079 0 0.47645082499999997
0 0 0.5092334921874999 0.08212829687499999 0.48522190624999995 0.19307864375 0.450412640625 0.22673648750000003 0.43675900156249997 0.306502275 0.41406889218750004 0.35744078125 0.39348269375 0.5266834968749999 0.3571567046875 0.709882984375 0.31184366875 0.821045534375 0.277929765625 0.9423758843750001 0.22864255312499998 0.93840130625 0.2118724921875 0.8771187015624999 0.239096884375 0.783351509375 0.2745645921875 0.7004286828125 0.2998942484375 0.5728101718749999 0.3282490796875 0.3906029578125 0.36575639843749996 0.2987214921875 0.39320928906249997 0.213793225 0.418068584375 0.1617471546875 0.43797162500000003 0.0645394625 0.46290158124999997 0 0.480447084375 0 0.5092334921874999
0 0 0.5340337515625 0.1618269015625 0.48619970468749996 0.24236834062499998 0.4548122109375 0.437939746875 0.4018386984375 0.6195588015625 0.3578485359375 0.71339725 0.334662759375 0.8880843390625 0.27339444375 0.9470719890625 0.2484569828125 0.943757653125 0.23447269531249998 0.8872102140625 0.2537349 0.7970269796875 0.288353196875 0.7116277609375 0.3152154203125 0.5127311453125001 0.3661400546875 0.351712946875 0.40524772656249997 0.2562500296875 0.43354943593749995 0.14746886875 0.47352117656250003 0.0762826640625 0.4884986578125 0 0.5142909812500001 0 0.5340337515625
0 0 0.559503121875 0.114026709375 0.5240175125000001 0.1949466078125 0.49821690468749996 0.39120367968749997 0.4441352328125 0.6620615546875 0.36953322499999997 0.818058821875 0.32121067812500004 0.953886365625 0.27720909531250004 0.9480671718749999 0.252655990625 0.8234522312499999 0.3000657 0.741590428125 0.329872165625 0.5872207296874999 0.37308069375 0.403552796875 0.420396065625 0.2424886484375 0.463299896875 0.11536771562499999 0.5057242828125 0 0.5436046921875 0 0.559503121875
0 0 0.3705538796875 0.0406433078125 0.3540957109375 0.1744121515625 0.3157696734375 0.253541325 0.2903934765625 0.2515105796875 0.27384502187500004 0.1336535796875 0.3074542265625 0 0.3523337 0 0.3705538796875
0 0.6119350078125 0.4334456875 0.8483787125 0.3613260546875 0.9641563328125 0.32054149375 0.9597162687499999 0.30180738906250004 0.8773197234375001 0.3317605796875 0.797037034375 0.3602497796875 0.710954659375 0.3882195734375 0.6161749000000001 0.415413715625 0.4203422375 0.4712861140625 0.3389979296875 0.49529599687500003 0.2535521671875 0.525951875 0.29449823125 0.51908709375 0.4770126484375 0.47488472656249997 0.6119350078125 0.4334456875
0 0.222601646875 0.51909715 0.4128449140625 0.46360380625 0.7054627703125 0.3810076234375 0.9596346359375 0.3014629578125 0.9544040203125 0.27939325312499996 0.8545224640625 0.3154056015625 0.7596502140625 0.350189559375 0.6511737515625 0.3834668484375 0.5712442140625 0.401464840625 0.48136567656249996 0.42938868281250003 0.30929341718750003 0.4777384515625 0.22568743125 0.504175675 0.0382939984375 0.5637245203125001 0.08972816875 0.55721098125 0.222601646875 0.51909715
0 0.33925121463241065 0.2563254620464524 0.04731135200509069 0.03804544000636341
0 0.2987256646244565 0.31445558804104357 0.05512385200509069 0.038136346674090583
0 0.4230540499681833 0.23932941339113373 0.031504538669636165 0.022238626670908878
0 0.3730989559595928 0.30203795138445216 0.025272720003181703 0.023728401336727066
0 0.019575061306501235 0.4127545386696362 0.03915012261300247 0.034884077339272325
0 0.2382876039545021 0.33797435669954395 0.028415901336727067 0.025327264003817972
0 0.1412040659611836 0.2876192733529536 0.023601132001908987 0.014335220003181704
0 0.10137794995227492 0.3527897400143175 0.029996582670272564 0.026907945337363424