0 0.3034123 0.2494154375 0.272737246875 0.292300659375 0.2962516359375 0.30855911406250003 0.32657793281249997 0.2981421921875 0.3479505625 0.2777287890625 0.37259149062499997 0.246677921875 0.37833768437500004 0.2145239890625 0.363774396875 0.20826186406249997 0.39430795 0.16807664375 0.4500506671875 0.1117625484375 0.48129638437500005 0.08380203593749999 0.48541085624999997 0.05696955 0.5072860312499999 0.052829721875 0.5118186828125 0.029810043749999997 0.44361098749999994 0.0258373984375 0.4215582828125 0.0613727125 0.3915906 0.090760496875 0.3649669640625 0.133879115625 0.33976002968749996 0.17572998281250002 0.3259165359375 0.20740972968750002 0.29352935625 0.20552339062499997 0.28913188125 0.2377558765625 0.3034123 0.2494154375
0 0.3465833515625 0.020186181249999997 0.31388454062500004 0.07540681406250001 0.3365426984375 0.08214041093749999 0.37488279687500004 0.0218344359375 0.3465833515625 0.020186181249999997
0 0.28799041875000003 0.20790902656250002 0.30197284999999996 0.1735291296875 0.2711465734375 0.16767262656249998 0.3014021859375 0.15860442187499998 0.314892128125 0.1336708296875 0.2954215296875 0.0919286046875 0.24060329687499998 0.156416125 0.21028192968749998 0.192552628125 0.18827018281250002 0.225112034375 0.209587115625 0.2574868078125 0.25270091250000004 0.2613533078125 0.2710932390625 0.2461802328125 0.28799041875000003 0.20790902656250002
0 0.3927264105608781 0.04246457594130597 0.03946529172311406 0.039684126280124375
0 0.5370529426730537 0.054788812645952 0.05870661465389269 0.05015118942018657
0 0.6113535798281834 0.05754906257536483 0.042917840343633176 0.046116136803468065
0 0.5298335849165661 0.13273180212260832 0.11330558344622813 0.08137036831702944
0 0.44797939733189507 0.1843860364081799 0.04653416327441153 0.05567314732681181
0 0.40156474276391074 0.21772988645053223 0.02959896879233561 0.029763094710093262
0 0.3984530308689802 0.2771048864505322 0.06396068068726617 0.09095819994353027
0 0.4813817175491401 0.24980591005746838 0.03642217887824373 0.041064615756780665
0 0.37145676164710334 0.35859781015629044 0.04604284034363308 0.04629814732681181
0 0.44464527815544674 0.3526733048240314 0.05968926051544958 0.06890118942018653
0 0.5261110413844298 0.21871480475344424 0.040447937584671044 0.05843412628012441
0 0.5111168051792397 0.28053226529090536 0.05837906603337366 0.043901189420186525
0 0.20290483548239302 0.31508448663405886 0.0922494549975256 0.09572129465362353
0 0.15554847863041657 0.3663970866764112 0.06462242198083885 0.0738617052052021
0 0.13969774932263146 0.4595100498447082 0.06495661465389255 0.050515210466874017
0 0.27537962177844016 0.42744724971765125 0.048512743102595034 0.03398015785015538
0 0.36555092039895914 0.42643005226378267 0.03930151741285455 0.036559126280124234
0 0.4164074135015542 0.39804671800644587 0.07498671189493056 0.06356124203690508
0 0.4259218543655856 0.4706952627306566 0.03707727611928178 0.05356461575678075
0 0.4816196556996381 0.3947921863658276 0.03707727611928178 0.05356461575678066
0 0.4690477346233104 0.44029440216496063 0.029762743102595125 0.03288809471009326
0 0.4072670296257847 0.5275977101139381 0.04366146879233561 0.030582142065139806
0 0.7043665954320157 0.07707187827567577 0.08814180913596861 0.07678928413027986
0 0.7951620137948099 0.10900368871431487 0.09702548620518989 0.06796031570031094
0 0.8852071596563669 0.09544098862961027 0.09282930913596843 0.07706229991529538
0 0.6706666248306579 0.15190527830391065 0.056072937584671224 0.05934417889684287
0 0.6868095239715752 0.2625543519673165 0.06437676051544958 0.0691742052052021
0 0.6596195822030326 0.2131690019955514 0.04472600180902227 0.0508946420651399
0 0.6336878459978426 0.2743494257013096 0.0436548247398008 0.060178636803468064
0 0.7612506812530929 0.1579648334808779 0.06495661465389269 0.050515210466873975
0 0.8754360119857875 0.16226446758292287 0.03913774310259512 0.03343412628012441
0 0.8228123009953681 0.1944630465785878 0.0411915660333733 0.04290013154179624
0 0.7562931863414757 0.237606830850042 0.04308161465389251 0.04924113680346807
0 0.677436766735486 0.4563498545981524 0.04596095318850324 0.0447356473268119
0 0.7293611148810352 0.4225432729716516 0.0649566146538925 0.050515210466874017
0 0.8336668345778818 0.3761148649803218 0.0758055834462283 0.07918624203690508
0 0.7810198694035909 0.30408867556013525 0.06906426051544975 0.06944722099021768
0 0.8824495725920942 0.2676800096762977 0.08386374491161738 0.0843287683452643
0 0.6264718102676223 0.36718166780880185 0.07531426051544958 0.06981124203690499
0 0.18198042458283065 0.5199617024331918 0.02655585594746528 0.031143584186749607
0 0.23617992367831953 0.5474111392225425 0.058788501809022266 0.051713689420186525
0 0.24467849841812034 0.48991715763839394 0.05895227611928178 0.05483868942018653
0 0.2948389507021124 0.4748150733810572 0.036504066033373486 0.042627115756780756
0 0.31003018148023564 0.5587651391519554 0.040447937584671044 0.05843412628012423
0 0.3592522535065029 0.5765210575254545 0.04702548620519007 0.06504814732681172
0 0.37666216078802073 0.46860984698799335 0.042501760515449585 0.06790013154179633
0 0.21932437358746243 0.37559705240495694 0.033706614653892505 0.04869510523343692
0 0.2677651956137298 0.3933074681476202 0.05870661465389251 0.05015118942018652
0 0.10680892695767982 0.6683922261813023 0.03099769448207601 0.02672909997176518
0 0.12194924807943605 0.7084557840596928 0.02318519448207601 0.026274073663405773
0 0.14336722467368768 0.6885451024614268 0.033297178878243815 0.04088260523343692
0 0.25711770692214886 0.9553370312876824 0.02959896879233561 0.02976309471009344
0 0.3265228041631869 0.9468412628012437 0.02696529172311397 0.038956084186749604
0 0.6114808960886997 0.4438883809770989 0.06948034034363318 0.047663226251889415
0 0.5464567616471033 0.36879039946353753 0.03165279172311415 0.03922909997176518
0 0.18423124208654224 0.656445234003223 0.03905585594746528 0.03187162628012441
0 0.1810309989839472 0.6876042287415511 0.023512743102595036 0.03252407366340595
0 0.55413538557325 0.5063736994494201 0.042098968792335614 0.030491136803468065
0 0.5435530896662646 0.4391484020943734 0.05508364767057934 0.07019067363517095
0 0.7281427736328909 0.4906485308641594 0.05089411465389251 0.0496961631118273
0 0.7183251175945686 0.34902247298576905 0.04448034034363317 0.04620714206513998
0 0.6103411199694179 0.49554188623877077 0.06166784034363317 0.04720819994353036