0 0.51407764375 0 0.514318103125 0.00254868125 0.5447737109374999 0.032660024999999995 0.5987216109375 0.0930043109375 0.627712703125 0.135677434375 0.6123620640625 0.1415162515625 0.6163450953125 0.17487657031249998 0.6398238390625 0.2078938046875 0.6605788828125 0.2298170765625 0.6911398015625 0.24181962031249998 0.716293671875 0.2260601171875 0.6873187859375001 0.18060000781250002 0.7027018234375 0.1691898625 0.7001103984375 0.1358052421875 0.6666933578124999 0.13638877656249998 0.6543553906249999 0.103177 0.6309414765625 0.059011812500000004 0.6061466828125 0.0134813578125 0.59372231875 0 0.51407764375 0
0 0.72074656875 0.17862425937499998 0.7387508015625001 0.19502480312499998 0.78331673125 0.19285190937500002 0.8071762093749999 0.160400075 0.78649143125 0.1259393765625 0.757476034375 0.0874454125 0.7049683328125 0.0187211578125 0.6824464031249999 0.06089913125 0.6948248671874999 0.0871474078125 0.72539388125 0.0977577796875 0.6933441421875 0.102496171875 0.70566325625 0.1384949828125 0.72074656875 0.17862425937499998
0 0.4617192973424541 0.05109120781239753 0.11498974801081766 0.08367065027015248
0 0.5420976880171811 0.10768345899352387 0.04909202800763594 0.05794147477225655
0 0.5894181306890445 0.14432779792359823 0.02845226400381797 0.029107146641955416
0 0.5885647026973168 0.20531986162592908 0.06357269867918128 0.09437004809323427
0 0.5045618726925443 0.17308276970062986 0.0348477146721816 0.041825401451278846
0 0.6106584260423162 0.2905207516444625 0.04740225867281787 0.046949411069925694
0 0.5355129753739527 0.2806398093563436 0.05861247867599957 0.07076885698624169
0 0.4604027926877718 0.1394543033658938 0.03971702800763595 0.057614092558271414
0 0.4720948180299077 0.20391610744957783 0.05674089600572714 0.044151793283910834
0 0.7868482087046347 0.2523238032810758 0.09329656134627218 0.09853175843752045
0 0.8320339867122707 0.3070187377646464 0.06491702267663584 0.07567461179556512
0 0.843326570058861 0.4043203236994959 0.0662068026734545 0.0522916754978958
0 0.7053174927195884 0.36537192950461117 0.04729317067154533 0.03757441106992569
0 0.6138112453850886 0.3599701560909662 0.03791817067154533 0.037247028855940556
0 0.5618669373806342 0.3289582582678845 0.07572725334181776 0.06511905771188112
0 0.5486589600572701 0.4028868315888622 0.03811816534054522 0.05443452885594056
0 0.49615103071290695 0.32343743376578044 0.03811816534054522 0.05443452885594056
0 0.505299311386043 0.3707935834029607 0.028524989337999785 0.03535714664195542
0 0.5634214413987697 0.4625520082678845 0.04407726400381797 0.02965278366526398
0 0.2845749946689999 0.012986094920524101 0.08789998933799978 0.025972189841048203
0 0.19093408267027256 0.02407985154394606 0.09749316534054513 0.04815970308789212
0 0.10022726666931807 0.018603667060375452 0.09420453333863614 0.037207334120750904
0 0.31494429467695406 0.06481394583149798 0.056959072008272396 0.06290179328391081
0 0.29280676002545336 0.17735115136646082 0.06486247867599956 0.07098711179556512
0 0.3235022293523173 0.1286036273198437 0.04589430267345422 0.05158234736759484
0 0.34613175469445323 0.1926834854872117 0.04287839067472685 0.060848219962933124
0 0.22197554467695407 0.0680604861201839 0.06775112133990877 0.05078373920022679
0 0.10472441000954502 0.06668401379499808 0.039462489337999784 0.03573909255827139
0 0.15671417134786297 0.10160216161807985 0.041097714672181596 0.04204365626060227
0 0.22292097402131722 0.14931048612018388 0.04275112133990877 0.04991071996293313
0 0.28966522071927037 0.3775421243246188 0.04740225867281787 0.046949411069925694
0 0.2384385280474069 0.3410341946503716 0.06776930267345431 0.05234623920022674
0 0.13466809070654362 0.28916664900420813 0.0759272480108177 0.08230655771188111
0 0.1924436806969986 0.21680801016680099 0.06954997867599957 0.07115080290255768
0 0.0903539220241807 0.17504215081830662 0.08377611067790858 0.08570437622353536
0 0.3480220660407254 0.28796870363604626 0.07736247867599957 0.07142362141421188
0 0.7963430294000424 0.463797016620587 0.02692612667090888 0.03217758293962447
0 0.7388123400699967 0.4900346236068286 0.061537484006999675 0.053690484390903494
0 0.73343394939527 0.43082331471382124 0.061573846674090583 0.05681548439090349
0 0.6824254327259518 0.413065385039574 0.0348477146721816 0.041825401451278846
0 0.6623225654041786 0.4989582450210405 0.04127952800763594 0.05766865626060227
0 0.6101515380728604 0.5156298790491242 0.04607611600890884 0.06720734736759475
0 0.5994583913908155 0.4026760112631093 0.04298747867599957 0.07022321996293321
0 0.7672538713796797 0.3147518814113769 0.033357940006363405 0.0480208377489479
0 0.7158550033815887 0.33061498358829516 0.061501121339908774 0.0505654843909034
0 0.8645946847549052 0.6200718092715256 0.031540901336727246 0.02609127404661713
0 0.8470986494270866 0.6613242918483304 0.023728401336727246 0.02581845553496276
0 0.8249691107574504 0.6402131836809624 0.0348477146721816 0.041825401451278846
0 0.6928945967934033 0.9097766939325815 0.02845226400381797 0.02910714664195524
0 0.6224184647914942 0.89816956053747 0.025454533338636055 0.0399355192372937
0 0.35911465471831583 0.36808278957089574 0.07087612133990877 0.050892866604888454
0 0.4301533133752253 0.29369785926367636 0.03170453333863606 0.04015377404661713
0 0.7846980994191324 0.6048858080903992 0.039426126670908876 0.03261409255827132
0 0.786633316756814 0.6368624943880684 0.023837489337999784 0.035193455534962934
0 0.4146021333943154 0.4349230599893158 0.040952264003817976 0.02954365626060227
0 0.42864590471831576 0.36565470481717266 0.05550566000954511 0.07222222958157998
0 0.2361316880569519 0.4114558220550334 0.05212612133990877 0.050238102176918174
0 0.2547533240372256 0.2654339939247322 0.04585794000636341 0.04845734736759475
0 0.3566078200588609 0.42131691697555745 0.061464758672817865 0.047440484390903315