0 0.621139971875 0.2341734921875 0.6484305609375001 0.252668884375 0.6824869687499999 0.25934631874999997 0.702770378125 0.23885275468749997 0.660182884375 0.19797468125 0.672051796875 0.18364511562500002 0.659383265625 0.150268790625 0.626286315625 0.1568628234375 0.603965403125 0.125412425 0.5673062609375 0.0848481234375 0.5288596171875 0.04314789375 0.5048568359375001 0.026458425 0.43860772031249995 0.022986456250000002 0.42503379218750004 0.0256908421875 0.434122415625 0.048560132812500004 0.47354613125 0.073613275 0.5454969484375 0.1250936 0.5872584 0.16314360781249998 0.5737381874999999 0.17181972968749998 0.5877849953125 0.2049214546875 0.621139971875 0.2341734921875
0 0.7594701625 0.193150815625 0.7734206171875 0.15596883125 0.742411396875 0.12475169531250001 0.7018886140625 0.09094244375 0.6317500484374999 0.0331086171875 0.628379690625 0.032931984375 0.6191599296875 0.0775097578125 0.6394169171875 0.101894021875 0.6730606953125 0.1071587640625 0.64258069375 0.117718953125 0.665725028125 0.15199793749999999 0.6928698234375 0.1899674375 0.7157525640625 0.20335858125 0.7594701625 0.193150815625
0 0.37452911910658787 0.0430085300760107 0.0621746683207995 0.029756099050060315
0 0.2972410270883052 0.0568829223195231 0.046331344499482084 0.024249727498762797
0 0.39622649069437504 0.10727242593756772 0.13619867328319835 0.11312852103089917
0 0.4932855812649157 0.1497675424004826 0.0624315334984459 0.06873671189493055
0 0.5507363622821624 0.17849672998515365 0.03612159057054072 0.03930151741285455
0 0.5692359592628436 0.24103435153645117 0.08776117328319835 0.1105900192218768
0 0.4764662624059969 0.2237030093837958 0.047568512820281586 0.05081222749876284
0 0.6166974642252424 0.3230146918800842 0.0588698858558109 0.05919793758467105
0 0.5397175872607717 0.32677377770116156 0.07878427956950454 0.08518058344622811
0 0.42143200599585595 0.19665915253181937 0.054691808105551944 0.06988977611928182
0 0.4524316029765374 0.2598518713241549 0.0713698858558109 0.0598530348257091
0 0.7802098465663967 0.2528703674789677 0.11952059553293921 0.12316526232447185
0 0.8424401728689135 0.3005542729514631 0.08539815260503403 0.09332063206674715
0 0.883561786598818 0.3970098710970123 0.07798375889134021 0.06799308344622812
0 0.7340155508668416 0.382158397782121 0.058360463606069855 0.048260437584671044
0 0.6402120469379001 0.392829224896771 0.048985463606069854 0.04776911465389251
0 0.5799637516526298 0.37096751300184044 0.09277400496239885 0.08435506784239584
0 0.5882535947043698 0.44855692446722967 0.05291098428423417 0.0651203889641522
0 0.5124680365988179 0.37756167175369626 0.05291098428423435 0.06512038896415202
0 0.5363807255977819 0.42245809192551265 0.040954639784752264 0.042672178878243726
0 0.6229047305601807 0.5064856111473895 0.05174659057054054 0.040120388964152195
0 0.20605525496239877 0.09029188658930287 0.10127570967712848 0.06609639077317438
0 0.1162500463187276 0.11987648801421238 0.1148673287837163 0.09018898801421238
0 0.04116015508623323 0.13074871099041943 0.0735873573197636 0.07399742198083885
0 0.2546961162111038 0.14739505766563055 0.07209763192686944 0.0754780348257091
0 0.26647698635114886 0.26647260628614955 0.0835445541766104 0.08698874491161739
0 0.2817894631917851 0.2103830585701417 0.057525709677128486 0.06380355042954129
0 0.32439864826180764 0.2718461810259504 0.06116013192686944 0.0749048247398008
0 0.16289175992479749 0.16752277193541032 0.08118153349844599 0.06971935775648759
0 0.045378928245597035 0.18786184814554915 0.050475188998964006 0.04628850180902231
0 0.10815291004863195 0.21375264077317438 0.05240156203449331 0.05418288896415202
0 0.18773340219074913 0.24909699852966197 0.05745293507002254 0.06224105042954129
0 0.32422963606069866 0.4690111080951718 0.05872433664159917 0.056072937584671224
0 0.2621277423470049 0.4408175090451115 0.08118153349844599 0.06971935775648745
0 0.14288543672265241 0.40729127883281524 0.09826202564056316 0.1017882293077852
0 0.17872658333183028 0.32344190128862393 0.08666955417661044 0.0871525192218769
0 0.06457203804655998 0.29875508254171695 0.10629284946188071 0.10688516508343389
0 0.354582761991712 0.36772856908559126 0.09619010339082212 0.09076884215265535
0 0.8548053939185815 0.4656436844168524 0.03612159057054072 0.03930151741285446
0 0.8050986463997809 0.5027851582975705 0.07329625889134021 0.06774742198083886
0 0.7812758486333111 0.4430859317033189 0.07344180810555194 0.07087242198083885
0 0.7255523875084406 0.4347101876962127 0.04771406203449331 0.05393722749876275
0 0.7305545647205804 0.5253761312737776 0.056254308105551945 0.06997166327441154
0 0.6842446449520387 0.5517848230423201 0.0661387303552928 0.08140048620519007
0 0.6400151478475229 0.4388001441640764 0.05988873035529281 0.08107293758467105
0 0.7793965173683955 0.3190718995911433 0.0463698858558109 0.058542840343632996
0 0.733831460296301 0.34474028493725073 0.07322348428423435 0.06618492198083885
0 0.9691676085581087 0.6119188981208052 0.03739299214211726 0.03313340456798421
0 0.9642104348606256 0.6560816559227213 0.031070217535011223 0.03124335594746519
0 0.9369201887895671 0.6390645742855157 0.04607878742738727 0.05229284034363317
0 0.8852679133538917 0.9356253137700661 0.03612159057054072 0.039301517412854634
0 0.8120487371752093 0.9364641174789676 0.03648546360606986 0.047114017412854634
0 0.390216355043452 0.44675100576575116 0.08416098428423435 0.06675813206674697
0 0.43833917783131227 0.3588692254625979 0.04280823821317572 0.04900406603337348
0 0.8857194077723204 0.6106629353213635 0.048767139784752445 0.04308161465389251
0 0.8973311499144374 0.6424452018297069 0.0346318651776464 0.0407821302577247
0 0.46538332898860413 0.5044650084792847 0.05174659057054072 0.04012038896415202
0 0.4589106970617346 0.43242623416902515 0.07416955417661057 0.08649742198083885
0 0.2810639869703214 0.512730130596409 0.06533820967712849 0.06421298620519007
0 0.2545463746881591 0.3617065411572872 0.0557448858558109 0.059034163274411536
0 0.4044458289886041 0.5012714094292243 0.0747132096771285 0.06470430913596861