0 0.674344903125 0.7065629125 0.6578703859374999 0.7344786453125 0.6409015015625 0.7742590078125 0.6436564390624999 0.8087135015625 0.6603168234375 0.8100780109375 0.639750409375 0.8610984609375001 0.5976106078125001 0.9370123234375001 0.580061134375 0.9647782078124999 0.6606872328125 0.9429959921875 0.6633747046875 0.9383103515625001 0.6791308265625 0.88565809375 0.6937719203125 0.834769975 0.69946998125 0.798034575 0.733277090625 0.7889011328125 0.72911430625 0.7548269875 0.7112905781250001 0.7479112375 0.731275046875 0.694113846875 0.7027183781249999 0.6856978984375 0.674344903125 0.7065629125
0 0.738329215625 0.784602075 0.7332157765625 0.8241136906250001 0.76648768125 0.8195246875000001 0.737823509375 0.8390025515625 0.7306714046875 0.8687995578125 0.7619362656249999 0.9043486234375001 0.8009234796875001 0.8204895656250001 0.8223625406249999 0.77363320625 0.8362217984375 0.7332244765625 0.8055823999999999 0.7077718140625 0.760213221875 0.71856043125 0.7453910609375 0.740164225 0.738329215625 0.784602075
0 0.5121180341974992 0.9344758873015181 0.13328658510611113 0.09284802768032882
0 0.5801062744138534 0.8638012899632563 0.05933993882958326 0.06798067885919253
0 0.6187518535360409 0.8130545320545911 0.035247822188333444 0.038900673916276676
0 0.606125873387673 0.7519087850203405 0.08368662860909737 0.10799818380210838
0 0.5283268752875341 0.8081534678338658 0.0448773953265972 0.050220175893442943
0 0.6121596274717355 0.6603433675298547 0.05755923328249999 0.05854201186299797
0 0.5380675108304855 0.6914607163509909 0.07529224715020835 0.0826798488211363
0 0.4905534651432979 0.8549621422444339 0.05312630642076392 0.06928851087441501
0 0.48977352156406184 0.7878701427387256 0.06849673328249999 0.05898768083635879
0 0.7966619140408675 0.6473619119789165 0.1151912017473613 0.12020902372599629
0 0.8318194704616314 0.578805571560737 0.08328658510611113 0.09081068380210837
0 0.8232094962971871 0.47925124053409773 0.07649107123840296 0.06711851581733086
0 0.6925939695117009 0.5579412677201351 0.057304660144236054 0.04760451186299815
0 0.6005149190748605 0.5905720369975069 0.04792966014423605 0.047222509885831696
0 0.554184126521805 0.6361683798871443 0.09088087955902786 0.08175401878308027
0 0.5261695357161107 0.5655030528148377 0.049892203647222286 0.06447367688202607
0 0.488813046449687 0.6614668102292116 0.049892203647222286 0.06447367688202625
0 0.48997680936746474 0.6114668102292116 0.03844555737069442 0.04215300790866543
0 0.5292049231589232 0.5021581358186433 0.04931032218833344 0.03947367688202626
0 0.36010093930774223 0.960182835932374 0.0698773953265972 0.05123884783255335
0 0.31391822996093677 0.8652815128144002 0.08157861474138901 0.08449701680591418
0 0.35512380499906177 0.9057500039171517 0.05606946846486114 0.061603344866803765
0 0.3645728466021868 0.8351191689361798 0.05788654160312508 0.07260451186299832
0 0.26451568237388806 0.975785272700232 0.07870688145888885 0.028183349809719614
0 0.19122365273861028 0.9725276215213683 0.050872822188333354 0.03953734387822081
0 0.24876470222552002 0.9147668596583702 0.05447060087368065 0.05997717787060921
0 0.2701539654276383 0.6664739396964263 0.05748649810013893 0.05541701186299797
0 0.2260214525098605 0.7182247820917722 0.07961607123840286 0.06724584980971962
0 0.13199738915524237 0.8008873848672412 0.09444229065319454 0.1006313527754692
0 0.20565178828156178 0.8556438690499103 0.08473998233256949 0.08618685079830257
0 0.11033798186079784 0.9266513888215739 0.10396276101791675 0.10726335475263546
0 0.3480776372553813 0.7390081728905123 0.09415134992375007 0.0881313527754692
0 0.7633993916237843 0.43329675338567897 0.035247822188333444 0.038900673916276676
0 0.6996096485576385 0.424188350229649 0.07024107123840277 0.06686384783255335
0 0.7067850625015968 0.48477568175057983 0.07187630642076392 0.07005251482874755
0 0.659200894473576 0.5171544416364117 0.04647626291777769 0.05184634288963732
0 0.6212482592149648 0.4375279500393686 0.05468880642076392 0.06935217787060939
0 0.5658704281929163 0.4358818784042695 0.06275587955902787 0.08060801285158128
0 0.5772235426499648 0.55171512543852 0.05650587955902786 0.08035334486680376
0 0.7643955811189578 0.5916995023970959 0.045059233282499986 0.058032675893442943
0 0.7097990000969092 0.5900215972638996 0.07020470364722228 0.06530134783255317
0 0.8010481280404165 0.25770916296749957 0.03666485182361114 0.03271434091247105
0 0.7745590164331595 0.22210458540090144 0.030378484232430482 0.03089717292769345
0 0.75675326738309 0.24936742235903978 0.04327852773541672 0.04859400889724856
0 0.5685493250381249 0.019215608422641306 0.035247822188333444 0.03843121684528261
0 0.49988959080569445 0.05143789422160033 0.033867160144236054 0.046649506920082226
0 0.3422108033835411 0.6557327578714844 0.0827047036472223 0.06581068380210837
0 0.4291464525098605 0.7099480725865013 0.040153527735416715 0.048466674904859806
0 0.7236673572388539 0.2959850957810247 0.04778418977951393 0.0409725098858317
0 0.7189623266536456 0.2633954302677052 0.03372168977951393 0.04039950692008221
0 0.3847087343293398 0.5736086659704303 0.04931032218833335 0.03947367688202626
0 0.4128687954997564 0.6380239930427367 0.0706774823325695 0.08561384783255335
0 0.20968924411298556 0.6486444525480076 0.06235583605604171 0.06342051285158128
0 0.25794229331555485 0.7887309416735928 0.05443423328249999 0.05841467787060921
0 0.3293666176880897 0.6039620108372338 0.07325696846486114 0.0623036818249421