0 0.47956495 0 0.479732784375 0.0007600609375000001 0.50148526875 0.00460404375 0.506176765625 0.0311045890625 0.5377550515625 0.05840871875 0.5942392296875 0.1134836046875 0.6253940265625 0.1528910046875 0.6111201375 0.1592544515625 0.6175496593750001 0.19100121875 0.6426601734374999 0.22143899843749998 0.664289953125 0.241389765625 0.6945539000000001 0.251346940625 0.717459421875 0.23499007968750002 0.6861023484375 0.19291294375 0.6999718703125 0.1812125578125 0.6948758125000001 0.14937253749999999 0.6628549046875001 0.151611884375 0.6484197171875 0.1204275359375 0.62250008125 0.0793108046875 0.5951486640625 0.0369560859375 0.5648027984375 0.0082251 0.5594650921875 0 0.47956495 0
0 0.6309843296875 0 0.64944931875 0.027793409375 0.67172653125 0.02087025625 0.6587852171875 0 0.6309843296875 0
0 0.7180247453125 0.18933981718749998 0.7365832265625001 0.2041401515625 0.779178221875 0.1998181015625 0.799536984375 0.167541140625 0.776994696875 0.13558053750000001 0.7461432265625 0.10017647656249999 0.6903860578125001 0.03700419375 0.6720709890625 0.078528 0.686000765625 0.10304180781250001 0.7161636687499999 0.1116653828125 0.6857795531249999 0.11781481406250001 0.7004144859375 0.151669078125 0.7180247453125 0.18933981718749998
0 0.591026818401734 0.005347622400037846 0.039866136803468066 0.010695244800075693
0 0.44989358418674963 0.01400664942383081 0.06072466837349921 0.02801329884766162
0 0.3764560841867496 0.0145544046815556 0.04482665258848364 0.0291088093631112
0 0.45917684990117796 0.08015897501237196 0.11383425782192055 0.08229460085908265
0 0.5412227814288568 0.1299299236783195 0.04840667889684287 0.05549972749876284
0 0.5885828998164733 0.16271144617955668 0.02820059471009344 0.029517081637205768
0 0.5927768471291677 0.2212642526019918 0.06612479991529537 0.09225609905006031
0 0.5097522445265665 0.1950536346687389 0.036650131541796326 0.040864017412854545
0 0.6209921233669398 0.30206719527504555 0.0462981473268119 0.046042840343633
0 0.5485710917969087 0.29645900441101414 0.060072220990217674 0.06857293758467105
0 0.46487238403145775 0.16449303143480706 0.040685184158514784 0.05665279172311406
0 0.4810125944983318 0.22633793419376907 0.057144642065139806 0.04505355042954129
0 0.7868677523484873 0.2573268260985972 0.09443181043863902 0.09685506784239584
0 0.8352289286144942 0.3072958485998344 0.06503273677523325 0.07350609905006031
0 0.8531437416839692 0.3996095013587964 0.06688366311182747 0.05179487336031983
0 0.7181471154038448 0.3690699095448253 0.047223610495108835 0.035187227498762755
0 0.6288115996188293 0.3690499773872212 0.03793961575678075 0.036258404567984306
0 0.5770824996470642 0.3419828663513732 0.0769867052052021 0.06478619629109836
0 0.5702402364222974 0.4128685764372815 0.038849668373499215 0.051883404567984216
0 0.5134372286003768 0.33904929613412815 0.038849668373499215 0.051883404567984306
0 0.5270138811888604 0.38378858604821986 0.02994510523343692 0.03272396879233552
0 0.5900136811041558 0.4698212613084191 0.042172089448421345 0.02869156603337366
0 0.28517863680346806 0.032777660843791544 0.09030575256024873 0.06555532168758309
0 0.1954559841443973 0.059500073496605396 0.09904371572854584 0.06905761646291486
0 0.10617367626600696 0.04693919776143638 0.0933397472985769 0.07810506784239586
0 0.32010664462538874 0.10076912539648475 0.05805469468185844 0.06067855042954133
0 0.3076815103115822 0.21034552125804176 0.06475972099021768 0.06881859905006031
0 0.33303084983059084 0.16121530246570623 0.045008663111827295 0.05064845318850333
0 0.3592818076666288 0.22174668871632486 0.045554694681858444 0.06002345318850324
0 0.23039940251789645 0.10782138681644549 0.06679265785015547 0.050232373360319826
0 0.11789940251789646 0.11371726198578762 0.039320105233436965 0.03321529172311406
0 0.1705917630130053 0.1438684294440707 0.04142863680346807 0.042672178878243816
0 0.2372934156014889 0.18582355608375084 0.04491765785015547 0.049085953188503326
0 0.3203921548663837 0.401669884102912 0.046116136803468065 0.042917840343633176
0 0.2683445364787671 0.36913402306706405 0.0668836631118273 0.05179487336031983
0 0.16386986810526794 0.32445668815049794 0.07789675782192056 0.08041119629109836
0 0.21455313659170655 0.2528406377209566 0.06944722099021768 0.06906426051544959
0 0.11374949978823849 0.217374528494131 0.0843287683452643 0.08386374491161738
0 0.369293115474432 0.3129072772509356 0.07725972099021768 0.06947369629109837
0 0.8127154337349916 0.4589335917024295 0.02672909997176518 0.0309976944820761
0 0.7594840179217413 0.4867996421319708 0.06072466837349921 0.0530298247398008
0 0.7491310758707188 0.4301368843300546 0.06081567363517095 0.0545923247398008
0 0.6997380206231644 0.41626913613907696 0.036741136803468064 0.042426517412854456
0 0.6865925494917724 0.5000233384230691 0.042247684158514785 0.056734678878243724
0 0.6382383494776549 0.5174465338096563 0.048952710466874015 0.06487472749876275
0 0.6186777364222974 0.4103300746282592 0.044447220990217674 0.06775406603337367
0 0.7730929496611816 0.3168213348050245 0.03545165258848364 0.04703213025772479
0 0.7247842522779001 0.33502578019161167 0.060542657850155376 0.049904824739800804
0 0.8902019388554893 0.6053305568767204 0.031143584186749607 0.02655585594746519
0 0.8760708203972853 0.6452528720055828 0.023331084186749607 0.026146420171816585
0 0.8545752519955514 0.6260049050222696 0.03352513154179633 0.040700243102595124
0 0.7485428728022424 0.8909449095448252 0.028200594710093264 0.029517081637205678
0 0.6791103333397036 0.8828291943705343 0.027184126280124232 0.0388101944820761
0 0.3854711232963526 0.3888556235874624 0.06982665258848364 0.048833647670579336
0 0.44851788389028346 0.3142407259168831 0.03187162628012441 0.03905585594746528
0 0.8127748888696067 0.5944992774780783 0.03922909997176518 0.03165279172311415
0 0.8177199941030437 0.6255855031678188 0.02369510523343692 0.032396420171816584
0 0.4438898390248983 0.4500520731579211 0.042172089448421345 0.028691566033373483
0 0.45256761803468076 0.3837719759168831 0.05556673151356133 0.07145227611928187
0 0.2715220153614925 0.437143716644629 0.05273015785015547 0.0494953889641522
0 0.2773940418110261 0.29578173224846116 0.04317314732681181 0.04587906603337357
0 0.38764754430068765 0.4396778171650273 0.06201415258848364 0.048424211894930555