0 0 0.5197375 0.027632499999999997 0.51579 0.032895 0.4947375 0.05921 0.492105 0.0881575 0.4631575 0.1460525 0.4118425 0.1868425 0.38421 0.192105 0.398685 0.223685 0.3947375 0.2552625 0.3723675 0.276315 0.3526325 0.2881575 0.323685 0.273685 0.3 0.23026249999999998 0.3276325 0.2197375 0.31315750000000003 0.1881575 0.31579 0.1881575 0.3473675 0.15658 0.35921 0.1144725 0.38158 0.07105249999999999 0.40526249999999997 0.04079 0.432895 0 0.4552625 0 0.5197375
0 0.0026325000000000003 0.3868425 0.06579 0.351315 0.0605275 0.3289475 0 0.3605275 0.0026325000000000003 0.3868425
0 0.15658 0.32236750000000003 0.19079 0.31052749999999996 0.2289475 0.2960525 0.2447375 0.2789475 0.24342000000000003 0.23684249999999998 0.21315750000000003 0.2144725 0.1802625 0.23420999999999997 0.14342 0.2618425 0.07763250000000001 0.31184249999999997 0.11710499999999999 0.332895 0.14210499999999998 0.3210525 0.1526325 0.292105 0.15658 0.32236750000000003
0 0.02421875 0.40546875 0.040625 0.03671875
0 0.025 0.546875 0.05 0.05390625
0 0.025 0.61953125 0.04765625 0.03984375
0 0.10390625 0.54140625 0.0734375 0.10625
0 0.15859375 0.46484375 0.0515625 0.04375
0 0.19375 0.42109375 0.02734375 0.0265625
0 0.25234375 0.42109375 0.08515625 0.0578125
0 0.2203125 0.50078125 0.03828125 0.0328125
0 0.3328125 0.39921875 0.0421875 0.04375
0 0.32265625 0.4703125 0.06328125 0.05390625
0 0.1875 0.54296875 0.05390625 0.03515625
0 0.2484375 0.53125 0.03984375 0.05390625
0 0.3 0.23359375 0.08984375 0.08515625
0 0.35234375 0.18984375 0.06875 0.059375
0 0.44375 0.17890625 0.04609375 0.06015625
0 0.40546875 0.309375 0.03125 0.04453125
0 0.3984375 0.396875 0.034375 0.03515625
0 0.36875 0.4453125 0.0578125 0.06953125
0 0.43828125 0.4578125 0.05 0.034375
0 0.36171875 0.5078125 0.05 0.034375
0 0.40625 0.49765625 0.03125 0.02734375
0 0.49453125 0.44296875 0.0265625 0.040625
0 0.0375 0.71015625 0.075 0.08046875
0 0.065625 0.7984375 0.06015625 0.0921875
0 0.04765625 0.88515625 0.07109375 0.08671875
0 0.11484375 0.6796875 0.05546875 0.0515625
0 0.22109375 0.70078125 0.06328125 0.059375
0 0.175 0.671875 0.04765625 0.040625
0 0.2359375 0.65 0.05625 0.03984375
0 0.115625 0.76796875 0.04453125 0.06171875
0 0.11328125 0.87890625 0.03125 0.03671875
0 0.14765625 0.8296875 0.03984375 0.03828125
0 0.19296875 0.7671875 0.04609375 0.03984375
0 0.41015625 0.70234375 0.040625 0.04375
0 0.37421875 0.75078125 0.04609375 0.06171875
0 0.3234375 0.84921875 0.0734375 0.06953125
0 0.25625 0.79453125 0.06328125 0.06328125
0 0.21484375 0.89140625 0.07734375 0.07734375
0 0.3265625 0.64765625 0.06328125 0.07109375
0 0.5 0.22265625 0.02890625 0.025
0 0.5234375 0.27734375 0.04765625 0.05546875
0 0.4671875 0.2828125 0.05 0.05546875
0 0.45 0.33125 0.03984375 0.0328125
0 0.53125 0.35 0.05390625 0.03671875
0 0.5453125 0.3984375 0.06171875 0.0421875
0 0.4390625 0.41015625 0.06484375 0.03828125
0 0.3578125 0.25234375 0.04453125 0.03046875
0 0.37265625 0.3 0.04453125 0.05546875
0 0.6484375 0.1578125 0.0234375 0.02890625
0 0.68671875 0.17421875 0.0234375 0.02265625
0 0.66640625 0.19453125 0.03828125 0.03125
0 0.91875 0.31875 0.02734375 0.0265625
0 0.90625 0.38515625 0.03671875 0.0234375
0 0.40234375 0.63671875 0.04375 0.065625
0 0.3328125 0.56953125 0.03671875 0.02890625
0 0.6328125 0.2328125 0.02890625 0.03671875
0 0.66328125 0.23125 0.03125 0.02265625
0 0.465625 0.584375 0.0265625 0.03984375
0 0.4015625 0.57109375 0.065625 0.05
0 0.440625 0.75234375 0.04453125 0.04765625
0 0.303125 0.7359375 0.04375 0.040625
0 0.4515625 0.63828125 0.0421875 0.0578125