0 0.27895626875 0.42670016562499996 0.2819257359375 0.3947602515625 0.260378128125 0.373977284375 0.22567130781250003 0.411578453125 0.2108352359375 0.3992490796875 0.1802955234375 0.408908290625 0.189875871875 0.44088942500000006 0.1621328765625 0.4598758078125 0.12713439531249998 0.4918560125 0.091231659375 0.5254561343749999 0.06958415625 0.56014315625 0.0379572953125 0.589887071875 0.057826034375 0.65621291875 0.081676971875 0.6470113390625001 0.08051205624999999 0.6245244125 0.10582705156250001 0.61603108125 0.12577065468749998 0.58030344375 0.16765417968750002 0.5155122765625 0.199748640625 0.47849405 0.209362471875 0.49198874843749996 0.239503225 0.4809977296875 0.26405226875 0.4513492796875 0.27895626875 0.42670016562499996
0 0.0268928046875 0.5131452750000001 0.0696422 0.47198438749999994 0.0576338484375 0.450496303125 0.0251405015625 0.479709334375 0.0268928046875 0.5131452750000001
0 0.2147852609375 0.3798859796875 0.2252649421875 0.359065809375 0.21118321875 0.31671435625 0.174365375 0.30075972968750003 0.147710234375 0.3280337734375 0.119533071875 0.3641778703125 0.06941847031250001 0.429384940625 0.11497613437500001 0.4419657671875 0.1361919515625 0.4244359015625 0.13785648125 0.39278718125 0.1509551703125 0.42256237499999993 0.1813112828125 0.402995584375 0.2147852609375 0.3798859796875
0 0.04909915705437514 0.5349887654394061 0.04464411465389255 0.04810253087881229
0 0.08932244459361768 0.6773497616784825 0.06602114767057934 0.06900606426490725
0 0.11031769730715116 0.7505061168513321 0.057307888964152065 0.05159124373179384
0 0.16543788726667139 0.6561627349563052 0.10655097241038014 0.12790970282385156
0 0.19666687584671066 0.5673646594086269 0.06544793758467105 0.05806856426490725
0 0.21806051899473422 0.5141631030612783 0.03617651741285455 0.03537521034569906
0 0.2758763410210016 0.501024257059629 0.10409435775648763 0.08103470282385157
0 0.2687842152858326 0.5889645262599588 0.050730340343632996 0.04515938730530315
0 0.3486653878324983 0.46101903417751766 0.05599105042954129 0.05623327962517131
0 0.36040847127872633 0.5362463547106311 0.08024742198083885 0.07254024122451135
0 0.24800804782754948 0.6390638146606186 0.06668288896415202 0.051864028371529966
0 0.3059500226127788 0.6134477007122806 0.056482373360319825 0.06560827962517131
0 0.26613509158682847 0.3002657391129403 0.11815021370395282 0.11108591567683304
0 0.30537465400215746 0.24524326999175275 0.08846935775648763 0.08058006175762475
0 0.3926356365893029 0.21345972406924557 0.06470430913596861 0.07364810015828453
0 0.3937964241285454 0.35468411764275476 0.04653416327441153 0.054397994985435
0 0.4133077419709412 0.4441785266556703 0.04456222749876275 0.04654003087881229
0 0.3982869295556123 0.4999056894295094 0.07942190637700657 0.08655727711788863
0 0.4714787680902231 0.4973550024407755 0.06018722749876275 0.046994671945039104
0 0.41106024649349704 0.5650222240692455 0.06018722749876275 0.046994671945039104
0 0.45214226989924544 0.5451560049480579 0.04094590456798421 0.03707410266556703
0 0.5230888557203227 0.46999453206594666 0.04003850180902226 0.049528638558944495
0 0.15088182157198213 0.8398330413036537 0.09899077792830413 0.10272784639736088
0 0.2052627843714238 0.9248816427155795 0.09002521370395282 0.11026756175762457
0 0.21228074626635443 0.9813469398917277 0.09587906603337357 0.03730612021654452
0 0.21787456976295982 0.793418694048363 0.07062676051544958 0.0675799565847754
0 0.33008796472000573 0.7912233597251961 0.08213747060135787 0.07883570533113407
0 0.2752809560135784 0.7724673480467136 0.06215916327441153 0.05485263605166182
0 0.32956566429046436 0.73660405588513 0.06997166327441154 0.05507995658477523
0 0.24515744402779083 0.8823591735943918 0.06478619629109836 0.07521060015828454
0 0.2765479641541788 0.9865716489837857 0.042344630257724794 0.026856702032428716
0 0.29567974445733214 0.9384333288463835 0.05262038896415202 0.05145485141192587
0 0.32147760458866886 0.8650783968722144 0.05730788896415202 0.05159124373179367
0 0.5175569872212429 0.7514347486798517 0.05442855042954129 0.05618781551854859
0 0.4971083683834788 0.8077840370805116 0.06478619629109836 0.07521060015828454
0 0.4764007999752561 0.918729897267926 0.096773180687266 0.09018238229073816
0 0.39318550825214205 0.8788657637235465 0.08386374491161738 0.08200616943775678
0 0.380952181137492 0.9673730195960413 0.10228619629109836 0.06525396080791737
0 0.4180582762308235 0.7134369920159342 0.08583568068726617 0.0898641335443795
0 0.46141993611433296 0.24588343065402082 0.03601274310259513 0.03225021034569897
0 0.5014993815009202 0.2961933192129652 0.06602114767057934 0.06900606426490725
0 0.44705422094004216 0.31411059342785996 0.06758364767057934 0.06905152837152997
0 0.4451099406368888 0.3663179511079919 0.050730340343632996 0.04515938730530315
0 0.5310064970593239 0.3680372269722394 0.06668288896415202 0.051864028371529966
0 0.5599027809805219 0.413341366784825 0.07646732473980081 0.059949313011265916
0 0.45800276628120073 0.44859925369441667 0.07794793758467122 0.058432277117888634
0 0.32888075305221776 0.30677180337784754 0.05533595318850324 0.04373327962517113
0 0.3585582869734157 0.35209867524374444 0.06281426051544958 0.06735263605166182
0 0.5896091338757694 0.14664561177026006 0.033051517412854635 0.035284282132453625
0 0.6321651260738532 0.15490439264907246 0.03116146879233561 0.028988818025830955
0 0.6186725141334942 0.180253733636157 0.04908595318850324 0.04355142319868044
0 0.9062411131835546 0.24946570104148497 0.036176517412854284 0.035375210345698974
0 0.9138732287419582 0.32067311130804166 0.043907130257724705 0.034040030878812376
0 0.48998086386092304 0.6866675550272002 0.06503185775648763 0.07989810015828454
0 0.40064172489677097 0.6341442971096415 0.04571529172311415 0.038772994985435
0 0.5961700723649516 0.2271825579301941 0.03979284034363317 0.04484113855894432
0 0.6253253058566083 0.21789012595602503 0.03913774310259512 0.03234113855894431
0 0.5379403290352139 0.6194178705457487 0.03995661465389251 0.04796613855894431
0 0.4693131597679086 0.6197611998543507 0.08320864767057934 0.06950616943775678
0 0.5635588839873111 0.7956764936652869 0.06092421189493056 0.0610571719450391
0 0.4222721426937383 0.8087267599626229 0.057389776119281775 0.053153743731794025
0 0.5402298473525796 0.6779888884924373 0.0598530348257091 0.07038670783841657