0 0.5493331203125 0 0.403517484375 0.40610543281249994 0.1658974234375 0.9413343781249999 0.2777430453125 0.9717301578124999 0.520081728125 0.365666934375 0.6315073531250001 0.0178498578125 0.5658262484375001 0 0.5493331203125 0
0 0.37499559871137605 0.1640625 0.3500088025772479 0.328125
0 0.14931625226330753 0.803125 0.15454581637205783 0.265625
0 0.300808989711693 0.49140625 0.22968301447217848 0.3875
0 0.7705913817280627 0.14375 0.056973696291098365 0.0734375
0 0.9262239060383223 0.140625 0.13854460085908257 0.109375
0 0.557976358549457 0.5484375 0.051221663274411536 0.053125
0 0.790475677296364 0.43515625 0.08386374491161738 0.0796875
0 0.846941440525347 0.296875 0.049167840343633175 0.04375
0 0.6269598111721335 0.30546875 0.08476450361804452 0.096875
0 0.8959587946637901 0.315625 0.09297979534115867 0.134375