0 0.44303219531250004 0 0.4373487984375 0.00129470625 0.499014715625 0.6351683125 0.559599809375 0.9861322859375001 0.64684966875 0.96625633125 0.5895201453125 0.542422228125 0.5581883859375 0 0.44303219531250004 0
0 0.7465861586266144 0.76953125 0.35574582594130605 0.39375
0 0.6378346579913299 0.1015625 0.14308068401734034 0.203125
0 0.6452328451336162 0.4171875 0.22798484698799334 0.4
0 0.3693502824876643 0.95546875 0.05758425782192056 0.0765625
0 0.22368917199255547 0.98828125 0.13886507892507768 0.0234375
0 0.37450384520420343 0.49140625 0.051622684158514696 0.0546875
0 0.21051912698599606 0.7046875 0.08763577886860804 0.0828125
0 0.22361211923466265 0.85546875 0.049332142065139896 0.0421875
0 0.42717600596754357 0.740625 0.0854208314853265 0.0984375
0 0.16846959292630342 0.86328125 0.0925654735504664 0.140625