0 0 0.45192249999999995 0.6346149999999999 0.49807750000000006 0.9974999999999999 0.49807750000000006 0.9974999999999999 0.415385 0.5673075 0.4 0 0.3365375 0 0.45192249999999995
0 0.82578125 0.2921875 0.3484375 0.24609375
0 0.12890625 0.28203125 0.2578125 0.075
0 0.46171875 0.32890625 0.36171875 0.115625
0 0.90546875 0.66796875 0.065625 0.03671875
0 0.9546875 0.81796875 0.090625 0.1171875
0 0.47421875 0.5890625 0.04453125 0.03671875
0 0.63828125 0.775 0.065625 0.065625
0 0.78203125 0.78671875 0.0328125 0.03828125
0 0.71796875 0.58046875 0.0828125 0.0578125
0 0.7765625 0.83828125 0.1234375 0.05390625