0 0 0.4730577875 0.36339794687500004 0.506999728125 0.9940178843749999 0.5199195765625 0.9953937359375 0.40167914062500004 0.4432604734375 0.4117932421875 0.003522871875 0.38654502968750004 0 0.4220667296875 0 0.4730577875
0 0.19291201662954716 0.274578340064492 0.37834536537236185 0.2896816861791082
0 0.8845268046228657 0.3278241191367627 0.22458292401336308 0.09973742134838534
0 0.5608347659532293 0.3478174148072818 0.3877192706874535 0.1553703186926656
0 0.06422974924414046 0.6574494065176625 0.07238407733927246 0.04416815651766228
0 0.02693193328295686 0.8064318071815924 0.05386386656591372 0.1284886143631848
0 0.5201893952498675 0.617911746189371 0.05049089600572696 0.04247839149054773
0 0.3314070638924595 0.7941691982793566 0.07587270401018138 0.07543633723582169
0 0.18142524522600495 0.7917340238077133 0.03800907733927246 0.04396816861791084
0 0.2682183625875491 0.5844124031980128 0.0914067973424542 0.06771474082661796
0 0.18078889855191438 0.8464215238077134 0.13359429734245412 0.0679601805217672