0 0 0.5262183921875 0.5990827828125 0.5453185359375 0.971835271875 0.5301454609375 0.972149796875 0.52474528125 0.96972973125 0.4416574953125 0.524348278125 0.4438726328125 0 0.4067401109375 0 0.5262183921875
0 0.7876163081607389 0.3171300353559636 0.39514298393263586 0.3097989549196175
0 0.09810502908036951 0.3338549232831983 0.19621005816073903 0.10833484656639661
0 0.4091658134929981 0.3723567669541108 0.40275952090551304 0.17302670099067613
0 0.8928989874811049 0.715285053138644 0.07451415258848329 0.048660131926869354
0 0.9231339770989356 0.8686669183162904 0.06545694198043535 0.13394266046291675
0 0.43064888743875257 0.6491033575246513 0.05254814732681172 0.04607878742738745
0 0.6114530244539822 0.840049496895119 0.07936825256024882 0.07849318114108143
0 0.7646235270848181 0.8464001583914929 0.04004814732681172 0.045496590570540715
0 0.6911082453030255 0.6291163050006707 0.09628273677523325 0.07460620181924557
0 0.7614383429263034 0.9010876583914929 0.1398507262518894 0.07351889081820957