0 0.40921418593750003 1 0.45933069687500006 0.36154712187500004 0.4614164609375 0.0040167328125 0.374931340625 0.0080338078125 0.35711899687500004 0.43595014218749994 0.29090205468749997 1 0.40921418593750003 1
0 0.24555688175355775 0.1850845688890573 0.2940956943995097 0.3562783128389331
0 0.23005954030958492 0.879592572110511 0.10473081555913658 0.24081485577897793
0 0.28299190841485283 0.548706707354543 0.15970528384793123 0.3820499515990063
0 0.6374020184864386 0.07248159240218308 0.04472023677523325 0.07054884933607006
0 0.790367394766563 0.03585881205336618 0.12864021046687385 0.0632272287263694
0 0.5525532504941102 0.5229219539366974 0.043446163111827474 0.048673849336070066
0 0.7473938555863728 0.3443071163080923 0.07606124203690498 0.07229315651766247
0 0.7599911080760344 0.19511109220579134 0.044280621018452496 0.03618293969514967
0 0.5461568502541139 0.27045548408912257 0.06924979991529537 0.08943520472226432
0 0.8137608501835267 0.19776845959403816 0.07014444198043535 0.1316136143631847