0 0.47873077564056316 0.06925490308259381 0.0448073858558109 0.05870714206513992
0 0.5429432487571457 0.42194799260160243 0.034704639784752266 0.04253611049510866
0 0.5772838997095497 0.16691958738228285 0.03401543507002245 0.061195105233437005
0 0.6295827619917121 0.3142804347937992 0.024529119106587772 0.02480257892507769
0 0.6526970843652876 0.3732536163920652 0.027799668320799498 0.028109589448421436
0 0.43747653701310263 0.17584580830191335 0.03626713978475245 0.042627115756780666
0 0.5061387998333842 0.22041558468085976 0.02205909057054072 0.038683068401734036
0 0.040995940625 0.880199271875 0.2281993171875 0.9839301109375 0.27791038125 0.9819041281249999 0.039863453125 0.8558843375 0.040995940625 0.880199271875
0 0.038572521875 0.828167521875 0.2937535609375 0.9812584359375001 0.31774403281249997 0.9802807015624999 0.037601615625 0.8073217828124999 0.038572521875 0.828167521875
0 0.0424885484375 0.9122461718749999 0.1673343421875 0.9864106734375 0.1922703328125 0.9853944015625 0.041913728125 0.89990454375 0.0424885484375 0.9122461718749999
0 0.0438280828125 0.9410065031249999 0.1100524109375 0.9887452078125 0.1539280953125 0.986957046875 0.0429072625 0.9212361171874999 0.0438280828125 0.9410065031249999
0 0.18565668125 0.8865317640624999 0.3327881125 0.9796675765625 0.37222019687499996 0.978060515625 0.26691651875 0.9174542109375 0.166781109375 0.8515764109375 0.035333528125 0.7586250296875 0.0366471140625 0.7868282359375 0.18565668125 0.8865317640624999
0 0.2599326359375 0.8820142109375 0.150447246875 0.8016334734375 0.032987128125 0.708246871875 0.0341665 0.7335684515625001 0.23781062031250003 0.888869903125 0.32426580625 0.94488745625 0.35888752031250004 0.9583604390625 0.37850242968750003 0.97780448125 0.4015049890625 0.9768670078125 0.37209203125 0.9518681828125001 0.3342391125 0.929594465625 0.2599326359375 0.8820142109375
0 0.3441692578125 0.91281786875 0.3165466640625 0.8841731078124999 0.20570261875 0.8083114234375 0.07781491562500001 0.709330465625 0.0311245078125 0.6682556749999999 0.032024685937500005 0.687582859375 0.1729152703125 0.8066718906249999 0.3216987046875 0.9077795562500001 0.33074843593750003 0.9118744124999999 0.3701737234375 0.937062365625 0.4151258578125 0.9763118875 0.4372017203125 0.97541218125 0.3696114703125 0.917735071875 0.3441692578125 0.91281786875
0 0.152655725 0.72414263125 0.028461778124999997 0.61108578125 0.030052971875 0.6452493703125 0.174721646875 0.7664074296875001 0.298019634375 0.8611117578125 0.3555851609375 0.8959781906250001 0.44918381093750004 0.97492385 0.46578455625000004 0.9742472843750001 0.4038414125 0.9178279171874999 0.288104871875 0.8272816328125 0.152655725 0.72414263125
0 0.3205462046875 0.81702705625 0.23671673906250001 0.7489968109375 0.12268479531250001 0.6658230515625 0.027188734375000002 0.5837530375 0.0283678984375 0.6090701453125 0.0699685296875 0.6441550921875 0.14474826406250002 0.7080904796875 0.275607696875 0.8069528546875 0.3805515875 0.8845403640624999 0.47912900468749997 0.9737034296875 0.5018540375 0.972777265625 0.401058071875 0.8732868312500001 0.3205462046875 0.81702705625
0 0.466643844499482 0.009225268627612979 0.06453768899896399 0.018450537255225958
0 0.5545655295695046 0.049170645260673204 0.04222604135632899 0.036741136803468064
0 0.5169372127775004 0.31770781363417233 0.0405565334984459 0.06780912628012441
0 0.519158876550186 0.11311902417163351 0.03768409057054054 0.03959312101845254