0 0.4981560499152954 0.06897556270066948 0.04720819994353036 0.06115767589344297
0 0.5481755206231644 0.4302977232710733 0.039957142065139985 0.04371550790866543
0 0.5928076682323249 0.17475337741568636 0.0394867052052021 0.06240184091247096
0 0.641569933876166 0.3262548690127294 0.028109589448421346 0.027644838935304606
0 0.660789641712204 0.3873369490507855 0.03141659997176518 0.03089717292769345
0 0.45181864718563747 0.1742334070731816 0.039957142065139985 0.04371550790866539
0 0.5188843208208084 0.22318556022921152 0.027275131541796328 0.040081171939110226
0 0.050865184375000004 0.8733215015625 0.2034035859375 0.9705332421874999 0.253483928125 0.9719886546875 0.049342157812499995 0.8471721203125 0.050865184375000004 0.8733215015625
0 0.0477684265625 0.8201522109375 0.26999834218749996 0.9724685890625 0.2943630046875 0.973176665625 0.0465218828125 0.7987498890625 0.0477684265625 0.8201522109375
0 0.052893271875 0.908142409375 0.142128796875 0.9687524984375001 0.16717509218749999 0.969480384375 0.052092439062499996 0.89439265 0.052893271875 0.908142409375
0 0.0549069 0.9427150578125 0.0848776171875 0.967088690625 0.1285594265625 0.9683581515625 0.053438228125 0.917498940625 0.0549069 0.9427150578125
0 0.16866005625 0.8720632203124999 0.3096653671875 0.9736213749999999 0.3491841375 0.974769853125 0.249420253125 0.9089487093749999 0.1510428640625 0.83550909375 0.0436680796875 0.74975198125 0.0453450359375 0.7785442125 0.16866005625 0.8720632203124999
0 0.2438276921875 0.8727440375000001 0.1366079921875 0.7840311703125 0.040679018750000004 0.69843176875 0.0422006453125 0.7245570984375 0.2212134625 0.8780938578124999 0.306186184375 0.940633534375 0.34058275937500004 0.9566494359375 0.35720912031249996 0.975003071875 0.3800753453125 0.9756676015625001 0.354179790625 0.9510375625 0.316883290625 0.9259255734374999 0.2438276921875 0.8727440375000001
0 0.32759784999999997 0.9097195546875 0.3008909453125 0.87890829375 0.1921138015625 0.7946535140625001 0.06708195781250001 0.6859008078125 0.038301070312500005 0.6576039796875001 0.0394607671875 0.6775152140625 0.1590823046875 0.79069133125 0.305120984375 0.9030593171874999 0.3140882875 0.9078232749999999 0.35285223593750004 0.9359827 0.3939214640625 0.976069990625 0.41618210624999996 0.9767169203125 0.353079596875 0.91646711875 0.32759784999999997 0.9097195546875
0 0.142024759375 0.706099834375 0.0347782015625 0.5971186546875 0.0368293453125 0.6323354390625 0.1625619734375 0.750244409375 0.2831363890625 0.8543642218749999 0.3398148796875 0.8935546484374999 0.4282661515625 0.9770681015625 0.44525738906249995 0.9775618937500001 0.38763101718750004 0.9189723546874999 0.2745188828125 0.8195753124999999 0.142024759375 0.706099834375
0 0.3076903015625 0.8115275140625 0.22586235000000002 0.737067734375 0.11416776875000001 0.6452200296874999 0.033037253125 0.56722773125 0.034593428125 0.593946228125 0.061841751562500005 0.619671259375 0.1347023984375 0.6893670828125 0.26273909375 0.7982096656250001 0.365489021875 0.88378785 0.4587330203125 0.9779535171875 0.48192952343749995 0.9786276421875 0.386653259375 0.8738925390625001 0.3076903015625 0.8115275140625
0 0.48932781050922625 0.008705202053716037 0.06928062101845249 0.017410404107432075
0 0.5755985104527566 0.05407346289094992 0.04437162628012441 0.03921900889724857
0 0.5270069049369709 0.32230880973491993 0.04462923151356133 0.07040534190105419
0 0.5361334630271227 0.11598055528629567 0.04142863680346807 0.04221667490485981