0 0.5671875 0.9192048696185641 0.046875 0.0644100098858317
0 0.475 0.5631047668430951 0.0390625 0.04534167490485981
0 0.46015625 0.8218749303792483 0.0375 0.06402800790866543
0 0.3953125 0.674701500037181 0.028125 0.029271005931499162
0 0.36796875 0.6149935776037792 0.03125 0.032523339923887916
0 0.6015625 0.8096680435348407 0.0390625 0.04534167490485963
0 0.528125 0.7668319447137043 0.025 0.040081171939110226
0 0.78884088125 0.032142803125 0.9581504453124999 0.114665840625 0.955614403125 0.0904336703125 0.8459446390625001 0.034469603125 0.78884088125 0.032142803125
0 0.7271047703125 0.029627248437499996 0.963304446875 0.1639128859375 0.9611069999999999 0.14291604375 0.758368625 0.030901153125000004 0.7271047703125 0.029627248437499996
0 0.8874655406249999 0.03616145 0.9535565484375 0.0707706296875 0.952281365625 0.058586125 0.9132110687500001 0.0372105 0.8874655406249999 0.03616145
0 0.7168584499999999 0.0543172765625 0.8232692765625 0.11874918125 0.968457221875 0.2131482265625 0.9654827890625001 0.1847272 0.8014844999999999 0.083751790625 0.7072265625 0.028817273437500002 0.6655480890625001 0.02711900625 0.7168584499999999 0.0543172765625
0 0.6532230984375 0.026616801562499997 0.6134554640625 0.0249963953125 0.647779409375 0.04359789375 0.7266426609375001 0.090086990625 0.8436291390624999 0.1690034 0.9737683531249999 0.263896678125 0.97110635625 0.2384610109375 0.748511153125 0.0826130234375 0.6567037703125 0.0278558390625 0.6532230984375 0.026616801562499997
0 0.8204993390625 0.16442540625 0.6621447296875 0.06542106875 0.6526702421875 0.06148283125 0.6108316 0.036874615625 0.595014896875 0.024244998437500002 0.5703471437500001 0.023239865625 0.6128811625 0.0564584109375 0.6390123796875 0.060843240624999996 0.6691681984375 0.089235325 0.78718386875 0.1635375078125 0.9242233046875 0.2608790609375 0.977977340625 0.304114028125 0.9759472375 0.2847161640625 0.8204993390625 0.16442540625
0 0.6287461828125 0.0781876484375 0.5568807984374999 0.022691153125 0.53572726875 0.021829214062499998 0.57822385625 0.057172864062499995 0.7023168796875 0.1462490546875 0.8473290875 0.24762806875 0.9839511218749999 0.36119417343750004 0.9803662046875001 0.3269398921875 0.8217549125 0.20529457031249998 0.689689115625 0.11218091875 0.6287461828125 0.0781876484375
0 0.856563171875 0.263717490625 0.7165246015625 0.1665663765625 0.6043493359375 0.09037490000000001 0.52063206875 0.02121413125 0.49296162656250003 0.020086646875 0.58445306875 0.1022699296875 0.67026271875 0.1574131125 0.7603322796875001 0.2244126953125 0.8821350671875001 0.30605371406250004 0.9867934671875 0.3883531015625 0.984146546875 0.363061484375 0.9371582437500001 0.3267788328125 0.856563171875 0.263717490625
0 0.584375 0.984642891330213 0.06875 0.030714217339573933
0 0.49140625 0.9418982703031361 0.04375 0.04084517589344294
0 0.509375 0.6684116907593716 0.0421875 0.07046900889724857
0 0.5234375 0.8752346937251211 0.0390625 0.04221667490485999