0 0.8984375 0.4671875 0.05625 0.040625
0 0.546875 0.52109375 0.040625 0.0328125
0 0.79765625 0.56171875 0.0578125 0.0296875
0 0.65078125 0.61015625 0.0234375 0.0234375
0 0.59140625 0.63046875 0.0265625 0.0265625
0 0.79453125 0.4234375 0.0390625 0.034375
0 0.7484375 0.48984375 0.0375 0.0203125
0 0.12205999999999999 0 0.00294 0.19705999999999999 0 0.25146999999999997 0.1455875 0 0.12205999999999999 0
0 0.17353000000000002 0 0 0.2661775 0 0.289705 0.1941175 0 0.17353000000000002 0
0 0.0911775 0 0 0.1411775 0 0.1661775 0.10294 0 0.0911775 0
0 0.064705 0 0.00294 0.0794125 0 0.12794 0.0823525 0 0.064705 0
0 0.214705 0 0.10294 0.1544125 0 0.30441250000000003 0 0.34411749999999997 0.0691175 0.2338225 0.138235 0.136765 0.2426475 0 0.214705 0
0 0.2676475 0 0.09852999999999999 0.20588250000000002 0.039705000000000004 0.289705 0.025 0.32353 0 0.34706000000000004 0 0.37058749999999996 0.0308825 0.336765 0.054412499999999996 0.3 0.10441249999999999 0.22793999999999998 0.18823499999999999 0.12205999999999999 0.2926475 0 0.2676475 0
0 0.31323500000000004 0 0.1823525 0.1441175 0.07647000000000001 0.288235 0.07206 0.29706 0.045587499999999996 0.335295 0.00147 0.3823525 0 0.4058825 0.064705 0.335295 0.0705875 0.310295 0.1 0.2838225 0.1794125 0.17647 0.2823525 0.05294 0.3323525 0 0.31323500000000004 0
0 0.3544125 0 0.22206 0.14706 0.12353 0.2661775 0.08676500000000001 0.32206 0.00147 0.4161775 0 0.43382250000000006 0.063235 0.3691175 0.1573525 0.2573525 0.264705 0.12647 0.388235 0 0.3544125 0
0 0 0.4691175 0.1073525 0.3676475 0.1661775 0.289705 0.23676499999999998 0.2088225 0.32353 0.09852999999999999 0.41176500000000005 0.00294 0.389705 0 0.34706000000000004 0.047060000000000005 0.28088250000000003 0.11911750000000002 0.17794000000000001 0.2455875 0.09706000000000001 0.34706000000000004 0 0.44706 0 0.4691175
0 0.97734375 0.46015625 0.0453125 0.06171875
0 0.915625 0.54375 0.03359375 0.03984375
0 0.6515625 0.4984375 0.06484375 0.03515625
0 0.85390625 0.50625 0.03671875 0.03515625