0 0.4568088427184822 0.12474460588993333 0.05343926051544958 0.06737103847458736
0 0.5304146025565633 0.5123934280297846 0.043163501809022266 0.04985615626060227
0 0.5654667904799187 0.23185275616008577 0.041021147670579336 0.06849702885594056
0 0.6251649378118136 0.39203877721147806 0.027954581637205676 0.02749008293962456
0 0.6499735080290587 0.4563021738534335 0.034532130257724704 0.033958337748947895
0 0.4122632253510562 0.24293904518282736 0.04308161465389251 0.048293656260602266
0 0.48801349785229337 0.29097973029937013 0.02721095318850324 0.043060519237293704
0 0.0736939828125 1 0 0.9555917296875001 0 0.9773719109375 0.03866146875 1 0.0736939828125 1
0 0.13699128437500002 1 0.119047596875 0.98846699375 0 0.9061434343749999 0 0.9350607312499999 0.099318146875 1 0.13699128437500002 1
0 0.1929058453125 1 0.10075472968750002 0.933809390625 0 0.8553685578125 0 0.8811480218750001 0.15922575625 1 0.1929058453125 1
0 0.2506292328125 1 0.16159895625 0.940438771875 0.020241559375000003 0.8333359015624999 0 0.815882403125 0 0.8351109187500001 0.12551016718750002 0.9390570734375 0.21726297187500002 1 0.2506292328125 1
0 0.3043214359375 1 0.252393509375 0.960224940625 0.10268910312499999 0.8486508453124999 0 0.7570012546875 0 0.790398875 0.1272402453125 0.8948000234375 0.2635198828125 0.9972633734375 0.2681504578125 1 0.3043214359375 1
0 0.3633368125 1 0.2880254578125 0.9485443765625 0.19534655781250002 0.8748798343749999 0.06933679375 0.784965253125 0 0.7265714359375 0 0.752588471875 0.011190625 0.761835584375 0.09388525156250001 0.831117353125 0.2385119015625 0.9380519296875001 0.3241480859375 1 0.3633368125 1
0 0.44470166836279423 0.04214043701545934 0.07465916327441154 0.05563493030721937
0 0.5409724807781231 0.1018552321134687 0.049004066033373664 0.042261911069925696
0 0.5019764213034703 0.39791177657850585 0.04924308344622812 0.07658234736759484
0 0.5020494216421546 0.17250254881102442 0.044480340343633 0.045223219962933124