0 0.3916096358421822 0.07269769247454551 0.05703373920022683 0.07037268415851472
0 0.531312064420121 0.41918701364828975 0.043933538474587405 0.05245714206513981
0 0.5133333576192138 0.15093754258748499 0.0444791754978958 0.06808214206513993
0 0.5987674045313217 0.2884382716113848 0.030724210344286185 0.03141659997176518
0 0.6336260433687289 0.34512091111627596 0.033958337748947895 0.03472361049510884
0 0.3714285998146655 0.18973327403045917 0.046949411069925694 0.049514152588483594
0 0.45156253311710975 0.2202937583160308 0.031215283665263983 0.045479099971765094
0 0.26862215312500004 0.9863884437499999 0.1074215390625 0.9287814671874999 0.112217353125 0.9494596 0.226961053125 0.9888149265624999 0.26862215312500004 0.9863884437499999
0 0.09641837343750001 0.8813390609375 0.10283793125 0.9090183046875 0.25866490625 0.9712572796875 0.2953402421875 0.9848322921875001 0.341009228125 0.982172378125 0.2320509765625 0.9396403281250001 0.09641837343750001 0.8813390609375
0 0.3341730796875 0.9504502968749999 0.2049702859375 0.89214920625 0.08505663125 0.8323505750000001 0.09080893125 0.8571527968750001 0.31281732500000003 0.9622798375 0.3617002796875 0.9809672609375 0.4081242125 0.978263375 0.3341730796875 0.9504502968749999
0 0.2291283265625 0.8924023046875 0.40303549062500005 0.9633248921875 0.41319072500000004 0.9655381437500001 0.44188671093750004 0.9762969328125 0.47519139531250004 0.97435715625 0.454389953125 0.9630582796875 0.4271961125 0.9635773343749999 0.39287850468749996 0.94031751875 0.26320693125 0.886931896875 0.11124092187500001 0.81362878125 0.0761295984375 0.7938598406249999 0.080467009375 0.8125614828125001 0.2291283265625 0.8924023046875
0 0.435480859375 0.9438757499999999 0.4906960265625 0.9734541140624999 0.5172918421875 0.9719050843750001 0.4896350328125 0.9556924312499999 0.3519084859375 0.8883627000000001 0.1913058390625 0.812457359375 0.0630112921875 0.7372975765625001 0.07061031875 0.7700623390625 0.22270625625 0.8508505953125001 0.369069440625 0.9207825515625 0.435480859375 0.9438757499999999
0 0.1798669109375 0.7977724953124999 0.3348667359375 0.8703066765624999 0.45882140624999995 0.9267424203125 0.5347380125 0.9708889609375 0.5682185046875 0.9689389437499999 0.4776101375 0.910769565625 0.383184803125 0.8708096515625 0.282924553125 0.819541165625 0.148468478125 0.7593760359374999 0.056440573437499995 0.70896658125 0.062240932812500004 0.7339760109375 0.08976189531249999 0.748717259375 0.1798669109375 0.7977724953124999
0 0.3681696466419554 0.013354814631948075 0.07000496515360961 0.02670962926389615
0 0.4662177662420688 0.03469018728346083 0.04996528366526398 0.04657116311182732
0 0.4823710782151192 0.3179199162367734 0.05261905771188111 0.07791216837349921
0 0.4421651965492881 0.10811227673188226 0.04533234736759475 0.047860647326811764