0 0.553312028494131 0.10728107674249651 0.054919873360319824 0.06466248400699967
0 0.5072161199694178 0.4647754034054512 0.04308161465389269 0.047347714672181594
0 0.6173192175491401 0.22841173675204152 0.04554487336031983 0.06455339600572704
0 0.6224526956137298 0.3840350280871778 0.02959896879233561 0.02845226400381797
0 0.6261675158309747 0.4473980940881323 0.032887743102595124 0.031613626670908876
0 0.4813341299190405 0.19790552940004238 0.04464411465389251 0.04736589600572705
0 0.5336092808689802 0.25948846674090564 0.030254066033373484 0.040952264003817976
0 0 0.8793185546875 0.0379250765625 0.9185765203124999 0.0857444109375 0.9303149375 0 0.8449872828125 0 0.8793185546875
0 0 0.8218237265624999 0.10098468593750001 0.9340560343750001 0.1240622109375 0.9397209734375 0 0.7981450531250001 0 0.8218237265624999
0 0 0.7797199265625 0.027078246875 0.813076184375 0.13853379375 0.9432733750000001 0.176465309375 0.9525845875 0.094859065625 0.86522850625 0.0197598890625 0.77421970625 0 0.7485120765625 0 0.7797199265625
0 0 0.7229937921875 0.07589320625 0.829689534375 0.140993525 0.9074366703125 0.1697818984375 0.929943834375 0.1825084734375 0.9540680296874999 0.20463568125 0.959499690625 0.184290403125 0.92732863125 0.15510390000000002 0.8954574234375 0.0989798625 0.8291800453124999 0.019402343750000002 0.7216315703125 0 0.6931199671875 0 0.7229937921875
0 0 0.671051871875 0.039208875 0.73267023125 0.14981445468750001 0.8709984640625 0.15716551406249998 0.8774334921875001 0.18696092343749998 0.9125438171875 0.217738215625 0.9627160265624999 0.23897399218749998 0.9679288625 0.192290953125 0.8937786875 0.16962341718750001 0.882037721875 0.1520844140625 0.84684900625 0.06984565468750001 0.743277796875 0 0.6435422703125 0 0.671051871875
0 0 0.6117394828125 0.053140476562500004 0.6943969156249999 0.14148836250000002 0.819541275 0.1855729203125 0.868966421875 0.2505001078125 0.970758228125 0.266469121875 0.9746782109375 0.22476686250000003 0.9032941984375 0.14233761875 0.784235871875 0.045010320312500005 0.6476236078125 0 0.570626553125 0 0.6117394828125
0 0 0.562540928125 0.0423718015625 0.629989425 0.13663833125 0.76121981875 0.2127508015625 0.86482806875 0.27930575156250004 0.9778292734375 0.3011659953125 0.9831954015625 0.23563769531249998 0.8596390109375 0.176254521875 0.7832952843750001 0.117292203125 0.694704159375 0.0342447734375 0.5832142609375001 0 0.5283845375 0 0.562540928125
0 0.5650141683627943 0.033153233410223734 0.07309666327441153 0.05394316000954502
0 0.631437028494131 0.10819014341976874 0.04908595318850324 0.04273294000636332
0 0.5144288336733707 0.35698108473899665 0.05376680913596861 0.07245680267345422
0 0.5786528652197195 0.1607333407463145 0.04612472749876275 0.04582157733927246