0 1 0.21821019062499997 0.1524114328125 0.2592642875 0.043888903125 0.2710061390625 0.038072984375 0.31359448749999996 0.19720206093749998 0.30317073125 0.5769477375000001 0.2822567671875 1 0.2701498875 1 0.21821019062499997
0 1 0.139480578125 0.6056593390625 0.1698770125 0.34625385937500003 0.1903789359375 0.050220221875000005 0.22464366406249997 0.044343668749999995 0.267676028125 0.1749315078125 0.2509437296875 0.7557102203125 0.22593035 1 0.2001245671875 1 0.139480578125
0 1 0.12049055 0.8557014328125 0.08939055 0.2429409390625 0.1443988171875 0.056230428124999995 0.180632609375 0.05081651875 0.22027714999999998 0.214828390625 0.193671503125 0.5841878546875 0.1705190453125 1 0.135471896875 1 0.12049055
0 0.1671415171875 0.11225307343749999 0.06336398125 0.12839559218750002 0.05847783125 0.164175496875 0.1201540359375 0.16272741562499998 0.42669684375 0.1102273328125 0.76697315 0.0702673546875 0.62608190625 0.039901718749999995 0.40787175 0.0719171171875 0.1671415171875 0.11225307343749999
0 0.403178275 0.016428256250000002 0.16739104062500001 0.051705515625 0.06977074531250001 0.08148065 0.065967528125 0.109330540625 0.1592020125 0.0920980234375 0.46799184687500006 0.042717071875 0.5819405015625 0.0303881265625 0.5437443328125 0.022155884375 0.403178275 0.016428256250000002
0 0.13358243281249998 0.0054430671875 0.0784358515625 0.018028484375 0.07289044375 0.058635965624999994 0.30372339843749996 0.012375779687500001 0.13358243281249998 0.0054430671875
0 0.1376318390625 0.5827991578125 0.0212611859375 0.521786865625 0.0230197109375 0.5649441656249999 0.0822054765625 0.597201778125 0.291627553125 0.668685953125 0.510387253125 0.7500871453125 0.9831492703125001 0.8701257515625 0.98913919375 0.8262632109375 0.988552434375 0.8109864140624999 0.5338060718750001 0.715611884375 0.1376318390625 0.5827991578125
0 1 0.7371454421875 0.54099635 0.6433860296875 0.2086873609375 0.53224240625 0.0189435171875 0.4649072171875 0.0207556953125 0.509381265625 0.207588934375 0.5794328 0.45560978125 0.66187083125 0.6872024031249999 0.7275939578124999 0.9935956953125 0.79362948125 1 0.746732553125 1 0.7371454421875
0 1 0.501309275 0.667278221875 0.462450559375 0.37571535 0.4444036609375 0.193956615625 0.40523004374999994 0.027227989062500003 0.3930093640625 0.01859099375 0.4562556671875 0.0190374375 0.46721217812500004 0.6554443796875 0.6469737578125 1 0.7136004625 1 0.501309275
0 0.0255289125 0.6265244015625 0.1314403125 0.6868583562499999 0.4041784203125 0.803606828125 0.7176623156249999 0.8764402390624999 0.9723463484374999 0.949232525 0.981400709375 0.8829299687500001 0.28638460781249997 0.7070785749999999 0.0236709671875 0.58092714375 0.0255289125 0.6265244015625
0 0.9654134765625001 1 0.971939521875 0.952211596875 0.60910645 0.8688527421875 0.2300595015625 0.7476359031250001 0.06392992656249999 0.67230815625 0.026484734375000003 0.6499819234374999 0.027826784375000004 0.6829182078125 0.196953528125 0.774753653125 0.6194428234375 0.9106031015625 0.9533463109375001 1 0.9654134765625001 1
0 0.887287871875 1 0.5093389953125 0.8947774578125 0.3151467078125 0.8292105296875001 0.15021556875 0.7646804375 0.028636176562499997 0.7027820984375001 0.0301179875 0.7391483671875 0.189962934375 0.8259438187500001 0.393842375 0.8988682546875 0.7227187046875 1 0.887287871875 1
0 0.631896340625 1 0.5258672265625 0.9694804109374999 0.32388528125 0.9022346125 0.17902750781250001 0.8473005234375 0.0306426578125 0.75202468125 0.032493079687499996 0.7974373031249999 0.14507263125 0.8610611109375 0.3735194859375 0.9498198109375 0.5162990953125 1 0.631896340625 1
0 0.4461529546875 1 0.390447084375 0.9824513874999999 0.20734007187499998 0.914003934375 0.03395673125 0.8333578859375 0.0352019140625 0.8639168484375 0.10242935 0.8992975359375001 0.279644196875 0.9717447578125 0.41074358125000004 1 0.4461529546875 1
0 0.037468784375 0.919549815625 0.1410531625 0.9418748750000001 0.1167603953125 0.9313694874999999 0.03597725 0.8829449671875 0.037468784375 0.919549815625