0 0.3108651265625 0 0.28203259687500004 0.11117808437500001 0.10602446875 0.993485928125 0.15871686093749998 0.9904169453125 0.2415306203125 0.5294371 0.318601440625 0.155545015625 0.3522887609375 0 0.3108651265625 0
0 0.2659009203125 0 0.18537798125 0.301697715625 0.126610825 0.5570688390625 0.027500265625 0.991442296875 0.027924628125 0.9980347249999999 0.0851428484375 0.99470214375 0.1594843953125 0.705176696875 0.27049077499999996 0.133310296875 0.307725509375 0 0.2659009203125 0
0 0.026579981250000002 0.9771457828125 0.130436384375 0.5359252171875 0.20816651249999998 0.17227540937500002 0.26212832656249996 0.00013393437500000001 0.22264839531249997 0.005192025 0.15547129375 0.1996801203125 0.0142680859375 0.7858815765625 0.026579981250000002 0.9771457828125
0 0 0.5642281812500001 0.008726725000000001 0.6997970765625 0.0944962484375 0.3804651796875 0.19177957031249998 0.0788524390625 0.2042216046875 0.00755283125 0.16972034062500002 0.011973065625 0.135093965625 0.1248402015625 0.059575671875 0.3617039484375 0 0.56166456875 0 0.5642281812500001
0 0 0.5051316078125 0.0218836375 0.42074841406249996 0.11643004531250001 0.1169046359375 0.1508913421875 0.014385400000000001 0.12428686250000001 0.017793915625 0.0754414765625 0.12473769999999999 0 0.3755068625 0 0.5051316078125
0 0 0.3055236421875 0.1001241375 0.020889595312500002 0.05963420312499999 0.026077087500000002 0 0.183148734375 0 0.3055236421875
0 0 0.11313576875 0.0263759359375 0.030338071875 0 0.0337173078125 0 0.11313576875
0 0.5661502828125 0 0.6027845203125 0.0984825296875 0.6746302515625 0.48943934218749996 0.7009028640625 0.9378686390625001 0.74576585 0.9398659437499999 0.7604585546875 0.9379835421875 0.7120577734375 0.46657238906250004 0.6644455312499999 0.2506472609375 0.62520885625 0.043975820312500004 0.6079439203125 0 0.5661502828125 0
0 0.508242021875 0 0.54243818125 0.1681744828125 0.6024469796874999 0.496105634375 0.6268353906249999 0.9551030828125 0.6833927328125 0.9478570656249999 0.6636135109375 0.6405886546875 0.6333465703125001 0.41211452968750006 0.58906540625 0.16736406875 0.5516878140625 0 0.508242021875 0
0 0.43145525625000003 0 0.41957215468750003 0.1529355921875 0.43111003437499995 0.33217549687500003 0.4055155015625 0.6194402343750001 0.3932847859375 0.9767549203125 0.511642559375 0.9698613640625 0.60371435 0.9580653046875 0.5889578359375001 0.6088463953125001 0.50910551875 0 0.43145525625000003 0
0 0.6224081484374999 0 0.703026840625 0.24570429843750002 0.7733212265625 0.9363356015625 0.8401135453125 0.9277782984374999 0.8056379359375001 0.671444821875 0.7805497140625001 0.36227490156250003 0.7061624937500001 0.09298300781249999 0.6673796125 0 0.6224081484374999 0
0 0.6901648359375 0 0.7018769953125 0.026408185937500002 0.7513368765624999 0.19046285000000002 0.814312559375 0.5644842625 0.8428261734375001 0.9274307625 0.894172471875 0.9208523734374999 0.85388283125 0.57490471875 0.7829609171875 0.158012678125 0.7212432375 0 0.6901648359375 0
0 0.7400494265625001 0 0.779994034375 0.11192241562500001 0.8190007390625 0.2747346328125 0.854676365625 0.46637218281250004 0.9121504406250001 0.9185490734374999 0.9584307046875 0.912619734375 0.9288336156250001 0.6918048515625 0.875881771875 0.3526428296875 0.8344026640625 0.1514220625 0.7752591921875001 0 0.7400494265625001 0
0 0.7882111734375 0 0.85705696875 0.1407745734375 0.8896008859375 0.283761290625 0.925770990625 0.4830805515625 0.955213796875 0.6987518265625 0.9740386000000001 0.9106200812499999 0.9943956296875 0.9050660078125 0.9951717609375 0.7716603453124999 0.9673191843750001 0.5242278515625001 0.9290714703124999 0.3329198328125 0.8756557453125 0.10741148593750001 0.8313372749999999 0 0.7882111734375 0
0 0.8655896437499999 0 0.918522553125 0.169043346875 0.9586830453124999 0.349779553125 0.9962890249999999 0.579619125 0.9971926671875 0.424296246875 0.9922976875 0.34825318906249997 0.9196457421875 0.0656319484375 0.89510156875 0 0.8655896437499999 0
0 0.9133884406250001 0 0.9490924906249999 0.0799311015625 0.9827456546875 0.199863228125 0.972034853125 0.0334718953125 0.9606704203125 0 0.9133884406250001 0