0 0.59455441875 0 0.6482704125 0.16067233281249998 0.7653155375 0.5232276875 0.8977910671875 0.973952178125 0.9521758890625 0.9707875203125 0.6802507796875 0.1090386359375 0.63861594375 0 0.59455441875 0
0 0.6419526249999999 0 0.6941825046875 0.129184896875 0.8663061140625 0.685006625 0.9741221671875 0.9695104640625001 0.9886608718750001 0.9686644546875 0.9901970312499999 0.8366472671875 0.8835598093750001 0.5294451328124999 0.7974691328125 0.282971371875 0.6870189703125 0 0.6419526249999999 0
0 0.6913972234375 0 0.760856728125 0.15674053906250002 0.8774755078125 0.5088422296874999 0.99031408125 0.8265880250000001 0.992245715625 0.66058376875 0.8166413765625 0.17445137187499998 0.73291603125 0 0.6913972234375 0
0 0.7502390125 0 0.7673762765625 0.05943527656249999 0.897025253125 0.345288271875 0.993065303125 0.590148503125 0.9943343234375 0.4810891984375 0.9938722906249999 0.46976045624999996 0.9300714765625001 0.319788740625 0.8291386421875 0.09513559687499999 0.7877063859375 0 0.7502390125 0
0 0.8077885234375 0 0.8470229515625001 0.08361643125 0.9741627046874999 0.3722350578125 0.9917760984375 0.41836326718750005 0.9875031859375 0.3135943078125 0.888982459375 0.08379442031249999 0.837704615625 0 0.8077885234375 0
0 0.8611231609375001 0 0.9850882796875 0.2543824640625 0.9807259109375 0.1474201671875 0.9040782843749999 0 0.8611231609375001 0
0 0.9374599390625 0 0.9784356593749999 0.091264703125 0.974713503125 0 0.9374599390625 0
0 0.28791432031249997 0.9982572671875 0.3466624140625 0.99791548125 0.32649936875 0.5644801671875 0.35706307812500004 0.1566607734375 0.3952290890625 0.002502009375 0.355647671875 0.0048052578125 0.3287732796875 0.1059145875 0.31135525625 0.3217368703125 0.2865161515625 0.5484694640625001 0.28791432031249997 0.9982572671875
0 0.4382262234375 0 0.4029960265625 0.0020500500000000003 0.378144965625 0.22354409999999997 0.359709925 0.47871984375 0.3536078171875 0.7148406015625001 0.36514840312499997 0.9978079328125 0.4224818078125 0.9974743765625 0.3996353953125 0.557604753125 0.42501633125 0.2155774125 0.44515921875000003 0 0.4382262234375 0
0 0.44157439531250003 0 0.42514505625 0.6687639437499999 0.44577367343749996 0.99733886875 0.5014569078125 0.9970149125000001 0.6584461625 0.9878796890625001 0.61033446875 0.6448896562499999 0.554141278125 0.36000149531250003 0.546680259375 0.17706234999999998 0.513868140625 0 0.44157439531250003 0
0 0.27480008749999996 0.9983335640625001 0.272118140625 0.32402008437499996 0.33841995625 0.0058077390625 0.299436871875 0.0080761703125 0.2527505296875 0.170589590625 0.2067140484375 0.45618726875000004 0.2143793390625 0.772715078125 0.208097490625 0.998721628125 0.27480008749999996 0.9983335640625001
0 0.1524680390625 0.9990452703124999 0.2032072390625 0.998750078125 0.1943144671875 0.66647829375 0.2177768546875 0.27740945781250004 0.24997929531250002 0.1026407640625 0.27894637968749997 0.0092685140625 0.2458173125 0.0111962984375 0.182598909375 0.2506406609375 0.1557168703125 0.684442003125 0.1524680390625 0.9990452703124999
0 0.09292858281250001 0.8164569734375 0.0879242625 0.9994207749999999 0.13463666406250002 0.9991490109375001 0.143392834375 0.575135159375 0.15883456875 0.3751455875 0.1806803625 0.20359916562499997 0.22545476718750002 0.012381198437500001 0.193501159375 0.0142405828125 0.1302827578125 0.25368494375 0.1100357515625 0.4644326109375 0.09292858281250001 0.8164569734375
0 0.0545708609375 0.4545620265625 0.0365133203125 0.6547038125 0.0342573796875 0.999733 0.0700442265625 0.9995247984375 0.06719685 0.8284327812500001 0.0738318875 0.6053791046875 0.08895386093749999 0.39754928437500003 0.10642072968750001 0.24721462343749998 0.18768844375 0.014578825 0.1408189765625 0.017306165625 0.0842152359375 0.2170713390625 0.0545708609375 0.4545620265625
0 0 0.6594825515625 0.0115098875 0.9416971953125 0.01301989375 0.7215613624999999 0.026649665625000003 0.4771437140625 0.0477493578125 0.287303378125 0.0911122875 0.0647321203125 0.113387553125 0.018902403125 0.0760674140625 0.021074065625 0.03563849375 0.183223365625 0 0.431493321875 0 0.6594825515625
0 0 0.2492616484375 0.0076107140625 0.20319163750000002 0.06439783593750001 0.0217531203125 0.0093220078125 0.024957990625000002 0 0.067599453125 0 0.2492616484375