0 0.2344562515625 0.5392949890625001 0.3005318125 0.143643715625 0.32397945781250004 0.0116270296875 0.27701334375000003 0.0160159765625 0.259550775 0.09499070312499999 0.1146041109375 0.999434803125 0.17001509374999998 0.99911243125 0.2344562515625 0.5392949890625001
0 0.059289478124999996 0.9997566140625 0.0941570296875 0.9995537609375 0.154463390625 0.7235539453125 0.2481853578125 0.11815075312500001 0.2727528125 0.01641411875 0.227248571875 0.020666453125 0.16459824843749998 0.29445885625 0.1129244375 0.5644632640625 0.049015328125 0.9019049359375 0.059289478124999996 0.9997566140625
0 0.047722884375 0.8895956109375 0.1160919984375 0.542069296875 0.1833163953125 0.15735964687499998 0.22093310625 0.0212566296875 0.17746158437499998 0.0253190078125 0.128229071875 0.184605475 0.026496523437500002 0.6874343515625 0.047722884375 0.8895956109375
0 0.0078495234375 0.44969890156250003 0.009108584375000001 0.5218304765624999 0.017871790625 0.6052918234375 0.0709587953125 0.3750277609375 0.1617591546875 0.057171084375 0.16591145000000002 0.026398359375000003 0.12307579531249999 0.030401315625 0.10321706093750001 0.10407547343750001 0.0328498546875 0.353728803125 0.0078495234375 0.44969890156250003
0 0.10167028125 0.0324016453125 0.06753112812499999 0.035591921875 0.039505190625 0.1017425609375 0.00412021875 0.2360472078125 0.006524418749999999 0.373783675 0.0829398875 0.0949213796875 0.10167028125 0.0324016453125
0 0.003082840625 0.17661585468750002 0.046984407812500004 0.037511995312500004 0.002619734375 0.041657840625 0.0008184734375000001 0.0468903515625 0.003082840625 0.17661585468750002
0 0.5634278765625 0 0.6015548640625 0.09341539062500001 0.6952595359375 0.512806759375 0.741430665625 0.978073778125 0.8032772687499999 0.9722942640625 0.73423835625 0.48982850468750005 0.674014259375 0.2579033171875 0.623136859375 0.036153665625 0.6076548265625 0 0.5634278765625 0
0 0.4999701765625 0 0.540132421875 0.1654491515625 0.618458990625 0.5172214640624999 0.662379896875 0.985461009375 0.722224259375 0.9798686015625 0.69005675625 0.6735031734375 0.6478121531250001 0.4288488359375 0.5898939875 0.1663234640625 0.5462413875000001 0 0.4999701765625 0
0 0.4484003109375 0 0.4135141796875 0.00326008125 0.40825279999999997 0.14462625625 0.428357490625 0.3361046484375 0.413496046875 0.641340403125 0.41579328593750003 0.9976825359375001 0.539285534375 0.9969640796875 0.6380516078125 0.98773446875 0.6089480609375 0.6368867953125 0.49981040156249995 0 0.4484003109375 0
0 0.622190275 0 0.7150035484374999 0.2540729 0.8169617562499999 0.971015459375 0.887226234375 0.9644492984375 0.8430751796875 0.71168638125 0.8028575484375 0.381213025 0.7117212625 0.0914071640625 0.6703999125 0 0.622190275 0
0 0.6945628234375001 0 0.7042538046875 0.0202866171875 0.7641989453125 0.196992971875 0.8476952890625 0.598002584375 0.8913026828125 0.9640683578125 0.9450424265624999 0.959046421875 0.8904078375 0.610584603125 0.7965636859375 0.16358381718749998 0.726833165625 0 0.6945628234375001 0
0 0.7464074234375 0 0.7913939078125 0.1143465140625 0.8401213593750001 0.28933890624999997 0.8865428812499999 0.494931484375 0.963916028125 0.9572827 1 0.95391068125 1 0.8784404234375 0.97552921875 0.7379800890625 0.9042516671874999 0.3745000703125 0.85121606875 0.15847659375 0.78366259375 0 0.7464074234375 0
0 0.7977328609375001 0 0.8749480140625 0.1479721296875 0.915912546875 0.3015919984375 0.963195696875 0.5153907921875 1 0.7237039484375 1 0.5217189484375 0.9602006234375 0.3554604609375 0.8933624484375 0.11310437031250001 0.8427265921875 0 0.7977328609375001 0
0 0.8785649984375 0 0.9418191921875 0.1803945015625 0.9925571109375 0.37453473437499996 1 0.41110707812499997 1 0.3928592671875 0.98131999375 0.2149496546875 0.9385286562499999 0.0702121953125 0.9097364140625 0 0.8785649984375 0