0 0 0.3975 0.1825 0.34500000000000003 0.5349999999999999 0.2475 0.9974999999999999 0.1325 0.9974999999999999 0.08 0.135 0.3125 0 0.35750000000000004 0 0.3975
0 0 0.355 0.155 0.3 0.6950000000000001 0.1575 0.9974999999999999 0.057499999999999996 0.9974999999999999 0 0.5475 0.135 0.3075 0.20750000000000002 0 0.3125 0 0.355
0 0.795 0 0.205 0.185 0 0.2725 0 0.31 0.185 0.2375 0.5275000000000001 0.13999999999999999 0.9824999999999999 0 0.795 0
0 0.5700000000000001 0 0.35 0.08249999999999999 0.13 0.16999999999999998 0 0.22000000000000003 0 0.25 0.0925 0.22749999999999998 0.3725 0.11499999999999999 0.7075 0 0.5700000000000001 0
0 0.42000000000000004 0 0.12250000000000001 0.1125 0 0.18 0 0.20249999999999999 0.12 0.1525 0.4025 0.042499999999999996 0.53 0 0.42000000000000004 0
0 0.2475 0 0 0.11499999999999999 0.0025 0.1525 0.34249999999999997 0.005 0.2475 0
0 0.0025 0.08 0.1975 0.0025 0 0 0.0025 0.08
0 0 0.6125 0.1125 0.6475 0.3175 0.6725 0.5325 0.705 0.9974999999999999 0.7224999999999999 0.9875 0.665 0.55 0.6675 0.1625 0.6224999999999999 0 0.575 0 0.6125
0 0 0.5700000000000001 0.22749999999999998 0.605 0.47000000000000003 0.6325000000000001 0.6950000000000001 0.6475 0.9949999999999999 0.6475 0.9974999999999999 0.5925 0.5475 0.5974999999999999 0.2225 0.5599999999999999 0 0.53 0 0.5700000000000001
0 0 0.47000000000000003 0.005 0.5349999999999999 0.655 0.5775 0.9974999999999999 0.5700000000000001 0.9974999999999999 0.365 0.6425 0.4 0.3675 0.4425 0.1925 0.4425 0 0.47000000000000003
0 0.16999999999999998 0.7224999999999999 0.44000000000000006 0.7775000000000001 0.7424999999999999 0.7825 0.9974999999999999 0.8 0.9974999999999999 0.735 0.3175 0.71 0 0.63 0.005 0.6675 0.16999999999999998 0.7224999999999999
0 0 0.7175 0.2425 0.7925 0.655 0.835 0.9974999999999999 0.8525 0.9974999999999999 0.8025 0.64 0.7975 0.27 0.76 0.10500000000000001 0.7224999999999999 0 0.6849999999999999 0 0.7175
0 0 0.7675 0.2425 0.8425 0.4425 0.8699999999999999 0.7775000000000001 0.9 0.9974999999999999 0.915 0.9974999999999999 0.8699999999999999 0.55 0.8425 0.36 0.82 0.1975 0.7925 0 0.7375 0 0.7675
0 0.62 0.9475 0.99 0.9650000000000001 0.9949999999999999 0.93 0.7875 0.925 0.575 0.9099999999999999 0.3775 0.8875 0.23500000000000001 0.865 0.0025 0.7725 0 0.8175000000000001 0.205 0.885 0.43 0.9225 0.62 0.9475
0 0 0.8800000000000001 0.16999999999999998 0.93 0.52 0.9949999999999999 0.9949999999999999 0.9974999999999999 0.9974999999999999 0.9875 0.6825 0.9724999999999999 0.45 0.95 0.27 0.9225 0.06 0.8724999999999999 0 0.8400000000000001 0 0.8800000000000001
0 0.1875 0.9574999999999999 0 0.89 0.0025 0.945 0.20249999999999999 0.9974999999999999 0.38 0.9974999999999999 0.1875 0.9574999999999999