0 0.8657375593750001 1 0.7634861875000001 0.1737023578125 0.7400766062499999 0.04552064375 0.6989089749999999 0.0371249640625 0.72384570625 0.21446696406250002 0.7723740671875 0.5868735828125 0.81538524375 1 0.8657375593750001 1
0 0.94181060625 1 0.884431203125 0.6225813421875 0.8452010203125001 0.36776559999999997 0.7857338984375 0.054831937500000004 0.742932675 0.04610310625 0.773290328125 0.196269734375 0.8406885374999999 0.7653490125 0.8829525531250001 1 0.94181060625 1
0 0.9660862890624999 1 0.9830446687500001 0.8808218609375 0.8825443156249999 0.269970696875 0.8275041562500001 0.0633505140625 0.7890289609375001 0.055503929687499995 0.8322656015625001 0.23914898125 0.8822160468750001 0.6015616546875 0.9456184078125001 1 0.9660862890624999 1
0 1 0.5919854859375 0.9656402125 0.4360346828125 0.9083878999999999 0.1981114609375 0.879986309375 0.074053665625 0.8474846375 0.06742531093750001 0.8555385093749999 0.1487685453125 0.929554934375 0.4518144171875 0.995291540625 0.7947547046875 1 0.7616651390625 1 0.5919854859375
0 1 0.34751045625 0.9676366609375 0.202481609375 0.9229865734375 0.0828230875 0.8981804109375 0.0777641484375 0.92751760625 0.1917287859375 0.998648853125 0.496757246875 1 0.5041555984375 1 0.34751045625
0 1 0.1378938234375 0.9874467765625001 0.095969025 0.947936609375 0.08791136875 1 0.27894898281249997 1 0.1378938234375
0 0.4458975140625 0.137214603125 0.5071420578125 0.0059011328124999995 0.465179875 0.0054128578125 0.42771131718750005 0.0820859 0.37326201718749996 0.28180287656249997 0.30980165 0.48996611406249996 0.22641790468749998 0.9485943593749999 0.2408682546875 0.9515413468749999 0.285571465625 0.9529450921875 0.34525791875 0.5151939640625 0.4458975140625 0.137214603125
0 0.5584242171875 0.00847466875 0.5481445218750001 0.006378239062500001 0.5158629109375 0.0060026078125 0.454361603125 0.2057865375 0.39204983125 0.4424649234375 0.34487500781249997 0.6642333828125 0.3022125296875 0.964051825 0.3578369609375 0.9753958078125 0.41644394218749997 0.5271405671875 0.500606540625 0.21007569375 0.5584242171875 0.00847466875
0 0.58874293125 1 0.6027773671875 0.6628388640625 0.598880403125 0.3792350578125 0.6237668484375 0.20434096406250002 0.6233508265625 0.021715724999999998 0.5547497609375001 0.007725303125000001 0.4213938421875 0.6387026796875 0.3805766203125 0.98003330625 0.4784819265625 1 0.58874293125 1
0 0.405144759375 0.0047142859375 0.3436445171875 0.1240742203125 0.2495957484375 0.38256110625 0.20151842812499998 0.6838462468750001 0.1480768203125 0.9326175703124999 0.21376740156250001 0.9460144312500001 0.3353171046875 0.2740644359375 0.4480242234375 0.0052132343749999996 0.405144759375 0.0047142859375
0 0.38262440937500003 0.0044522375 0.3491120734375 0.0040622875 0.26250391562500003 0.18208525625 0.1608387734375 0.5855653843749999 0.0949095921875 0.9217747078125 0.14540893593749998 0.9320734843749999 0.2009168109375 0.5783129015624999 0.29147877968749997 0.2162752609375 0.3528880546875 0.059113557812499995 0.38262440937500003 0.0044522375
0 0.217968175 0.2938392875 0.2689032859375 0.1371124875 0.3288995015625 0.0038270921875 0.2938122359375 0.0034188156249999996 0.21191069687500003 0.171767334375 0.1556427765625 0.3659714375 0.077647078125 0.69457795 0.044504685937499996 0.8492000015625001 0.047804709375 0.9121681921875 0.0772281671875 0.918168778125 0.16818165624999998 0.4790812375 0.217968175 0.2938392875
0 0.1471786859375 0.29739950312499996 0.1902103125 0.15962880625 0.2830571234375 0.0032936671874999996 0.23689399843749998 0.0027565109375 0.174239271875 0.12551979375 0.10429750156249999 0.34264518593750004 0.051981323437500004 0.5273712421875 0.0328569328125 0.6269476390625 0.0400559609375 0.7643132765625 0.0509283859375 0.6994129375 0.0963256078125 0.49013691562500006 0.1471786859375 0.29739950312499996
0 0.1708221890625 0.001987696875 0.133682665625 0.0812548453125 0.035914604687500004 0.36587975 0.0236807421875 0.45185547656249997 0.028379375000000002 0.541510721875 0.07362706718749999 0.3569582265625 0.12705082343750002 0.182742015625 0.1997917765625 0.0023247875 0.1708221890625 0.001987696875
0 0.10336775312499999 0.09306939843749999 0.1533447515625 0.0017843281249999999 0.103303246875 0.0012020421874999999 0.08018017968749999 0.054795234375 0.056721107812500005 0.21965819999999997 0.10336775312499999 0.09306939843749999