0 1 0.3707892578125 0.9392462109374999 0.347496490625 0.01560764375 0.053367425 0.013939678124999999 0.11065673125 0.5019418078125 0.255688365625 0.8860308515625 0.380745834375 1 0.4191378171875 1 0.3707892578125
0 1 0.320111071875 0.75311874375 0.223409065625 0.4918068203125 0.1315483796875 0.119297440625 0.0013881515625 0.0171556125 0.00019962343750000002 0.0162975328125 0.029671946875 0.329065596875 0.14870685156250002 0.9176766375 0.33275156875 1 0.3661217578125 1 0.320111071875
0 1 0.26793885781250004 0.8664295015624999 0.20394973749999998 0.3150316609375 0.0036657250000000003 0.1314463125 0.001529515625 0.5136161078125 0.13805990937499998 0.8867206031249999 0.262606075 1 0.3128177125 1 0.26793885781250004
0 1 0.2134160953125 0.9492930375 0.19131771875 0.7104296375 0.0840128546875 0.529351446875 0.00687956875 0.5087275421874999 0.00591958125 0.395153025 0.004598021875 0.6846756468749999 0.1185404515625 0.9886472906250001 0.25635776250000003 1 0.2596694265625 1 0.2134160953125
0 1 0.15323991406249998 0.95936925 0.128578534375 0.6936314671875 0.014526371875 0.5806126703125 0.0092656453125 0.6540392296875 0.037417103125000004 0.9608369171875 0.172617775 1 0.19097123437500002 1 0.15323991406249998
0 1 0.0889803 0.8723001796875 0.0228429296875 0.758646128125 0.0175526328125 1 0.13490959687499998 1 0.0889803
0 0.004023199999999999 0.6915294703125 0.0043850015625 0.7537177859375 0.49006543281250003 0.7580530234375 0.7272719734375 0.733367984375 0.9532542515625 0.7164050359374999 0.9975901890625 0.7047889125 0.998832328125 0.66212540625 0.8991305562499999 0.6864038921875 0.472041040625 0.7159912921875 0.004023199999999999 0.6915294703125
0 1 0.60024745 0.8352208781250001 0.6147244921875 0.477024503125 0.6392741359375 0.0035603328125 0.6119692921875 0.0039108359375 0.6722156 0.31340433125 0.6866217078125 0.5610360859375 0.6816592171875 0.8282903234375001 0.663869184375 0.9993129828124999 0.6456164015625 1 0.6220195515625 1 0.60024745
0 1 0.5116156937499999 0.87193003125 0.48726861093749996 0.679700440625 0.47832082812500004 0.3789837453125 0.41760415 0.006580509375 0.36342088437500003 0.0028581390625 0.49127247812499997 0.0034175890624999995 0.5874335609375 0.359579846875 0.6118219359375 1 0.5998065578125 1 0.5116156937499999
0 0.004874978125 0.8379374640625 0.2569128890625 0.8323940546875 0.589355275 0.8423720078124999 0.8876959671875 0.79579895625 0.9958340671875 0.7651061234375 0.9971679046874999 0.7192930328125 0.72607340625 0.7745349375 0.0044649921875 0.767467084375 0.004874978125 0.8379374640625
0 0.00490005 0.8422469984375001 0.0052131406249999995 0.8960626484375 0.35134968906249997 0.8945016812500001 0.80582066875 0.8689369984375 0.9942384499999999 0.8199105125000001 0.9951662953125 0.7880419984375 0.959095528125 0.79912241875 0.776651921875 0.8318528921875 0.3690250796875 0.8541016812500001 0.00490005 0.8422469984375001
0 0.46644773125 0.9081037390625 0.0053230078125 0.9149473671875 0.005608971875 0.9641004765625001 0.2147114625 0.9595942859375001 0.583652675 0.943789334375 0.80422258125 0.9238262687500001 0.9926403625000001 0.8747997859375 0.9936705796874999 0.8394150781249999 0.8552511359375 0.8712378562499999 0.6758732828125 0.8931183031250001 0.46644773125 0.9081037390625
0 0.6129711125 1 0.8440562609375 0.97239953125 0.9909959531249999 0.93128004375 0.992307103125 0.8862461546875 0.8117418531249999 0.9489099187500001 0.654492903125 0.9663240406250001 0.43682894218749996 0.9809260015625 0.2029278703125 0.9865276203125 0.0057136921875 0.9821001781250001 0.005718021875 0.9828443874999999 0.3742804859375 1 0.6129711125 1