0 0.44453125 0.14453125 0.03515625 0.03515625
0 0.615625 0.10234375 0.01796875 0.03203125
0 0.165625 0.21171875 0.028125 0.0296875
0 0.228125 0.2296875 0.03671875 0.0296875
0 0.48671875 0.30859375 0.0296875 0.03984375
0 0.6265625 0.1890625 0.03359375 0.03203125
0 0.821875 0.2796875 0.0296875 0.0296875
0 0.55 0.05500000000000001 0.5416675 0.038332500000000005 0.5166675 0.0233325 0.4866675 0.0366675 0.4816675 0.06999999999999999 0.4816675 0.10333250000000001 0.49833249999999996 0.12 0.5083325000000001 0.1 0.49833249999999996 0.0566675 0.5133325 0.0416675 0.5283325 0.0666675 0.55 0.05500000000000001
0 0.58203125 0.06796875 0.03671875 0.03984375
0 0.69453125 0.18828125 0.0515625 0.05
0 0.859375 0.3515625 0.025 0.0234375
0 0.4671875 0.565625 0.04140625 0.08828125
0 0.25546875 0.48671875 0.025 0.0296875
0 0.3015625 0.178125 0.0296875 0.04296875
0 0.2078125 0.48515625 0.028125 0.03671875
0 0.646875 0.1140625 0.0265625 0.028125
0 0.6046875 0.1390625 0.0234375 0.03515625
0 0.85 0.2 0.03671875 0.046875
0 0.7671875 0.3140625 0.04140625 0.028125
0 0.78203125 0.0296875 0.0296875 0.03984375
0 0.8640625 0.24765625 0.03828125 0.04140625
0 0.17890625 0.06328125 0.03515625 0.0265625
0 0.72578125 0.48984375 0.03515625 0.03984375
0 0.784375 0.175 0.04140625 0.053125
0 0.41484375 0.58515625 0.03359375 0.03359375
0 0.2890625 0.1234375 0.025 0.0296875
0 0.84609375 0.453125 0.06171875 0.05
0 0.48515625 0.2703125 0.0203125 0.03359375
0 0.259375 0.2828125 0.03515625 0.03828125
0 0.36640625 0.2703125 0.0234375 0.03359375
0 0.63984375 0.55 0.0265625 0.04296875