0 0.3731207845319033 0.1609375 0.042517139784752266 0.040625
0 0.5497881383370102 0.09609375 0.023548815963434677 0.0359375
0 0.08424668320799575 0.265625 0.03604881596343472 0.0359375
0 0.15436013006484262 0.278125 0.045496590570540583 0.0375
0 0.4452248786171006 0.33359375 0.03968323821317572 0.046875
0 0.5767744774598087 0.1890625 0.04080909057054054 0.0375
0 0.8013977959044428 0.26484375 0.03761131596343468 0.0359375
0 0.4006540671875 0.0397606171875 0.4007409234375 0.0763612078125 0.40620633437500003 0.112393709375 0.4268659546875 0.12851786874999999 0.4343437296875 0.1057616484375 0.416481553125 0.0600553046875 0.43015771249999996 0.042136006250000003 0.4503925234375 0.0674567890625 0.4717873984375 0.05238238125 0.4600911328125 0.0353115015625 0.4307388828125 0.0219369171875 0.4006540671875 0.0397606171875
0 0.5084161215877872 0.06328125 0.047568512820281586 0.0484375
0 0.6482492171207266 0.18046875 0.06377570967712849 0.0609375
0 0.8532557024384182 0.33828125 0.032559942927905185 0.028125
0 0.46688167059260194 0.6140625 0.05941784946188076 0.1015625
0 0.22650707361192063 0.55234375 0.032923815963434674 0.0359375
0 0.22481387117350246 0.2140625 0.03982878742738745 0.05
0 0.17356401012968523 0.55625 0.037975188998963995 0.04375
0 0.5853446486760925 0.1046875 0.03285104135632899 0.034375
0 0.5446490281217625 0.13671875 0.03001713978475227 0.040625
0 0.8183070059958559 0.175 0.04785961124870504 0.0546875
0 0.7479303475998539 0.3078125 0.050111315963434676 0.0359375
0 0.716134422249741 0.0109375 0.038518844499482084 0.021875
0 0.8417295434232436 0.225 0.04764128742738762 0.05
0 0.07437076137253952 0.10390625 0.042080492142117155 0.03125
0 0.7319907861845332 0.50234375 0.04437073821317572 0.046875
0 0.7439598234070328 0.15546875 0.054473484284234173 0.0625
0 0.41343133891340156 0.640625 0.0408818651776464 0.0390625
0 0.2025535734070328 0.15546875 0.032923815963434674 0.0359375
0 0.855297699542934 0.44921875 0.0747132096771285 0.0609375
0 0.43704635152879534 0.2921875 0.02674659057054072 0.0375
0 0.1959333540099947 0.33203125 0.044225188998963993 0.04375
0 0.3103211856891951 0.30546875 0.029944365177646405 0.0390625
0 0.6495464673256144 0.57734375 0.035141287427387445 0.05