0 0.5109806155976908 0.052409037325813125 0.04180706677218975 0.04299113680346807
0 0.6984207796251711 0.015571220063029129 0.022920674452321776 0.031142440126058258
0 0.20761157468974853 0.1154675633518237 0.035375210345698974 0.03637711575678067
0 0.2740094645023341 0.13820784236160605 0.043187710345698974 0.03683214206513994
0 0.5466550058059878 0.22954068472321207 0.03573892319868044 0.048877115756780665
0 0.704273626022532 0.10610464277101161 0.04015363855894431 0.03977513154179624
0 0.9076379699126104 0.21008096927701492 0.03537521034569906 0.03637711575678067
0 0.55445548125 0 0.5539217625 0.009186890625 0.5707758578125001 0.027653775000000002 0.5827658546875 0.0064343343750000006 0.5816659390625001 0 0.55445548125 0
0 0.7770890003957114 0.10734164810327065 0.06261967194503928 0.0613617052052021
0 0.9443543714036785 0.28854760352023423 0.028897889812585474 0.028200594710093264
0 0.5101254385715797 0.5071343346808599 0.05442673871722885 0.10144067363517095
0 0.28754809342786 0.4152330739457545 0.030642246239076344 0.03454159997176518
0 0.355412577197031 0.08494706349299803 0.03739235141192578 0.05209312101845254
0 0.23580373700136925 0.4119862475809256 0.03560253087881238 0.04418961575678075
0 0.7301026886380866 0.025560298060918328 0.03220474623907634 0.03463260523343699
0 0.6839096502374268 0.051727955911073806 0.029261602665566856 0.04070059471009328
0 0.943486890208297 0.12425759036605463 0.045295779625171305 0.055673147326811764
0 0.8476324840983753 0.24566142448221706 0.04787521034569906 0.03710515785015547
0 0.9559701698334682 0.17674555353435167 0.04511392319868044 0.049423147326811766
0 0.7920597486798517 0.43358562968741915 0.04198892319868044 0.04924113680346807
0 0.873804876022532 0.09623057187961599 0.05016513605166182 0.06219616311182734
0 0.45196359758449506 0.5253907819935542 0.04019910266556703 0.04133763154179633
0 0.34582697703874643 0.024464589801357278 0.030642246239076344 0.03454159997176513
0 0.9232499127073321 0.3969894350761479 0.07204013605166182 0.06347023677523315
0 0.547035439033798 0.18882467946154022 0.026091138558944314 0.03895608418674956
0 0.3038393685006846 0.19516349765151278 0.041897994985435005 0.046116136803468065
0 0.42015469028743924 0.18525860565696 0.029216138558944317 0.03913809471009326
0 0.6960174744649569 0.4947422085419097 0.03422188730530316 0.05034861049510884