0 0.09364911269848189 0.5377226319268694 0.048785009885831745 0.04905823821317572
0 0.0994229047132668 0.7368322200162106 0.04020850593149907 0.029944365177646405
0 0.08365871148243724 0.21599318114108118 0.042153007908665385 0.03939213978475227
0 0.1222065583264073 0.28172949710451584 0.04409750988583174 0.04883991439185813
0 0.2844969471851623 0.5520698839937841 0.05334517589344294 0.04615156203449331
0 0.19663348573990608 0.7304431329603267 0.04559634288963736 0.047350188998963996
0 0.352870192773719 0.9287629706353833 0.04228034190105419 0.04251713978475209
0 0.0387051828125 0.6165471265625 0.0646504390625 0.6177532218749999 0.08336678125 0.6026522625 0.060335332812499996 0.5875741578125 0.0323200140625 0.5927862 0.0387051828125 0.6165471265625
0 0.06758531429508738 0.7018193651776464 0.022095175893442964 0.044696069892376046
0 0.21528266805913968 0.8053896290313853 0.06998884783255317 0.07187930810555195
0 0.4420746142185378 0.9555309859368641 0.03414950692008212 0.03434076674922295
0 0.5575259288963735 0.4782322394515209 0.11061384783255335 0.07377144789030403
0 0.40830588441013066 0.26074502481199363 0.04046317391627667 0.036194365177646404
0 0.08852657809807078 0.3737329065339753 0.05647017589344294 0.04629711124870504
0 0.3928599565395213 0.20700144065159387 0.048466674904859806 0.04124573821317572
0 0.12175816113905744 0.7682834272121397 0.03896434091247101 0.03768409057054054
0 0.13603156676654532 0.7167038105867511 0.045150673916276585 0.036412688998964174
0 0.27443878665193955 0.9739073617654338 0.06303851087441492 0.052185276469132444
0 0.37353817843926296 0.8618858397419711 0.0427896778706093 0.05501713978475209
0 0.3300985376405227 0.9772068169968919 0.0584146778706093 0.04558636600621604
0 0.5518767426599883 0.7797390814698034 0.055098676882026076 0.05091183664159917
0 0.22804660630987234 0.9081336393704674 0.0711693458553869 0.06257708271265798
0 0.5628235825466951 0.4168773624870501 0.04715884288963732 0.04742296360606986
0 0.029932828098070786 0.37100385876750563 0.031088173916276607 0.035757717535011224
0 0.5482317723174835 0.9199274338271681 0.07362318380210837 0.08452485731976367
0 0.24181469866803704 0.557099832298373 0.043397172927693364 0.03165241439185813
0 0.18865922927693438 0.3050985306029619 0.053536176882026165 0.05083906203449331
0 0.20687467148199973 0.42681086476336166 0.04358817391627658 0.03633991439185813
0 0.5919513029263809 0.6724381577723204 0.054716674904859805 0.04153683664159917