0 0.86796875 0.4198379508869138 0.0375 0.038154564934808025
0 0.915625 0.6034822938248993 0.034375 0.020912517856907443
0 0.790625 0.12161291070887201 0.03125 0.031795470779006775
0 0.77265625 0.18848676501094314 0.03125 0.03960797077900682
0 0.69375 0.46523445129395097 0.04375 0.032013659090609534
0 0.8234375 0.6151544050268292 0.034375 0.03653751785690744
0 0.7296875 0.8236742426898088 0.03125 0.03335797077900686
0 0.9840115828125 0.46504975625 0.9482739515624999 0.4597013484375 0.9126296484375 0.4597013484375 0.8951172234375001 0.47752759375 0.916690996875 0.48822441093749996 0.9628422015625 0.47752759375 0.9791625234374999 0.49357281718749996 0.9527086140625001 0.50961804375 0.9655897609374999 0.53279536875 0.9832577171875 0.523882246875 0.9988314125000001 0.49714020625 0.9840115828125 0.46504975625
0 0.9515625 0.5666095852207571 0.04375 0.039826159090609534
0 0.82578125 0.6870703153352546 0.0546875 0.05876707386326192
0 0.65390625 0.8637577260507172 0.025 0.026998876623205346
0 0.41796875 0.44479567166921596 0.09375 0.04694891233702041
0 0.49921875 0.21808889569463358 0.03125 0.02710797077900686
0 0.8296875 0.26760724918263057 0.046875 0.03363070616851012
0 0.49921875 0.16652639569463362 0.0390625 0.03193183847375849
0 0.90390625 0.6360902422827717 0.03125 0.028670470779006862
0 0.8765625 0.5918629553511408 0.0375 0.0256545649348082
0 0.81640625 0.8533129241015527 0.05 0.04149775324641105
0 0.69296875 0.7660020645244758 0.03125 0.04429547077900686
0 0.9875 0.7781743766166148 0.025 0.03168637662320535
0 0.765625 0.8688327840856666 0.04375 0.041388659090609535
0 0.95 0.13611356168180672 0.028125 0.03799092370110611
0 0.50390625 0.7212957163114846 0.04375 0.03826365909060954
0 0.84140625 0.7826555507247581 0.0578125 0.0478841209411625
0 0.39609375 0.3881638421239112 0.0359375 0.03656479139585791
0 0.8875 0.25377262012379315 0.03125 0.02710797077900686
0 0.5453125 0.8493622150936687 0.0546875 0.06814207386326174
0 0.734375 0.46359981330665984 0.0359375 0.02250229139585791
0 0.7171875 0.22189355437820604 0.040625 0.03820911201270878
0 0.73203125 0.3369964029982343 0.0359375 0.025627291395857822
0 0.43828125 0.6287439776755704 0.046875 0.030505706168510116