0 0.911366072569583 0.35223697932712594 0.041570557370694414 0.04204365626060227
0 0.9656684468102774 0.5345658404897188 0.03648301386770854 0.02469246515360979
0 0.8229815986894792 0.05790911516930812 0.03513871941479181 0.034012901451278846
0 0.8065376746775346 0.12717747034145127 0.03691942496187508 0.0434424651536097
0 0.7342028541047219 0.4177503958393472 0.04614895459715278 0.03751984736759493
0 0.8714820357161106 0.5565896626295702 0.038409189779513755 0.04037202885594056
0 0.7819973891552424 0.7790673525554364 0.03517508700597229 0.03557540145127884
0 0.9858794109375 0.3858352546875 0.957670103125 0.3887881265625 0.9403166546874999 0.40881774374999996 0.9626654328124999 0.41740729375 0.9869715296875 0.4091882375 0.9858794109375 0.3858352546875
0 0.9829838865897912 0.49493042161524486 0.010320557370694417 0.04095238221398514
0 0.8760227589306243 0.6298089078202468 0.05919446846486096 0.0613938569862416
0 0.705143295215416 0.8278074421184829 0.02725348423243048 0.03061508293962447
0 0.45220797169590243 0.42603664411006664 0.10120013050895835 0.055054576949174816
0 0.5280301617597567 0.18686252750517815 0.03506598423243048 0.030887901451278843
0 0.8664744127096873 0.20158470409938242 0.04927395459715278 0.03762897477225655
0 0.5269229098598958 0.13381937305867445 0.04298758700597212 0.03584821996293312
0 0.954712109804305 0.5692955045548693 0.03350348423243048 0.0308333377489479
0 0.9252616523573607 0.5266094967503211 0.03975348423243048 0.031051592558271324
0 0.8712774414919437 0.8001486896714122 0.05414329255305574 0.0456051658792493
0 0.7419003724377424 0.7242632906672041 0.03546602773541672 0.048075401451278844
0 0.8192603466021868 0.8214805418483305 0.049492160144236054 0.04700397477225664
0 0.5481328418525342 0.6982439716073956 0.04782055737069442 0.042261911069925696
0 0.8948617182774299 0.7259472978387802 0.06366376291777769 0.05218254809323426
0 0.4284990211828122 0.37144091334736035 0.041570557370694414 0.04204365626060227
0 0.9262494562126733 0.18232378341080993 0.03506598423243048 0.030887901451278843
0 0.5935881993757285 0.8246774968351392 0.06101154160312507 0.07238592068857272
0 0.7757182068782635 0.41161695772757956 0.03964438145888884 0.026364092558271324
0 0.7501779186936111 0.16739573177419662 0.04625805737069442 0.042207347367594836
0 0.7701247831506595 0.2830108080903992 0.039717116641249994 0.029489092558271323
0 0.4775495445498259 0.6117186837657804 0.04916485182361115 0.03294147477225664