0 0.47691438206674713 0.0647444800449161 0.04439845318850324 0.04366071996293312
0 0.66733798620519 0.03931042650938627 0.025320904567984213 0.03675595553496284
0 0.16913618159177726 0.10601684310642556 0.03790279172311406 0.0387549651536097
0 0.23549484396167766 0.13265869945969505 0.04727779172311406 0.03908234736759484
0 0.5075889292169281 0.24682037006344956 0.041601001809022264 0.049801592558271414
0 0.67072965909054 0.13389624021171712 0.042672178878243726 0.040481156260602266
0 0.8734972122336149 0.25439224556919476 0.03946529172311415 0.03880952885594056
0 0.5238418171875 0 0.5216930718749999 0.0245003546875 0.53818188125 0.0444235359375 0.5509222359375 0.023927190625 0.5475668296875 0 0.5238418171875 0
0 0.6326420816372058 0.010453828045483112 0.04538774310259512 0.020907656090966224
0 0.7438772320213186 0.14073402805333232 0.06733798620519008 0.06473711179556511
0 0.9074837878779268 0.3353867852249085 0.03272396879233561 0.02921627404661713
0 0.4618038749421995 0.5231398226031875 0.06313516508343398 0.1035813569862416
0 0.24081858830746813 0.4134548316736802 0.034695904567984305 0.0370833377489479
0 0.3198798100404797 0.08509916398033254 0.041764776119281775 0.05292659255827141
0 0.1880244589542545 0.4066889657017638 0.03831222749876284 0.04656746515360979
0 0.6994887449116174 0.05540665246276916 0.034614017412854636 0.035520837748947966
0 0.6521157779283041 0.07741062723502569 0.03181656603337348 0.04166171034428625
0 0.9121668865893028 0.1708604937550962 0.049741050429541286 0.056324411069925695
0 0.8116899310259503 0.2847270755135944 0.05196529172311415 0.03924603847458741
0 0.9227635498637146 0.2237126752434419 0.0494953889641522 0.0516369110699257
0 0.7502179217536963 0.47080347396964833 0.04628850180902226 0.04996528366526398
0 0.8430550384437536 0.136487982955323 0.056482373360319825 0.06591766587924912
0 0.40308397218323755 0.53771324329176 0.042754066033373485 0.04204365626060227
0 0.3104362109904194 0.024379918789655973 0.034695904567984305 0.037083337748947974
0 0.8834874451594447 0.44501724556919464 0.07679487336031983 0.06662699400955034
0 0.5093251696059896 0.20527771080762242 0.028609678878243727 0.03999008293962456
0 0.263688443011738 0.19272318022240134 0.04456222749876275 0.046785719962933126
0 0.3810397173219975 0.19175590254758718 0.03173467887824381 0.04009921034428623
0 0.6505355042954132 0.5251586464723194 0.03699538896415202 0.05120040145127884