0 0.16252864244822274 0.4438169434692453 0.08859094155801359 0.06555556733052796
0 0.22897539731619138 0.7573139590783419 0.03796365016215582 0.027872028855940555
0 0.015240585224052333 0.4700669633395112 0.01482615909060952 0.04424107332097762
0 0.07409343384408056 0.482864574502104 0.0347841030842551 0.024637901451278844
0 0.8107809561652151 0.5001338207042709 0.03793637662320535 0.026309528855940557
0 1 0.48888032031249995 0.918301865625 0.5226124234375 0.7772200328125 0.6118415546875 0.7073150265625 0.6649292531250001 0.656235609375 0.7074885953125001 0.6172109125 0.759747225 0.6190698718750001 0.78001410625 0.6470155953125001 0.7333426281250001 0.7207452203125 0.672639540625 0.7831971828125 0.62615335625 0.8501600515625001 0.5856719531250001 0.9450639875 0.5277384374999999 1 0.504967203125 1 0.48888032031249995
0 1 0.461197096875 0.9088940953125 0.49865200468750004 0.8353627171875001 0.5507228468750001 0.737125984375 0.60929981875 0.6805529046875 0.6598032390624999 0.6230003046875 0.7242445765625 0.6201534921875 0.7471434265625 0.6589803828125 0.703519534375 0.6991806890625 0.657909625 0.7478093453125 0.6209821453125 0.8504578390624999 0.5581104046875 0.9628123328125 0.491640025 1 0.4775499671875 1 0.461197096875
0 1 0.5012162078125 0.8609454546875 0.5784244921874999 0.7480991421875001 0.6518668078125 0.6339772390625 0.7375872140624999 0.6261264234375 0.7906770859375001 0.6439730359375 0.7648732375 0.7019174703125 0.7123867749999999 0.78643 0.6444367125 0.8999596609375 0.5846125578125 0.9233936421875001 0.5611626609375 1 0.521762440625 1 0.5012162078125
0 0.0230369328125 0.616393746875 0.0275090484375 0.6416860171875001 0.0696218921875 0.6166459953125 0.2707927015625 0.5553038046875 0.45902136093749996 0.5085037406249999 0.636269309375 0.4775853921875 0.8135143218750001 0.44666503437499994 0.9820416249999999 0.376180078125 0.6595088203125 0.4335433875 0.309817840625 0.5030476687500001 0.0757052953125 0.5828061515625 0.0230369328125 0.616393746875
0 0.0310633390625 0.66178748125 0.0576571046875 0.646469090625 0.16726260937499998 0.6131896296875 0.40039357343750004 0.547372040625 0.70596808125 0.4915761515625 0.76214555 0.45834220937500003 0.416080496875 0.5288608515625 0.1928533390625 0.5824450640625 0.0319743859375 0.6376942546875 0.027660335937500002 0.6425416312500001 0.0310633390625 0.66178748125
0 0.0339823421875 0.6782960453125 0.0661832796875 0.6654435921874999 0.1824559984375 0.6308717515625 0.3403919328125 0.58822386875 0.42175985625 0.570734203125 0.6210674921875 0.5183469890625 0.45989918281250003 0.542714009375 0.20029966875 0.6050658953125 0.0826560328125 0.6416232703125 0.0311540265625 0.6623003781250001 0.0339823421875 0.6782960453125
0 0.2680685671875 0.4131610765625 0.32296794218749997 0.392205709375 0.2497385671875 0.3874931421875 0.0068221140625 0.390838671875 0.0071659171875 0.410535159375 0.20817111875 0.40586423437499997 0.2680685671875 0.4131610765625
0 0.1100343671875 0.4455143953125 0.17110742343750002 0.4594599578125 0.21257910624999998 0.43079381562499997 0.151604315625 0.42714281718749997 0.0709214546875 0.429029271875 0.0074747140625 0.42822606093750004 0.007800314062499999 0.44687965937499996 0.1100343671875 0.4455143953125
0 0.6074175796875 0.694607096875 0.6246816546875 0.6070319140625 0.374004809375 0.6710938093750001 0.1836194015625 0.725188540625 0.0694034484375 0.7713925234375 0.11341616562500001 0.8058352953125001 0.25958511875 0.784375765625 0.6074175796875 0.694607096875
0 0.40733587968749996 0.664632878125 0.629387428125 0.6043999484375 0.5711574109375 0.5967798890625 0.3210723640625 0.6349430390624999 0.056571770312500005 0.70856114375 0.0415580109375 0.7211406218749999 0.0437252390625 0.7333974921874999 0.04931275625 0.7357522703125 0.40733587968749996 0.664632878125