0 0.3624831314006219 0.16702381612383393 0.07108531570031093 0.09757222099021767
0 0.705194276167185 0.11570715592519124 0.032053636803468066 0.04235409997176513
0 0.3311435841867496 0.008636858040740828 0.046495568401734036 0.017273716081481656
0 0.3674142841302799 0.06326177929213102 0.023877115756780753 0.03564907366340588
0 0.6735513071019315 0.7971916453312604 0.028928636803468067 0.042172089448421345
0 0.7732224921874999 0.7212621515625 0.738385896875 0.8963891015625001 0.7374017765625 0.94200681875 0.7536586484375001 0.9390426734374999 0.7540650734375001 0.9213502124999999 0.775387128125 0.804327240625 0.7900317828125 0.721905678125 0.8125148703124999 0.6417660984375 0.8449424796875 0.5449741671874999 0.8811492265625 0.49942463281249994 0.8599368249999999 0.5051479171875 0.8224294546875001 0.5639181578125 0.799453796875 0.631163990625 0.7732224921874999 0.7212621515625
0 0.7104792375 0.8959133906250001 0.7094534765625 0.947102684375 0.7259879359375 0.944087928125 0.7476482812499999 0.8149489000000001 0.7709231625 0.6882974859375001 0.789168259375 0.6256225796875 0.8194947828125001 0.5681616390625 0.848352865625 0.5128240265625 0.8263264296875 0.5242597203125 0.7837746234375 0.6062028796875001 0.7549252140625 0.681942040625 0.7342602546875 0.8025536000000001 0.7104792375 0.8959133906250001
0 0.7554616015625 0.9387139390625 0.7742070484375 0.9352960453125 0.7793449546875 0.8870653718750001 0.793852221875 0.854744721875 0.8097784390625 0.718305234375 0.845300353125 0.6079683390625 0.8756159984374999 0.5301090281249999 0.89469419375 0.5025189390625 0.84411756875 0.5302882109375 0.802251084375 0.6770214218749999 0.7722933140625 0.8178749 0.7554616015625 0.9387139390625
0 0.47426204531250005 0 0.46868138437500007 0.027507353125 0.479911340625 0.2925310390625 0.5468449640624999 0.6698058359375 0.605627884375 0.9660333968750001 0.616737753125 0.964007715625 0.6205211562499999 0.81958068125 0.58224036875 0.6299682171875001 0.543956396875 0.440353553125 0.5174160171875 0.233761290625 0.5004958953124999 0.008722995312499999 0.501979075 0 0.47426204531250005 0
0 0.508475175 0 0.514272221875 0.1453107484375 0.5476855546875 0.3895977453125 0.612171584375 0.763610421875 0.6237224234375 0.69473651875 0.5602404875 0.36690823125 0.535305934375 0.10809172656249999 0.527048565625 0 0.508475175 0
0 0.53099826875 0 0.5308528421875 0.0124603375 0.5400555515625001 0.144318021875 0.5788760890625 0.42842259374999997 0.6174734468749999 0.599432578125 0.5922336890625 0.3796196125 0.577990325 0.29134007031250003 0.559136928125 0.11673013437499999 0.5495351859375 0 0.53099826875 0
0 0.341816046875 0.226830865625 0.2629939328125 0.0102972828125 0.2416379078125 0.014191167187500001 0.3395553265625 0.275463340625 0.3730451921875 0.3472528578125 0.3726878078125 0.2842613796875 0.341816046875 0.226830865625
0 0.3687408578125 0.2219216140625 0.3814440546875 0.1695295546875 0.3433914453125 0.11340833749999998 0.3020284578125 0.0031800453125 0.2816451109375 0.0068965796874999995 0.31138687656249997 0.0802958984375 0.3411312171875 0.1620435046875 0.3687408578125 0.2219216140625
0 0.656099575 0 0.65491658125 0.0825745 0.6749305171875 0.294065134375 0.708522540625 0.5698478671875 0.7902597640625 0.5197078546875 0.7445358484375 0.1367102640625 0.71306146875 0 0.656099575 0
0 0.5921577 0 0.6176292078125 0.2544371265625 0.6771641921875 0.5199256484375 0.70770850625 0.575560278125 0.681476021875 0.3299639859375 0.62289826875 0 0.5921577 0