0 0.8652841714076377 0.3265128380843848 0.09310801285158092 0.0656869549975256
0 0.8645586822448715 0.6695667972657819 0.04020850593149916 0.03017217887824373
0 0.9645838344494994 0.3384595601560807 0.028952670950527094 0.021786468792335523
0 0.20010620448799293 0.5991457496613157 0.038518671939110315 0.02696529172311397
0 0 0.666050134375 0.066181234375 0.6714999546875 0.17794721875 0.6994285625 0.2567220171875 0.7187291124999999 0.33208138125 0.7456778796875 0.42231028125 0.783459890625 0.46163482343749995 0.8220305953124999 0.45918878437500005 0.8006450859375001 0.4070715046875 0.7600191390625 0.3444522 0.733326853125 0.25987117187500003 0.7020820343749999 0.09304979062499999 0.6573803921875 0 0.649851584375 0 0.666050134375
0 0 0.6383742609375 0.039807631249999996 0.6403861640625 0.1716664671875 0.67128196875 0.2925986390625 0.7017055 0.3514359890625 0.723438159375 0.40334231093749995 0.7568609734375 0.4533826328125 0.7887035203125 0.4454468453125 0.76617979375 0.37132075468750003 0.7192072921875 0.3012374640625 0.6861939375 0.185847803125 0.6587100828125 0.0976957796875 0.6297087734375 0 0.6219578484375 0 0.6383742609375
0 0 0.6823148765625 0.0960759484375 0.6985738453125 0.12565418281250001 0.7148416859375 0.2573021390625 0.73853705625 0.360373740625 0.780173396875 0.43232022968750006 0.8147646484375001 0.45656691250000003 0.8352959468750001 0.4368607 0.7834901125 0.29898483124999997 0.7334523078124999 0.16510180000000002 0.6955745624999999 0 0.661907871875 0 0.6823148765625
0 0 0.528887040625 0.186152071875 0.5448325171875 0.378151846875 0.5177979578125 0.570154259375 0.49076036875 0.77707633125 0.47636050937499996 0.9785933296874999 0.47294955625 0.979944084375 0.43979965312499997 0.72495913125 0.4357372625 0.3443169765625 0.4803627671875 0 0.5277037203125 0 0.528887040625
0 0.9782876500000001 0.48045144375 0.864437353125 0.478353440625 0.6194563421875 0.497395996875 0.24238526249999998 0.5397806921875 0.3083146421875 0.5552272421875 0.6398656734375 0.5111692437500001 0.8978503046874999 0.5013823656249999 0.9774936046875 0.4999387265625 0.9782876500000001 0.48045144375
0 0.97738251875 0.5026649734374999 0.861551840625 0.5040024109375 0.576645971875 0.5261100953125 0.4028731296875 0.5545342843750001 0.622587940625 0.542189665625 0.7114430015625001 0.5331556859375 0.8857958859374999 0.5245367421875 0.97657995 0.5223614171875 0.97738251875 0.5026649734374999
0 0.8101783812500001 0.30246711875 0.9751845265625001 0.254168303125 0.9745740984375001 0.2333255140625 0.7627422968750001 0.2974117578125 0.6872044578125001 0.3265023921875 0.7491382828125001 0.32978921875 0.8101783812500001 0.30246711875
0 0.8109693828125 0.329475496875 0.8605351078125001 0.345113015625 0.9213642468750001 0.3105877828125 0.9763490125000001 0.2939291359375 0.975797134375 0.2750854671875 0.958684865625 0.28073546718750003 0.8739254421875 0.30553275156250004 0.8109693828125 0.329475496875
0 0.9050072234375 0.62157863125 0.6942504375 0.6292174046875 0.4183025140625 0.646616546875 0.45531894531250006 0.730644496875 0.8384070578125 0.707401803125 0.9699398859375 0.685320271875 0.9723355609375 0.6265261828125 0.9050072234375 0.62157863125
0 0.472039628125 0.618377421875 0.4128127640625 0.64547833125 0.6580047359375001 0.633638909375 0.973554559375 0.5966098171875001 0.9748457546875 0.564921625 0.74175955625 0.5746331453125 0.472039628125 0.618377421875