0 0.6081894675158624 0.15553726481086275 0.060868067330527964 0.0905298247398008
0 0.2736408527250724 0.16539810719066073 0.026364092558271324 0.04037269448207601
0 0.5842286670603756 0.05722923959609207 0.021458337748947898 0.033877033016686785
0 0.4327652714299104 0.808490767185712 0.02469246515360979 0.03716580732694652
0 0.4094292640625 1 0.39050571562499997 0.91474430625 0.3241819 0.7540293453125 0.282180446875 0.672788378125 0.24761005625000002 0.6127431234375 0.20086956093750002 0.5632917546875 0.179665053125 0.5615247828125 0.222659225 0.598612646875 0.27180920625 0.68515188125 0.30836321093749997 0.7575606390625 0.3379174140625 0.8335033390625 0.38038085312500003 0.9412356390625 0.3935098546875 1 0.4094292640625 1
0 0.43683545312499994 1 0.41688043906249994 0.909446040625 0.3765827609375 0.824673778125 0.3340603859375 0.713410184375 0.2923053109375 0.6462970453125 0.2363764296875 0.5756552609375001 0.21331416406249998 0.5685900203124999 0.25119970625 0.61627441875 0.29088142031249997 0.6657257859375 0.3200968046875 0.7222397453125 0.3662422890625 0.8388016078125 0.414335278125 0.9659599984374999 0.4208434953125 1 0.43683545312499994 1
0 0.39693235625 1 0.3434264453125 0.84586684375 0.2882438625 0.7169414796875 0.2206501375 0.5844848203125 0.167407890625 0.5668230484375 0.1907447 0.5897830875000001 0.2342932546875 0.65866055 0.2889522265625 0.7575606390625 0.3299890796875 0.8847190328125001 0.3498902171875 0.9129773359375 0.3770196453125 1 0.39693235625 1
0 0.5297236984375 1 0.5290855031249999 0.6657257859375 0.5208523515625 0.294847140625 0.48112868124999997 0.0405303546875 0.4748671921875 0.0255177171875 0.44637853281249995 0.0255177171875 0.447387171875 0.02816685 0.47411450468750005 0.245395771875 0.488212440625 0.44672989375 0.48794643750000005 0.6339361890624999 0.4876830359375 0.821139834375 0.5282442625 1 0.5297236984375 1
0 0.458809615625 0.37961940312500003 0.46091776875 0.7028136515625001 0.484962940625 0.7663928484375 0.47502866250000003 0.399045496875 0.4602839453125 0.1606235078125 0.43884009218750003 0.025517715625 0.4206756453125 0.0255177171875 0.4332624421875 0.12883391093750002 0.458809615625 0.37961940312500003
0 0.41230435625000006 0.141197415625 0.4276132671875 0.3107419390625 0.4308850984375 0.397278525 0.44872935625 0.6109761515625001 0.45282878593750003 0.441431628125 0.43564376562499996 0.16415480468750002 0.4193086734375 0.036996409375 0.4168788859375 0.0255177171875 0.398891734375 0.0255177171875 0.41230435625000006 0.141197415625
0 0.620965421875 0.2683558078125 0.6325994078125 0.3284010625 0.6507141875 0.25422533281250004 0.6861879937500001 0.0359615890625 0.6658212375 0.0348942125 0.63932658125 0.20830790625 0.620965421875 0.2683558078125
0 0.6162741296875 0.1005756078125 0.590854190625 0.160623509375 0.6128594609375 0.2083079078125 0.6276617828125 0.14649568125 0.640331759375 0.0634877421875 0.645959659375 0.0338533109375 0.6273063890625 0.032875734375 0.6162741296875 0.1005756078125
0 0.240279875 0.1924131078125 0.26971488906249996 0.5650587265625 0.3567601828125 0.598612646875 0.336198475 0.33016803437500003 0.3149801734375 0.1253026171875 0.29358308125 0.025517715625 0.259463596875 0.0255177171875 0.24465649374999998 0.03876338125 0.240279875 0.1924131078125
0 0.38300771718750004 0.2824836359375 0.35779575937499997 0.0255177171875 0.3293050328125 0.0255177171875 0.33681443906249997 0.365488925 0.3586179359375 0.6039109140625001 0.3770099078125 0.5456299812500001 0.38300771718750004 0.2824836359375