0 0.12432077355444493 0.5814613735787013 0.09367857123840281 0.06943181043863902
0 0.16395796969913215 0.2397057840596927 0.041279616641249996 0.030491136803468065
0 0.027445120344062955 0.5422707999858826 0.03023301386770836 0.02516659997176518
0 0.8152159176467713 0.4992114597610023 0.03964438145888884 0.027275131541796328
0 1 0.48194955625 0.9572381375000001 0.465971925 0.8492840984375001 0.406183159375 0.7731530640625001 0.3644258296875 0.7012721953125001 0.3160189671875 0.6158252984375 0.252561128125 0.5810580562500001 0.20286530468750003 0.58109630625 0.22488680625000002 0.6283476875 0.2802879546875 0.68759551875 0.3247980015625 0.7681606875 0.380123778125 0.9289549750000001 0.472370846875 1 0.49880868906250003 1 0.48194955625
0 1 0.5113463312500001 0.9799683890625 0.5045314703125 0.8523770171875 0.43604175625 0.7355922921875 0.3711457453125 0.6795482515625 0.3326615703125 0.6317006015625 0.28450260156249996 0.585530665625 0.2384525390625 0.5908975640625 0.2631778609375 0.65931235625 0.331196921875 0.7252710421875 0.3841425875 0.8368762390625 0.4445235546875 0.9212414687500001 0.498633025 1 0.5278105296875 1 0.5113463312500001
0 1 0.46281027343750003 0.9305564125 0.430434034375 0.9029801703125001 0.40576076875 0.77479275 0.34451051875 0.6770133546875 0.27353929374999997 0.6093794703125 0.2184878859375 0.5875790249999999 0.1910874859375 0.601367715625 0.248372509375 0.7327973984375 0.33766742031249997 0.8616193390625 0.4136969921875 1 0.483399384375 1 0.46281027343750003
0 1 0.6244175578125 0.82383248125 0.5579782468750001 0.6299882796875 0.5300598265625001 0.4361411140625 0.5021436765625 0.2288800046875 0.45736305625 0.0170900171875 0.40016475625 0.014412185937499999 0.4326891546875 0.016179371875 0.43371134062500005 0.27613160937500003 0.5127614859375 0.6594266484375 0.57705454375 1 0.6272382796875 1 0.6244175578125
0 0.387884565625 0.48143716249999996 0.7673797703125 0.5469438125 0.703583971875 0.5127003140624999 0.36914174843750003 0.46187158906250003 0.11164813437500001 0.397898 0.019320215625 0.3730771984375 0.0177445484375 0.3922149296875 0.1422790421875 0.43040836093749996 0.387884565625 0.48143716249999996
0 0.43364446718750005 0.4650429 0.6095292734375 0.48636656250000004 0.3897840265625 0.43588061875 0.3004644484375 0.4194933140625 0.1262191046875 0.3782570578125 0.0211669296875 0.3506473765625 0.0195528234375 0.370251978125 0.1480165875 0.40565972656250004 0.43364446718750005 0.4650429
0 0.3014322671875 0.6324643625 0.24024695000000001 0.6114866421875 0.1765251390625 0.6212829859375 0.0144827390625 0.6222375203125 0.0149680671875 0.6430891640625 0.223103971875 0.6398805921874999 0.3014322671875 0.6324643625
0 0.0265001625 0.6005076140625001 0.1135129859375 0.600007584375 0.1787608734375 0.594128209375 0.131249496875 0.5643710109375 0.0669314140625 0.5814095312500001 0.013552132812500001 0.5822548890625 0.013989229687499998 0.6010343687499999 0.0265001625 0.6005076140625001
0 0.60449750625 0.390146228125 0.5771102375 0.295786903125 0.193776725 0.2094750609375 0.0343252390625 0.19082919062499998 0.02995238125 0.2439410546875 0.11798355 0.27601085 0.3282993234375 0.3286285640625 0.60449750625 0.390146228125
0 0.36481690312500004 0.3345790671875 0.027150082812499997 0.2779772 0.0246583453125 0.308241334375 0.2749750390625 0.3694737828125 0.5479311828125 0.40294407187500003 0.6098261578125 0.39285005 0.36481690312500004 0.3345790671875