0 0.6046875 0.175 0.05 0.0796875
0 0.2890625 0.18515625 0.02265625 0.03515625
0 0.6078125 0.01640625 0.03984375 0.0328125
0 0.58359375 0.0828125 0.0171875 0.0296875
0 0.428125 0.79140625 0.0203125 0.03359375
0 0.2566675 0.6066675 0.2133325 0.5599999999999999 0.1933325 0.5583325 0.2333325 0.5933325 0.2783325 0.675 0.3116675 0.7433325 0.33833250000000004 0.8150000000000001 0.37666750000000004 0.9166675 0.3933325 0.9974999999999999 0.40833250000000004 0.9974999999999999 0.3866675 0.8916675 0.3266675 0.74 0.2883325 0.6633325 0.2566675 0.6066675
0 0.2983325 0.6383325 0.24666749999999998 0.5716675 0.225 0.5650000000000001 0.26 0.61 0.2966675 0.6566675 0.32333249999999997 0.71 0.365 0.82 0.40833250000000004 0.9400000000000001 0.4183325 0.9974999999999999 0.4333325 0.9933325 0.41166749999999996 0.8866675 0.375 0.8066675 0.3366675 0.7016675 0.2983325 0.6383325
0 0.32999999999999996 0.8633325 0.3483325 0.89 0.38 0.9974999999999999 0.3983325 0.9933325 0.3433325 0.8266674999999999 0.2933325 0.705 0.2316675 0.58 0.1816675 0.5633325 0.2033325 0.585 0.2433325 0.65 0.2933325 0.7433325 0.32999999999999996 0.8633325
0 0.43499999999999994 0 0.45499999999999996 0.05500000000000001 0.4766675 0.26 0.4866675 0.45 0.48333250000000005 0.6266675 0.48 0.8033325 0.5166675 0.9783324999999999 0.5216675000000001 0.6566675 0.52 0.3066675 0.4866675 0.0666675 0.45999999999999996 0 0.43499999999999994 0
0 0.41500000000000004 0 0.42833249999999995 0.038332500000000005 0.44000000000000006 0.15 0.45999999999999996 0.3866675 0.4566675 0.6916675 0.47833249999999994 0.7516675 0.475 0.40499999999999997 0.465 0.18 0.4416675 0.015 0.43 0 0.41500000000000004 0
0 0.4316675 0.3216675 0.4333325 0.4033325 0.44666750000000005 0.605 0.45333249999999997 0.445 0.4416675 0.1833325 0.42833249999999995 0.0633325 0.41666749999999997 0.0033325 0.4 0 0.40833250000000004 0.0433325 0.42000000000000004 0.16166750000000002 0.4316675 0.3216675
0 0.6716675000000001 0 0.6333325000000001 0.225 0.615 0.2816675 0.625 0.33833250000000004 0.6433325 0.2683325 0.6916675 0 0.6716675000000001 0
0 0.6233325 0.1666675 0.6366674999999999 0.08833250000000001 0.655 0 0.635 0.0033325 0.6133325000000001 0.1233325 0.5883325 0.18 0.6083325 0.225 0.6233325 0.1666675
0 0.2783325 0.5616675 0.36 0.5933325 0.34500000000000003 0.33999999999999997 0.3283325 0.1466675 0.305 0.0283325 0.2633325 0.065 0.2566675 0.21000000000000002 0.2783325 0.5616675
0 0.39 0.29500000000000004 0.3683325 0.0266675 0.3533325 0 0.3433325 0.015 0.34500000000000003 0.37333249999999996 0.3616675 0.5983324999999999 0.38 0.5433325 0.39 0.29500000000000004