0 0.16640625 0.5890625 0.084375 0.0578125
0 0.19921875 0.26796875 0.0375 0.025
0 0.0109375 0.58046875 0.021875 0.0421875
0 0.0734375 0.5609375 0.0328125 0.0203125
0 0.80625 0.453125 0.0359375 0.0234375
0 1 0.42702789843750005 0.9376477515625 0.4095610109375 0.8368868046875001 0.3633022515625 0.7658328609375 0.3310580484375 0.6986484578125001 0.292261690625 0.6187203765625 0.240642078125 0.5859402921875 0.1974338765625 0.5862140765625 0.2179110203125 0.6306333859375 0.2653444875 0.6860600484375 0.301610421875 0.7613729328125001 0.346089678125 0.9114878890625 0.4179607328125 1 0.44262246875000005 1 0.42702789843750005
0 1 0.45353917499999996 0.9591445125 0.443454334375 0.840078221875 0.39080360000000003 0.7310726421875 0.34055950468749996 0.678682309375 0.309620390625 0.63378840625 0.2689739203125 0.5904731953125 0.2301435296875 0.5957178984375 0.2526739578125 0.659900184375 0.31001014531250004 0.72164161875 0.35354039375 0.8257949703125 0.40003381562499996 0.9046187734375 0.443052896875 1 0.46947093906250004 1 0.45353917499999996
0 1 0.41137812343749997 0.9125191921875 0.37881998125 0.8866786515625 0.358260721875 0.7671379484374999 0.312394440625 0.6756917 0.2548549 0.6123739390625 0.2095112953125 0.5918602203125001 0.18591571093749998 0.6052674390624999 0.2379982296875 0.7281184328125 0.30966593124999997 0.848407515625 0.3692223578125 1 0.431280821875 1 0.41137812343749997
0 0.0053593609375 0.40589718125 0.0035669140625 0.43153035937500006 0.06458381875 0.4610294203125 0.306512609375 0.5120425421875 0.6626667921875 0.538652953125 0.9904527328125001 0.5564594796875 0.814926290625 0.5066782937500001 0.6348578046875 0.4974954921875 0.4547865953125 0.48831505625 0.2620931203125 0.4646116171875 0.054961303125000006 0.4279638671875 0.0053593609375 0.40589718125
0 0.0055678484375 0.40291567187500005 0.015193410937499999 0.4115452125 0.1814898140625 0.4470406015625 0.40981057656250003 0.47323534375 0.7624540171875 0.5013033890624999 0.7029207828125 0.47497929375 0.3922172140625 0.45666159687499996 0.1527316421875 0.41945713749999997 0.0398932734375 0.399632025 0.0067885937499999995 0.3854581921875 0.0055678484375 0.40291567187500005
0 0.0067706125 0.38571535 0.0653413375 0.40141152656249995 0.1865428515625 0.42352713125 0.452069771875 0.454026709375 0.6154117859375 0.45863106875000004 0.41107908593750003 0.4307023640625 0.328068959375 0.42319460312499996 0.166031853125 0.3999291796875 0.046406487499999996 0.379629475 0.0079116453125 0.3693978171875 0.0067706125 0.38571535
0 0 0.6630132375 0.25871173281250004 0.6348567796875 0.33127121718749997 0.6211783203125 0.2743024390625 0.6069656765625 0.21531440625 0.62159314375 0 0.6429670359374999 0 0.6630132375
0 0 0.6255634703124999 0.07596009687500001 0.6152599125 0.15664824375 0.6072618078125 0.2170939078125 0.59614508125 0.172710996875 0.572583528125 0.113248371875 0.5939979937500001 0 0.60637108125 0 0.6255634703124999
0 0.157287915625 0.3055510671875 0.3528990234375 0.3362787125 0.609704175 0.369579778125 0.58328475625 0.2841946734375 0.2268566125 0.23710966406249998 0.078783434375 0.2335730078125 0.038492865625 0.273377296875 0.157287915625 0.3055510671875
0 0.30388940781249996 0.378882121875 0.5573844484375 0.3863792234375 0.6146750937500001 0.3716330625 0.386828925 0.338651321875 0.022192903125 0.311447803125 0.0115391453125 0.317522153125 0.011101690625 0.3237780453125 0.0322900125 0.3377263578125 0.30388940781249996 0.378882121875