0 0.842314221992364 0.08568711740749672 0.029978401336727245 0.026036710344286274
0 0.7999319865929579 0.5711236204027216 0.028415901336727067 0.025982146641955417
0 0.8167382259309577 0.5373215392771956 0.01595226400381833 0.028670637023308566
0 0.788757581914413 0.6582689563375711 0.03319430800445424 0.033958337748947895
0 0.8156035346117297 0.4333334437236993 0.07423747867599957 0.07131449400955017
0 0.770956295313501 0.1730755008026082 0.03470226400381797 0.02932540145127884
0 0.5457763578125 0.71177399375 0.6620840796875 0.58120613125 0.782047246875 0.3739550171875 0.91134123125 0.0419216515625 0.7578556671875 0.0308923234375 0.607281278125 0.2623053875 0.508465840625 0.4279561625 0.44655100625 0.5001592984375 0.46408464218749995 0.533821675 0.3989938359375 0.6172481859375 0.3766849671875 0.6986450703125 0.5457763578125 0.71177399375
0 0.9846108099936366 0.08127741431960459 0.030160214672181596 0.04166171034428625
0 0.9572392406508644 0.14988108137998007 0.029978401336727245 0.026036710344286274
0 0.9873176393220915 0.11732404172426629 0.023728401336727246 0.02581845553496285
0 0.8478149559198218 0.6204713451749782 0.031995434675363296 0.06515377404661712