0 0.9515625 0.18515625 0.0234375 0.02734375
0 0.5 0.2109375 0.0234375 0.025
0 0.53203125 0.196875 0.025 0.01484375
0 0.41875 0.21875 0.03046875 0.03046875
0 0.628125 0.2 0.06171875 0.065625
0 0.86640625 0.2484375 0.025 0.03125
0 0.35789499999999996 0.442105 0.36184249999999996 0.5986849999999999 0.4381575 0.5802625 0.51842 0.5223675 0.548685 0.5394725 0.61842 0.48421000000000003 0.7763150000000001 0.3973675 0.9974999999999999 0.2644725 0.9947374999999999 0.1223675 0.6815800000000001 0.232895 0.48421000000000003 0.3381575 0.35789499999999996 0.442105
0 0.96328125 0.04375 0.03671875 0.05234375
0 0.896875 0.07734375 0.02265625 0.02734375
0 0.93125 0.04609375 0.02265625 0.02890625
0 0.45703125 0.165625 0.059375 0.02734375