0 0.6749084525851886 0.16411182570371505 0.2841919051703773 0.3282236514074301
0 0.7297762495800705 0.7720431205378814 0.46256625596868 0.4338022634864586
0 0.6578442638773454 0.44606315520715223 0.30482805733782425 0.2787121071419447
0 0.8777283409496519 0.41122964105510346 0.10062071840251932 0.2474218202884723
0 0.9028106180985084 0.14398693645795063 0.09048703163466172 0.15196384992375006
0 0.2810709278706093 0.04676393759531241 0.13963018577927463 0.09352787519062482
0 0.4017123276037792 0.3589677711828122 0.08404071345960347 0.2236206443766667
0 0.40882585475263544 0.09214329388423577 0.10828202669174569 0.12896276101791676
0 0.3652004605310351 0.5951968651226386 0.07502385771838505 0.1172615416031249
0 0.35629628170902367 0.9332241951947566 0.20015119171077372 0.12329594889756948
0 0.3009044916714051 0.7444896567257636 0.14230419961943913 0.15941398043270852
0 0.21618866307904275 0.3734517645332985 0.04654603064607841 0.14625805737069442
0 0.244476783649009 0.5495233020523609 0.1489070266917457 0.1299083183886113
0 0.14234789235597714 0.672326982048229 0.11089769072219058 0.11653549620027803