0 0.32180463636243806 0.17295250750876684 0.26389449918592583 0.3459050150175337
0 0.34596802840362373 0.7926418729730528 0.43984907304918763 0.41067977028924413
0 0.37695933522405234 0.4638759448077197 0.290519454543657 0.2674910576279121
0 0.1540576233734993 0.4536999241081432 0.08706717207625303 0.24519549756436804
0 0.09477453206036698 0.19137324797140512 0.08227848620028229 0.14982845048646737
0 0.6999278620127087 0.03510210836255616 0.13423072402541755 0.07020421672511232
0 0.6203490507280534 0.34943774919251636 0.07103306899199797 0.22148526217486458
0 0.5790074358759707 0.08523492735784939 0.10059210957707698 0.12515573295387142
0 0.6868855344927036 0.5795968076345028 0.06761596834337488 0.1152079886359143
0 0.7405283262923034 0.9217337146965174 0.19283415665497755 0.1298898717519414
0 0.7690549265371847 0.7203933571480354 0.1338955332781829 0.1538534772718286
0 0.8062320036501527 0.3430671980574259 0.03844666558343128 0.14437729139585773
0 0.8007338003210164 0.5205609525216528 0.14118983603812651 0.12430234496658024
0 0.918336131894916 0.6318239606393277 0.1034989212654743 0.11271028003177222