0 0.6369830958822416 0.8156821249442284 0.34959936680159914 0.3338735701894052
0 0.734375 0.2388874505708413 0.53125 0.4777749011416826
0 0.6440331987774892 0.5468538704956042 0.3673600768875076 0.3455114071475437
0 0.8735812579134578 0.6095289895455146 0.15479147783744693 0.27604252965749526
0 0.8771787279489887 0.8873184085188754 0.12233310266810485 0.16246019072219084
0 0.2157499050182102 0.9048745479091028 0.14940685775648763 0.0840460306460784
0 0.36700703131920615 0.6090315128144003 0.1298800090451115 0.24696252471457925
0 0.3527995256649966 0.8906781022439965 0.13582239258219672 0.15209569368794007
0 0.34823161861062146 0.35534809730108063 0.09906602103089916 0.1350063527754691
0 0.3671775339211979 0.03934238981015709 0.22498006784239583 0.07868477962031419
0 0.29415719301173804 0.19000694019071793 0.17693207146044046 0.19274986859279988
0 0.1724857473980082 0.5723313033463103 0.07529432835784541 0.15742518083635879
0 0.21693403098052183 0.38966604197760385 0.18014560266810492 0.164815869581383
0 0.1195157191310198 0.2487956442587814 0.13681168249628844 0.14122186068413445