0 0.7130158990890261 0.1978588423039872 0.2896032248570746 0.37504649355709235
0 0.6779093337422328 0.8004550388348279 0.46402287149903004 0.399089922330344
0 0.6536607795737307 0.4888605713249442 0.3049702753125615 0.2782805778660478
0 0.8732738751272271 0.49248151677563057 0.10694943756361361 0.24432269262201595
0 0.9355010234984629 0.2389888781137531 0.09279267912609299 0.15207156010845857
0 0.34603175181409856 0.04497317417705571 0.1389385036281971 0.08672836123992674
0 0.41810024708959315 0.36407769818116076 0.08894348202865068 0.22078519867214014
0 0.4630580499073328 0.10814131556940762 0.10916172359113023 0.12873405405833438
0 0.34847726096940923 0.5847214754067197 0.07585815027015244 0.11448065651766245
0 0.2898686751193778 0.9194686592481368 0.200223233209777 0.14176129488495234
0 0.2648884893698628 0.7185828701187214 0.14301093393541642 0.15861245159900647
0 0.23549607821511911 0.3466124213483853 0.050277796912107854 0.14245112041330882
0 0.23767368102500958 0.5208084454506864 0.14822422359113013 0.12896131303532493
0 0.12015385352768063 0.6224476926220159 0.11028771397248334 0.1162431444174139