0 0.3315799707655413 0.8095526834436342 0.29854171523842765 0.36592855762791243
0 0.35609377649368784 0.1958795158283126 0.48406255298737566 0.3917590316566252
0 0.38923618102500956 0.5130537844992943 0.3210317849312084 0.29448993425111764
0 0.15572427657850585 0.5194749285723701 0.10900301088459123 0.25955800649282174
0 0.09407004708174391 0.7910283745946106 0.09613593393541645 0.15939436525911965
0 0.7260169954451305 0.9566678222449994 0.14280754809323426 0.0649546185055307
0 0.6413393727649743 0.6360746785756654 0.08937999164729753 0.23423072402541756
0 0.599325520672874 0.9104122053610265 0.11406747840045348 0.13628414772652347
0 0.7111706900106842 0.3972110016281484 0.0776934687818068 0.12315685633066593
0 0.7672172710513923 0.05671119135779033 0.20710815027015245 0.11342238271558067
0 0.7975570793962455 0.25186549959955346 0.1495337524470708 0.16813416558343128
0 0.8363344142347866 0.645960372976348 0.05060517912609299 0.15235343262955983
0 0.8298686155085802 0.4608041229763481 0.1562549784004535 0.13702053327818292
0 0.9478844450516757 0.3476438295518953 0.10423110989664863 0.12224892126547413