0 0.6290491781110403 0.7855004929910534 0.33079875071608866 0.3811769154221182
0 0.7400999306969986 0.20990232558854113 0.5067259987269065 0.41980465117708227
0 0.6397299500715876 0.49413850859488556 0.33961012937617985 0.3332307383528967
0 0.8638856127466326 0.5441473954113312 0.13116128270208946 0.26765224672063964
0 0.865550299450949 0.8215730325664609 0.10815904002227157 0.16963082654882305
0 0.2167224481221762 0.8891908955228729 0.15303518801718105 0.13450555404758618
0 0.37088050007954176 0.5668577928547679 0.11053970003181668 0.240025213703953
0 0.3537679147835401 0.8429223258714545 0.12354768268618095 0.15013719810012063
0 0.35473569004613426 0.3214600836733707 0.08741018801718106 0.13106629353213634
0 0.3714573766709089 0.02420770465884134 0.20541475334181775 0.04841540931768268
0 0.30208176269095344 0.16318391621508765 0.16144767202418073 0.1864774898232347
0 0.18139073874122386 0.5400473886254678 0.06424540802036272 0.15327548620519008
0 0.22620215738381586 0.36024702397157526 0.16422722668681722 0.1569537641334941
0 0.131624359365044 0.22683805970179546 0.12494655068427192 0.13615658525525037