0 0.1765625 0.32109375 0.35234375 0.24765625
0 0.80078125 0.32265625 0.3984375 0.4171875
0 0.4734375 0.36484375 0.25234375 0.275
0 0.45625 0.14609375 0.2375 0.07734375
0 0.19765625 0.09765625 0.1453125 0.075
0 0.0484375 0.6953125 0.096875 0.128125
0 0.3703125 0.60625 0.21484375 0.0625
0 0.11015625 0.575 0.1203125 0.0953125
0 0.59765625 0.6640625 0.11015625 0.0625
0 0.9375 0.7046875 0.125 0.18515625
0 0.7390625 0.73984375 0.14765625 0.125
0 0.3703125 0.7890625 0.13984375 0.0328125
0 0.54375 0.77734375 0.1171875 0.13515625
0 0.65625 0.8890625 0.1078125 0.09765625