0 0.12757065747234703 0.697426803840602 0.07937958279171564 0.07505834980971962
0 0.17187799067109974 0.7978923774528675 0.039662517856907484 0.03596667490485963
0 0.1891921757362916 0.834660206996632 0.03343979139585782 0.037274506920082474
0 0.24551035958366746 0.8284619451336338 0.03651024431795715 0.03427684091247087
0 0.29681376096363915 0.841204684259219 0.0397170649348082 0.039091674904859985
0 0.23923131169498787 0.9645586126241199 0.03316705600635448 0.021649506920082474
0 0.31741085877288855 0.9582502628144003 0.05068183847375849 0.04109984387822045
0 0.20732634131972288 0.690273537034688 0.03966251785690744 0.03596667490485981
0 0.5310875750876685 0.9269034678338658 0.035165932629559825 0.046713173916276676
0 0 0.66951635625 0.043236421875 0.7683998234375 0.164019734375 0.9715422312499999 0.21279816093749998 0.9729673203125 0.1395769515625 0.8506946046874999 0.0484934671875 0.6906036875 0 0.60660191875 0 0.66951635625
0 0.367558953125 0.8023305234375 0.23299089999999997 0.59970519375 0.2012208921875 0.6324019265625 0.26696723906250003 0.76882499375 0.42906204218750005 0.9792855984375001 0.46508455 0.9803380171875 0.4956468140625 0.9790927 0.367558953125 0.8023305234375
0 0.3520212325534249 0.6750093398867067 0.057313668019063256 0.06322951186299815
0 0.43822001096363916 0.8354428211036264 0.027135244317956976 0.03389483893530461
0 0.777061453125 0.9243412046874999 0.8282972703124999 0.9655382328125001 0.9293373031250001 0.9614211671874999 0.787535903125 0.839055828125 0.7425166890625 0.8316267093749999 0.777061453125 0.9243412046874999