0 0.888757589271225 0.3270737524290414 0.08825616943775678 0.0811875446422687
0 0.8394586197543259 0.21611293303000637 0.043233174452321776 0.03667388555165925
0 0.8203078029821362 0.17517428733207746 0.03711956677218993 0.04125229139585782
0 0.7602424811953815 0.17724925608248937 0.041670674452321775 0.03664661201270887
0 0.7057679298625981 0.15677706898870264 0.04493206677218975 0.041388659090609535
0 0.681264371865897 0.03922137621287306 0.052335389812585655 0.02746252678536123
0 0.802107035431159 0.32790382101729754 0.04488660266556721 0.039826159090609534
0 0.45414794239901035 0.043065576295598595 0.040471887305303156 0.04911933847375849
0 1 0.3139251515625 0.9768464874999999 0.26027165625 0.8556830203124999 0.0494425390625 0.80368059375 0.0430885890625 0.8730059171875 0.1629204546875 0.9722024046875 0.342737375 1 0.3924498765625 1 0.3139251515625
0 0.6302957265625 0.1918778625 0.7764289765625 0.42138476875 0.8099289453124999 0.389660246875 0.7380672296874999 0.2376060625 0.575766740625 0.015240790625 0.526203884375 0.0091849234375 0.503954475 0.0087965578125 0.6302957265625 0.1918778625
0 0.6483144456977156 0.32912362743068907 0.06450042069139794 0.06984094155801354
0 0.5548275554894186 0.14867642247999485 0.03234113855894431 0.038045470779006815
0 0.1917435 0.0210696359375 0.1713945578125 0.002991703125 0.0654958 0.0011432328125 0.181624240625 0.11100638437499999 0.2297627359375 0.1234007859375 0.1917435 0.0210696359375