0 0.8502330906593549 0.32389291696759087 0.09200893992586642 0.08489315046753827
0 0.8236929272271765 0.21157017896964336 0.045114092558271326 0.039317030054229284
0 0.8118303334877787 0.17102244702182012 0.04053571996293322 0.04241475897699045
0 0.7541815245947714 0.16667129030776598 0.043551592558271325 0.039307939695149674
0 0.7058085119808994 0.14273888661877393 0.046785719962933216 0.042451120413308896
0 0.76774797287334 0.31499970599881055 0.04673115626060227 0.040888620413308895
0 0.4845014855720297 0.017400081676676768 0.043497028855940555 0.034800163353353536
0 0.9631015828124999 0.4450503078125 0.9837071875 0.42206659843749994 0.947399571875 0.2674012296875 0.8744855749999999 0.06879792500000001 0.8257756984375 0.057746653125000005 0.8652104203125001 0.16414900625 0.9281455781249999 0.3460089875 0.9631015828124999 0.4450503078125
0 0.5475838453125 0 0.6270825171875 0.1686954953125 0.7261474875 0.40267737031250006 0.76399023125 0.37546999062499997 0.722307065625 0.222837684375 0.614361440625 0.0097810953125 0.5712500281249999 0 0.5475838453125 0
0 0.6198015461943177 0.3018007901113743 0.06964286660488846 0.07070338544042354
0 0.5612871856646969 0.12092804001317839 0.03412202885594055 0.037690897540671967
0 0.1729686296875 0 0.210997821875 0.0482620453125 0.25497298281249997 0.0647472 0.2434365859375 0 0.1729686296875 0