0 0.17890625 0.2393244873090466 0.0796875 0.07436474801081765
0 0.23828125 0.13707109663431968 0.0390625 0.03326703333863614
0 0.2625 0.10007053596436528 0.0328125 0.03944430800445433
0 0.3203125 0.11033532662318382 0.0390625 0.03326703333863614
0 0.375 0.09798022994909325 0.0421875 0.036428396005727004
0 0.2625 0.25163303596436526 0.0421875 0.03642839600572696
0 0.63203125 0.023114400580867583 0.0359375 0.04573067067154522
0 0.219642275 0 0.100107115625 0.1608253546875 0.0184076203125 0.30287210937500003 0.0318363703125 0.33037527031249997 0.09566519531249999 0.24229335624999998 0.21163747968750002 0.0802493578125 0.2716522078125 0 0.219642275 0
0 0.4960602890625 0 0.3347164640625 0.1726833671875 0.24833522187499998 0.3114235078125 0.27745902031249997 0.3472888421875 0.4444615484375 0.143251875 0.5711554703124999 0 0.4960602890625 0
0 0.41171875 0.27567796861077526 0.0578125 0.0631727093411815
0 0.52265625 0.11266834392904872 0.0296875 0.03628294533736347
0 1 0.005519559375 0.9398005203125 0.0041178312500000005 0.889385996875 0.0384519859375 0.841307984375 0.1332985734375 0.889455725 0.128021759375 1 0.047366362499999995 1 0.005519559375