0 0.70703125 0.1765625 0.06484375 0.0703125
0 0.803125 0.228125 0.0296875 0.03515625
0 0.8375 0.2484375 0.03359375 0.0296875
0 0.8296875 0.30234375 0.0296875 0.03359375
0 0.84140625 0.35234375 0.03203125 0.03671875
0 0.9703125 0.30859375 0.03515625 0.0296875
0 0.9578125 0.384375 0.0453125 0.0453125
0 0.69765625 0.25390625 0.03125 0.03671875
0 0.91640625 0.5859375 0.04140625 0.03125
0 0.70294 0.1 0.8544124999999999 0.20146999999999998 0.99706 0.30147 0.9974999999999999 0.25441250000000004 0.77794 0.10146999999999999 0.6455875 0.0308825 0.6205875 0.0441175 0.70294 0.1
0 0.9974999999999999 0.5161775 0.77206 0.31764749999999997 0.6426475 0.2426475 0.610295 0.2705875 0.8014699999999999 0.4176475 0.9974999999999999 0.5808825 0.9974999999999999 0.5161775
0 0.6796875 0.3921875 0.05625 0.0515625
0 0.83125 0.4890625 0.03125 0.025
0 0.9974999999999999 0.9974999999999999 0.9974999999999999 0.9485300000000001 0.9073525 0.8235300000000001 0.8191174999999999 0.7823525 0.825 0.8264699999999999 0.939705 0.975 0.9661775 0.9974999999999999 0.9974999999999999 0.9974999999999999