0 0.6430152980187719 0.12335235382038141 0.08224997334499946 0.08782861474138896
0 0.7519817653564534 0.1528560562333327 0.0395715773392725 0.04465918977951393
0 0.7919800566915898 0.1652099326582285 0.041061352005090514 0.03844555737069451
0 0.7957686753659985 0.2221684474758674 0.03797271467218159 0.04149782218833335
0 0.8197697967059074 0.270060433608159 0.042696577339272325 0.04473192496187508
0 0.9376652740292712 0.1938589966784367 0.037936352005090865 0.03837282218833336
0 0.9448607033736345 0.27496352631371446 0.05690452800763594 0.05755923328249999
0 0.650210727363135 0.20445688345565918 0.0395715773392725 0.04465918977951393
0 0.9489049554025877 0.4882084087225339 0.05045453333863605 0.040226262917777686
0 0.5366099859375 0 0.5245580609375 0.010458057812500001 0.6210250765625001 0.047326778125 0.7981581156249999 0.11380613125000001 0.9488556421875 0.1740658109375 0.9380510265625001 0.1261107875 0.6975896453125 0.0307954109375 0.58091901875 0 0.5366099859375 0
0 1 0.40106406093749997 0.9972155562499999 0.388705634375 0.7409948859375 0.251382665625 0.59232983125 0.20643946875000002 0.56582963125 0.24254077812500002 0.7937298 0.3457020328125 1 0.448949709375 1 0.40106406093749997
0 0.6636203413828614 0.349496626521805 0.0694954346753633 0.0656626740119445
0 0.8409464573917699 0.41101208871840206 0.0363011266709087 0.03208645459715278
0 1 0.7369593859375 0.9940630671875 0.7317687515625 0.8949762453125001 0.7112223906249999 0.911032915625 0.7545379828125001 1 0.8272580218750001 1 0.7369593859375