0 0.7680678543695348 0.7346940017823667 0.08392362141421188 0.0789266335443795
0 0.6993327233366762 0.8256659942605193 0.040262901451278844 0.03551160266556721
0 0.6724329174388937 0.8584474020197934 0.035684528855940555 0.03850021034569906
0 0.6198535544622021 0.8443681816449647 0.03870040145127884 0.035466138558944496
0 0.5681273633552096 0.8505559971635132 0.043497028855940555 0.03872753087881229
0 0.5895707990199066 0.9740245894042389 0.03648313702330856 0.016670674452321777
0 0.5143079041920497 0.9613858485754389 0.05470734736759475 0.04685827962517095
0 0.6914334324998361 0.7166319750601893 0.04344246515360979 0.03716503087881229
0 0.31897061154111106 0.9007308080632083 0.039136911069925694 0.04796613855894449
0 0.8310330499999999 0.8145861765625 0.9254761828125 0.688248996875 0.916600646875 0.6613933375000001 0.8458086640625 0.73865598125 0.716922634375 0.8809147749999999 0.622683425 0.980865671875 0.6766037546875 0.9792967515625 0.8310330499999999 0.8145861765625
0 0.508938884375 0.8028547312500001 0.32019295937500003 0.9741581765625 0.3857369640625 0.9814986749999999 0.61470511875 0.7842762046875 0.7130638390625 0.6614188750000001 0.690705753125 0.6254473468749999 0.508938884375 0.8028547312500001
0 0.556832743206942 0.6823061023363627 0.06312004809323427 0.06427310015828454
0 0.4316640736994959 0.8248693385463091 0.030887901451278666 0.03523881802583091
0 0 0.909393003125 0.082043590625 0.8645771265625 0.13909239375 0.779690090625 0.0936884671875 0.7806903953125001 0 0.835712278125 0 0.909393003125