0 0.22104275610443547 0.585363210651735 0.0315709045679843 0.03749335594746519
0 0.07221799525030162 0.30173956241532895 0.028282130257724792 0.034204581637205855
0 0.15392061736742602 0.11179291384023844 0.03592421189493056 0.06109463025772479
0 0.27599701322898307 0.12419665931768269 0.0263101944820761 0.02631019448207601
0 0.29087174072774585 0.16885406207664466 0.02984463025772479 0.034286468792335524
0 0.3118636714150119 0.2554942469477822 0.025320904567984304 0.03716580732694634
0 0.17192133988934782 0.8887615275896199 0.05163109905006032 0.06347600180902227
0 0.2592941078680292 0.7173192175491401 0.03157090456798421 0.03749335594746519
0 0.6233543651041185 0.8925217769122513 0.0392196302577247 0.03477779172311415
0 0.7236410543862701 0.3396723366140468 0.02869156603337366 0.042017081637205765
0 0.7225245324508599 0.18383509441596288 0.0467798247398008 0.06010534034363309
0 0.898292410106593 0.7872389761440257 0.03058161465389233 0.04834896879233561
0 0.9809644320998036 0.8696995940772787 0.038071135800392855 0.0428359531885036
0 0.7374058197629598 0.7518005223896955 0.034859678878243726 0.0407821302577247
0 0.7753363511977669 0.29465972976207033 0.0329696302577247 0.034450243102595035
0 0.6780209379233553 0.24648890264742032 0.03592421189493056 0.06109463025772479
0 0.7882148094746528 0.2563818017883377 0.0263101944820761 0.02631019448207601
0 0.9486886420163698 0.2988924491202328 0.03477779172311415 0.03921963025772479
0 0.2501138596770516 0.7663708712126132 0.04127345318850324 0.04423467887824373
0 0.31306324400710617 0.03921414970674426 0.056891809135968606 0.07465916327441156