0 0.5695161945669235 0.803125 0.03452953610435348 0.0265625
0 0.2670275197024968 0.9125 0.031386355386194255 0.0234375
0 0.08983323974646332 0.80390625 0.05797612646343313 0.028125
0 0.11804407727687256 0.684375 0.023573855386194255 0.0234375
0 0.1640878303019347 0.67578125 0.031404536104353474 0.0265625
0 0.2538815833269968 0.6671875 0.03605567466803503 0.0203125
0 0.8645837757526209 0.8953125 0.05806703005422946 0.04375
0 0.7061213150784283 0.78359375 0.03452953610435365 0.0265625
0 0.9291577975172309 0.44609375 0.02989657825883114 0.0359375
0 0.39219763212077385 0.2703125 0.039198855386194255 0.0234375
0 0.23738286709365922 0.2484375 0.054923849336070064 0.040625
0 0.8610789214465813 0.15859375 0.045448855386194253 0.0234375
0 0.9544016745698393 0.08515625 0.039289758976990184 0.0390625
0 0.8041663669954634 0.31328125 0.0392352168225127 0.0296875
0 0.35435674365528824 0.21171875 0.0314227168225127 0.0296875
0 0.29394193930236623 0.3015625 0.05797612646343318 0.028125
0 0.3183147045258726 0.19375 0.023573855386194255 0.0234375
0 0.3822630541565303 0.03984375 0.03611021682251279 0.0296875
0 0.7538730138487643 0.8 0.03927157825883114 0.0359375
0 0.0411952309658646 0.63515625 0.06434430113146813 0.0484375