0 0.7725447024429274 0.5642828329960021 0.03455909057054072 0.0392196302577247
0 0.9374613428468521 0.2696210289484162 0.02809076674922295 0.034204581637205765
0 0.8627824822173198 0.08259574174785797 0.04033820967712849 0.06290279172311404
0 0.7395440353604729 0.10152388342554348 0.026164393713693813 0.026310194482076055
0 0.7218085717544029 0.147655254976841 0.03128854135632882 0.03593085594746528
0 0.696639443756475 0.23626073157109265 0.02674659057054072 0.0388101944820761
0 0.8090985167537322 0.8670902504542852 0.054473484284234173 0.06520227611928178
0 0.7280412235353765 0.6998828182966811 0.03299659057054054 0.03913774310259512
0 0.3526665802359676 0.8949075497521728 0.04066354135632881 0.03642217887824373
0 0.27786586497275867 0.3423767712580418 0.03001713978475227 0.042098968792335614
0 0.28517971298689726 0.18534552125804177 0.04964043507002262 0.06183161465389255
0 0.08023511621561294 0.8039737697877036 0.03187073821317572 0.048430855947465545
0 0.00627657826924225 0.8913310068974049 0.0125531565384845 0.04604284034363317
0 0.2444089321790477 0.7595200056542095 0.03633991439185813 0.04398901741285464
0 0.22759619127527558 0.30058874095488847 0.03441354135632881 0.03609463025772479
0 0.3275448413991101 0.24625204375927895 0.040410984284234355 0.06446529172311406
0 0.21617069375647496 0.2614410317734913 0.026164393713693723 0.0263101944820761
0 0.051633004757510946 0.31370729590698554 0.036194365177646425 0.040864017412854545
0 0.735160210715095 0.7478289953659025 0.04266268899896399 0.04587906603337348
0 0.7034481776264245 0.02869439054806141 0.0577440334984459 0.05738878109612282