0 0.8561979917321155 0.5919061764620966 0.03250496515360979 0.03721083992388792
0 0.9134350505403048 0.2650200242946498 0.026145837748948252 0.03383117193911023
0 0.7700967343909034 0.09222982862954342 0.03488592068857255 0.06071200692008223
0 0.65225695916316 0.13579680342067246 0.025873019237293703 0.026018671939110227
0 0.6523859339354164 0.1841706364244781 0.029270837748947898 0.03395850593149907
0 0.6587847560752678 0.2780479704168669 0.023184528855940557 0.03839133794672147
0 0.9892820490851015 0.888133872127203 0.021435901829796933 0.0629111768820259
0 0.8604366023465543 0.7356243429639994 0.02937996515360979 0.03708350593149916
0 0.5546330687661083 0.9938123028891998 0.03859127404661713 0.012375394221600545
0 0.2767882555271136 0.46453863836446335 0.028035719962933036 0.0432698389353046
0 0.22601938529402804 0.30644229547482604 0.04426092068857255 0.061094008897248565
0 0.24745548582648377 0.9649723784786316 0.028199411069925694 0.04795733893530461
0 0.3961261096029484 0.8883355771094876 0.03261409255827132 0.04033583992388756
0 0.2101538270339928 0.43295837452429886 0.032395837748947984 0.03408583992388792
0 0.29107395561978083 0.3598020588206989 0.03494048439090332 0.062274506920082205
0 0.18392614373154853 0.3967834525851887 0.024255955534962848 0.02439250494291585
0 0.03781752476440731 0.47976575444862435 0.032559528855940545 0.038773339923887915
0 0.8854837315653145 0.7826730979069153 0.04059028366526398 0.04534167490485981
0 0.5879464333024442 0.05906320707099401 0.054017866604888456 0.07241351087441492