0 0.785930957948034 0.5756746539728812 0.029589340912470875 0.03659211664124999
0 0.9258980192401909 0.2820675114960756 0.02464717292769336 0.03023301386770836
0 0.8395333907987403 0.10299956696690901 0.03360567885919252 0.05853985182361114
0 0.719142636350116 0.1268754376922216 0.026018671939110227 0.025581881458888935
0 0.7056093769585757 0.1716794446260758 0.029398339923887917 0.031904616641249994
0 0.6872002751716899 0.25952493674229105 0.024901840912470875 0.03648301386770836
0 0.8441785621691968 0.8701318623697561 0.04929434585538672 0.06046602773541672
0 0.7516130132715108 0.7091599544097216 0.029589340912471052 0.03659211664124999
0 0.3974653882529202 0.914871625856215 0.038837006920082205 0.03368532218833309
0 0.28346116844188807 0.37975435628892334 0.028217841901054187 0.04124324905006942
0 0.27879486756703564 0.22610267942718726 0.044543178859192525 0.05879442496187508
0 0.12277840604741738 0.836970057086354 0.02840884288963732 0.04593074905006915
0 0.04037047125672584 0.9247441204409721 0.043842841901054176 0.04160692496187508
0 0.2809065824351519 0.7872395479682983 0.03440417490485981 0.03982621941479163
0 0.22961592684484508 0.34120165577583317 0.032523339923887826 0.031977351823611146
0 0.324063605209746 0.2835872178961803 0.033669345855386903 0.06010235182361114
0 0.21551893475351047 0.3040653316876387 0.02276633794672147 0.02238414627652787
0 0.05866675688290117 0.36079072321451383 0.034340507908665406 0.038263719414791716
0 0.7629524198875818 0.7565070798846868 0.04078150889724856 0.04309668977951393
0 0.6797074046389048 0.0412000227498782 0.05643568380210837 0.0824000454997564