0 0.19609375 0.55234375 0.025 0.03203125
0 0.10703125 0.25546875 0.0203125 0.028125
0 0.21953125 0.09140625 0.025 0.053125
0 0.3328125 0.12578125 0.021875 0.021875
0 0.33828125 0.17109375 0.0234375 0.028125
0 0.3421875 0.25703125 0.01796875 0.03359375
0 0.09296875 0.8296875 0.03984375 0.053125
0 0.20859375 0.684375 0.0234375 0.03203125
0 0.5203125 0.91640625 0.03359375 0.0265625
0 0.715625 0.41171875 0.021875 0.03671875
0 0.74453125 0.2640625 0.03515625 0.0515625
0 0.79921875 0.8671875 0.021875 0.04140625
0 0.86484375 0.9609375 0.03671875 0.03515625
0 0.653125 0.80390625 0.0265625 0.03515625
0 0.7734375 0.37890625 0.0265625 0.028125
0 0.690625 0.315625 0.025 0.0546875
0 0.79296875 0.3453125 0.0203125 0.0203125
0 0.93671875 0.41484375 0.0265625 0.03359375
0 0.18984375 0.728125 0.03359375 0.03671875
0 0.38515625 0.0421875 0.0421875 0.084375