0 0.8150504061764285 0.5593841132234223 0.03234113855894449 0.03840928213245363
0 0.9566602108079174 0.2531759141604944 0.02600021034569906 0.035102425705962934
0 0.8644596536026391 0.06851742082441198 0.03454013605166182 0.0603297462390763
0 0.739627138163233 0.09322556730091512 0.027335389812585476 0.027335389812585587
0 0.7265217329112412 0.14122279810058522 0.029125210345699058 0.03519335391920828
0 0.708282546780437 0.23152118916681202 0.0244831744523216 0.03661946159934022
0 0.878014441278383 0.863542764318779 0.05021060015828453 0.062346887305303154
0 0.7805808147936327 0.6977706633025645 0.030778638558944492 0.03836381802583091
0 0.41525001682606144 0.9129149078257811 0.03845474623907634 0.033903638558944495
0 0.29085570289035856 0.3591941774218225 0.02935253087881238 0.04300585391920828
0 0.28457827381918344 0.1993561761681813 0.045477636051661906 0.06064799498543505
0 0.1295374888502429 0.8330217854976659 0.02948892319868044 0.04769335391920819
0 0.04489205271943875 0.9252524010953567 0.044977530878812386 0.04346049498543501
0 0.29342414410223466 0.7806372684089071 0.03399456677218975 0.04157974623907634
0 0.23507471582248232 0.3178848673135504 0.03225021034569897 0.035284282132453625
0 0.3320011916075875 0.25964280680956686 0.03619356426490725 0.06350021034569897
0 0.21975960438142667 0.2808622404330886 0.025727425705962936 0.025727425705962936
0 0.05723086064963283 0.3402325434152247 0.03390363855894436 0.03845474623907634
0 0.7932111954350182 0.7465802363429604 0.04029003087881229 0.043324102665567035
0 0.6956247370678763 0.02420959207612356 0.05145485141192587 0.04841918415224712