0 0.596159609375 0.38981123281249996 0.621079159375 0.45654564999999997 0.7058214625 0.6441837328125 0.7381824234375001 0.625492828125 0.6254149578125 0.38167247031249996 0.596159609375 0.38981123281249996
0 0.489590509375 0.22391097968749998 0.46194993437500004 0.2285104890625 0.518242828125 0.34781991875 0.5546789515625 0.3463355609375 0.5944631671875 0.34124133749999996 0.586131071875 0.30162414531250004 0.5412391921874999 0.2600254796875 0.489590509375 0.22391097968749998
0 0.29808796718749997 0.0050119265625 0.232558825 0.0076814921875 0.2813179703125 0.0812619796875 0.31880531562500003 0.15964545624999998 0.35262042031249996 0.182587378125 0.4617342765625 0.421345071875 0.5043082359375 0.49604785781249994 0.5529273875 0.44542557031249996 0.4885053984375 0.342081834375 0.46142586249999995 0.2632769640625 0.3657517671875 0.1108293515625 0.29808796718749997 0.0050119265625
0 0.111728890625 0.150708896875 0.162671640625 0.2163831671875 0.2209372546875 0.1931634734375 0.176932984375 0.1272065421875 0.1660379765625 0.113753903125 0.111728890625 0.150708896875
0 0.3821659375 0.4315361203125 0.45409545468749996 0.600585578125 0.5439822999999999 0.7862760421874999 0.6333357125 0.9919639468750001 0.6697468734375 0.9904806078125 0.5615522546875 0.7421301640625 0.46975032343749995 0.5513062093750001 0.409985678125 0.43214082343750004 0.3652331015625 0.2949886953125 0.30139329375 0.158616759375 0.21386943593750002 0.040579635937500004 0.1954512578125 0.0604405671875 0.2599943953125 0.1672528375 0.321007675 0.2724708734375 0.3821659375 0.4315361203125
0 0.6296875 0.647117835290914 0.059375 0.0706579336450254
0 0.44609375 0.010123652421950652 0.0640625 0.020247304843901304
0 0.81640625 0.7905627873808998 0.0421875 0.05805793969514959
0 0.728125 0.9043576426688983 0.059375 0.10503293364502539
0 0.73984375 0.9808519649758012 0.0390625 0.015852258976990184
0 0.53984375 0.549984280937992 0.046875 0.07058521077238851
0 0.6125 0.5050303292407898 0.0390625 0.03928975897699054
0 0.65703125 0.5836775040070208 0.0359375 0.05020907825883114
0 0.5734375 0.6443200882177803 0.0546875 0.05031816256778665
0 0.50234375 0.8267649495559029 0.0328125 0.042378397540672096
0 0.596875 0.722308732831586 0.059375 0.0831579336450254
0 0.42890625 0.17953594643264492 0.0328125 0.03925339754067201
0 0.39296875 0.4984950246914761 0.04375 0.08619203005422929
0 0.29921875 0.3435716962362532 0.0671875 0.05820338544042354