0 0.3826414375 0.583911396875 0.364127196875 0.5166674437500001 0.29752987656249996 0.3270870265625 0.2637370375 0.3445544 0.352902171875 0.59099075625 0.3826414375 0.583911396875
0 0.4728763765625 0.752627921875 0.5006881921875 0.7490128625 0.45595493906250006 0.6283847203125 0.4197168265625 0.6285957828125001 0.379827365625 0.6322811859375 0.38441639375 0.6719764703125 0.4250453140625 0.7149123265624999 0.4728763765625 0.752627921875
0 0.504424903125 0.71444999375 0.58511009375 0.8694072515625001 0.646084325 0.9840138265625 0.71078848125 0.9825078203125001 0.6660303984375 0.90174921875 0.6361421078125 0.8224818671874999 0.604761415625 0.7984879390625 0.5187477375 0.557214134375 0.4834790203125 0.48143119375000004 0.4306225515625 0.5300950390625 0.48488761875 0.6351249453125 0.504424903125 0.71444999375
0 0.8404854437499999 0.8385622546875 0.7960894265625 0.771469046875 0.7362112578125 0.792541421875 0.7737065046875 0.8596748234374999 0.7832562515625 0.8734340890625001 0.8404854437499999 0.8385622546875
0 0.37073041406249996 0 0.449535596875 0.2346732078125 0.5228327265625 0.427667678125 0.571019103125 0.548273115625 0.602667009375 0.686248021875 0.6532986578125 0.824109771875 0.72909315 0.9445570046875 0.749179825 0.925441628125 0.6951157218749999 0.8169574796875001 0.644401446875 0.7101816484375 0.5985268125000001 0.549840734375 0.5429040578125 0.3791947828125 0.47102930781249996 0.1913729359375 0.406994896875 0 0.37073041406249996 0
0 0.37384342931630304 0.3261370873872219 0.060677514828747545 0.07165810087368066
0 0.4958272923975334 0.9719009162250689 0.06689833992388791 0.032777438829583616
0 0.2011765449433534 0.17717617657739565 0.044479511862998054 0.057231924961875034
0 0.2985701511788636 0.06641855490215251 0.06201452174882984 0.10447060087368061
0 0.4525175745636676 0.42577210505465235 0.04811384783255317 0.06980466014423606
0 0.375798565666419 0.4697052494313191 0.03740184091247105 0.03677395459715278
0 0.3400467494685274 0.3893644392108331 0.037911176882026075 0.04927395459715278
0 0.4298069278334283 0.33185910410472186 0.05672484387822045 0.0512728656913195
0 0.5167524653995889 0.15187935695451343 0.03290534190105419 0.04135235182361115
0 0.41196019463934225 0.2526625665856594 0.06118685079830275 0.08415810087368066
0 0.5286437454770135 0.7986446009705898 0.03277800790866543 0.038227351823611144
0 0.5937845617120863 0.48336378666604113 0.045625517794497125 0.08535692496187508
0 0.6732598615983555 0.6399573191511105 0.06954317885919252 0.05937630642076393