0 0.6616287578125 0.5213846390625 0.6934446828125 0.5198487890625 0.733239534375 0.23895712812499997 0.69512969375 0.23097560625 0.6665530078125 0.446468434375 0.6616287578125 0.5213846390625
0 0.6330791234375 0.5785337140625 0.5960585093749999 0.5890916890625 0.5754693453125 0.7269088328125 0.60459895625 0.7223702015625 0.6455710031249999 0.6692161484375 0.67810979375 0.612815259375 0.6745471765625 0.5704762640625 0.6330791234375 0.5785337140625
0 0.4525147921875 0.843024096875 0.4384820484375 0.9337333453125 0.42487413281249997 0.9792582015625 0.48624807187499997 0.9760417296874999 0.514333984375 0.8762865906249999 0.5644773453124999 0.6923433921875 0.56793610625 0.6046525859375 0.6014913140625 0.48010190625 0.5374493796875 0.445587459375 0.5172027859375 0.5342999484375001 0.47955130468749996 0.8089255812499999 0.4525147921875 0.843024096875
0 0.2473463015625 0.920386596875 0.312985328125 0.939364328125 0.31987176875 0.9223219593750001 0.3441868890625 0.8418756406250001 0.2787112046875 0.8379297359375 0.2473463015625 0.920386596875
0 0.5067384671874999 0 0.48990428750000004 0.1424805109375 0.455577321875 0.35772740937499997 0.43426598906249997 0.550412221875 0.420760996875 0.729561215625 0.3911916046875 0.8548582078125 0.358605703125 0.9827311828124999 0.38855139375 0.9811617953124999 0.435346665625 0.84980616875 0.4583748296875 0.692446134375 0.46200878906250004 0.5406143421875 0.486126178125 0.4017938046875 0.5208301015625 0.1807846421875 0.5423791890625 0 0.5067384671874999 0
0 0.6176721994586393 0.25322025949939675 0.07584709765100221 0.08666119629109836
0 0.6246452089590437 0.9500100503179997 0.07287521034569906 0.03814180913596843
0 0.7627022399708702 0.04766189902937571 0.058204956584775404 0.07013543758467107
0 0.6422246039192083 0.01232077905995789 0.07819920783841657 0.02464155811991578
0 0.5572013638818312 0.3800151328597166 0.06325616943775678 0.08288109905006032
0 0.6438890216411053 0.4012925893275803 0.04663095909205772 0.04768722749876275
0 0.6638401572970558 0.3071364755781988 0.0501196719450391 0.06035100180902227
0 0.5611637866848002 0.2741778906616327 0.06739810015828454 0.06437676051544958
0 0.43605482343610724 0.11563945160662362 0.04359688730530316 0.050648453188503285
0 0.5633507608205527 0.18799472919624344 0.07938127461060632 0.10088747060135783
0 0.5573032816037282 0.7868792865231897 0.04198892319868044 0.049004066033373664
0 0.42555421027919194 0.4808074282008753 0.06531877461060631 0.10015048620519007
0 0.37694452870073436 0.6656637850528517 0.08182431301126591 0.07761374491161739