0 0.4032324765625 0.430903640625 0.4627563390625 0.3996884484375 0.6279145859375 0.29791713125 0.60533018125 0.2691222859375 0.39111909843750003 0.4038960421875 0.4032324765625 0.430903640625
0 0.2619640296875 0.5510788015625 0.2704792140625 0.5769400828125 0.3751326953125 0.5099297359375 0.36824890625 0.4753287890625 0.357439453125 0.4379355078125 0.321131646875 0.45030115156250006 0.28844034375 0.49777200468749994 0.2619640296875 0.5510788015625
0 0.0680689140625 0.77102974375 0.0805251296875 0.8336401562500001 0.15802601875 0.765705296875 0.2267050953125 0.721199946875 0.2433732515625 0.6863775703125 0.4533336890625 0.5556542343750001 0.5177586453125 0.5067055875 0.4624571484375 0.4659563984375 0.3741622109375 0.5389439171875 0.3035192828125 0.5735653765625 0.173367409375 0.6818455 0.0680689140625 0.77102974375
0 0.24935701406250002 0.9197827453125 0.303964375 0.8638550625000001 0.2731927453125 0.8108474234375 0.217274515625 0.8601860984374999 0.2061579421875 0.8720811359375 0.24935701406250002 0.9197827453125
0 0.34804263125 0.6618156374999999 0.22834691093749998 0.737928684375 0.1295938203125 0.8345969828124999 0.15119184375 0.8499575953124999 0.242757009375 0.7764679078125 0.3333412703125 0.706523996875 0.47495504843749997 0.6304404203125 0.6244156624999999 0.5429664453124999 0.7869541734375 0.43650340937500004 0.9866144875 0.3175471875 0.9797306984375 0.28294624062499996 0.7424596359375 0.42465873125 0.5753420265625 0.533521225 0.471346925 0.6038281703124999 0.34804263125 0.6618156374999999
0 0.6422736606075847 0.37005602917046654 0.07598417984777565 0.06292724687674198
0 0.05808829748917342 0.620503397540672 0.049612680836358836 0.06746021077238851
0 0.7499402860832859 0.17541621574235822 0.061348676882026255 0.048782933645025485
0 0.8715871344101307 0.2472008330324092 0.10898768083635879 0.06780564441741399
0 0.9528543804557981 0.22892807688408912 0.039219008897248386 0.04240566861791084
0 0.5634085143716371 0.46644924013924677 0.07391234387822046 0.05041815651766246
0 0.5100169175276671 0.4020913034691592 0.04065417490485963 0.039289758976990365
0 0.5782602401513494 0.35171911962774194 0.053217841901054184 0.04092498184962743
0 0.6476270054743886 0.4247617098886257 0.05704317885919252 0.05813066256778665
0 0.8315364318621231 0.47191448672140124 0.043651840912470874 0.03618293969514959
0 0.7181968320524035 0.3931486164062882 0.08854784684397003 0.06456246974937896
0 0.22886371250820145 0.6136862918598901 0.043651840912471054 0.03618293969514959
0 0.5365488785158126 0.6123520925985748 0.08810217787060921 0.053624969749379046
0 0.4042549847513229 0.7201504361791082 0.06692751482874755 0.07068520472226432