0 0.4072068765625 0.443214990625 0.4709710453125 0.41115126249999995 0.64779971875 0.3058892046875 0.6233518640625 0.274370121875 0.39402157656250003 0.4138794609375 0.4072068765625 0.443214990625
0 0.2561636328125 0.5688589453125 0.2654754109375 0.59687208125 0.377508121875 0.5274607312499999 0.36989456249999997 0.4900936953125 0.35804529375 0.44962666249999994 0.31910920625 0.4620095609375 0.284279065625 0.5122197 0.2561636328125 0.5688589453125
0 0.0653908296875 0.787029321875 0.07908356093749999 0.8542326812500001 0.14582451875 0.7969694125 0.21934291093749997 0.750848696875 0.2370350625 0.7138337 0.4618233140625 0.5785718953125001 0.530742721875 0.5275682390624999 0.4710647234375 0.48237904687500005 0.376647084375 0.5586254484375 0.30095656875 0.59407219375 0.1617838125 0.707207996875 0.0653908296875 0.787029321875
0 0.244927021875 0.9648844265625 0.3032534796875 0.9061326296875001 0.2698565796875 0.8483806859374999 0.2100802828125 0.90001673125 0.1982097953125 0.9125248859375 0.244927021875 0.9648844265625
0 0.48552448437500006 0.6595056171875 0.64557526875 0.5692193171875 0.8195595765625001 0.45884821875000004 0.9849474078125 0.36379740156249996 0.9773468890625001 0.326494371875 0.7716749875 0.445000925 0.592785365625 0.5578366156250001 0.4814807515625 0.6308081640625 0.3493507921875 0.6900530218750001 0.2212118859375 0.768872525 0.115705084375 0.8703127593750001 0.13900888125 0.8873658890625 0.23693730937500002 0.8106616093750001 0.3338339453125 0.7377443140625 0.48552448437500006 0.6595056171875
0 0.6642038701500372 0.3843624230738013 0.08320495658477522 0.07097177956950462
0 0.04580217728880853 0.6356485556243525 0.034858384798020656 0.07184076674922295
0 0.7791145016493526 0.17750245512450527 0.06404577962517113 0.05603598428423431
0 0.9085950646606186 0.25687108560363264 0.11619931301126626 0.07875004631872758
0 0.5797499652937569 0.4849745450758733 0.07976170783841656 0.05988873035529281
0 0.5215450087089817 0.4151671592200625 0.04502299498543501 0.045787688998963995
0 0.5941270508705652 0.3623739530575906 0.057522994985435005 0.0463698858558109
0 0.6697922920950765 0.44235685959156595 0.06123902837152997 0.06682793507002245
0 0.8680084832404458 0.497620210086904 0.04640363855894449 0.03961046360606986
0 0.7453091176427548 0.40998531533975296 0.09423338479802065 0.07460620181924557
0 0.22057485675569516 0.6359868116202085 0.04484113855894432 0.03953768899896417
0 0.5515520721159591 0.6420400283266503 0.0954321719450391 0.06217897642635144
0 0.4096721121659715 0.7532407398658055 0.07258570533113406 0.08139985731976367