0 0.55117126875 0.6085204953125001 0.5797064015625 0.62146874375 0.73064893125 0.3924939390625 0.700526334375 0.3683529859375 0.5864396937499999 0.5448941671875 0.55117126875 0.6085204953125001
0 0.5025249578125 0.64591518125 0.4656983140625 0.6385569515625 0.390706428125 0.7504232953125001 0.41812636875000003 0.7595253578125 0.4760159125 0.731224259375 0.527851365625 0.6962798265625 0.54221869375 0.6574696375 0.5025249578125 0.64591518125
0 0.11834321875 0.9442645703125001 0.18474884687499998 0.9575328937500001 0.27538195625 0.8542281796875001 0.395347146875 0.7151060578124999 0.43460800156249996 0.639594325 0.5154895453125 0.5452139796875 0.47358763281250005 0.4861010265625 0.41918278124999997 0.5549662375 0.2727085421875 0.7793974390625 0.23491203437500002 0.7972143890625001 0.18513143125 0.87062691875 0.11834321875 0.9442645703125001
0 0.023030971875 0.7730012671875001 0.07275212187499999 0.8191776781250001 0.0858318296875 0.8072949359375 0.140389525 0.74752274375 0.0846015125 0.7146302906249999 0.023030971875 0.7730012671875001
0 0.3681723421875 0.53571150625 0.4466728015625 0.4245489171875 0.5684116171875 0.24591333437500001 0.6956820703125 0.0430140453125 0.6589216625 0.0356690515625 0.5571161625000001 0.198352171875 0.4380884796875 0.372093059375 0.3397957921875 0.5318547046875 0.2539408515625 0.6832287015625 0.17624630624999998 0.7800561515625 0.09472543125 0.8779321140624999 0.11049717343750001 0.9010187046875 0.2170547546875 0.7954594140625 0.30225925625 0.6675141015625 0.3681723421875 0.53571150625
0 0.6230319372592628 0.35282828647222275 0.06766019867214013 0.08281380642076393
0 0.34047590808879624 0.9736804214464934 0.07211134933607007 0.04229790919430556
0 0.8354506449083934 0.2374435950771882 0.05348861436318479 0.06373649810013893
0 0.7627449188143025 0.10995306829170204 0.07408291549465282 0.11264677678548614
0 0.5178399223303439 0.43711040786312544 0.056704517953980904 0.07943423328249999
0 0.5854814194034778 0.4949423980794797 0.04400453005422929 0.04476829255305557
0 0.6413819614597596 0.42201469756638943 0.04407725292686635 0.057268292553055565
0 0.5652467083365016 0.34679518559854217 0.0644079336450254 0.06086607123840286
0 0.5202892532214538 0.1504098416587157 0.03776362041330898 0.04618532218833336
0 0.6016296359314028 0.27106914019569495 0.07084883118569749 0.09382404160312507
0 0.34932925420341243 0.7949560094023961 0.03775453005422928 0.044622822188333265
0 0.361399024789672 0.4662861487450698 0.058357921544777015 0.09509560087368066
0 0.2418127117543472 0.6072722118153474 0.07853406615858276 0.07213087955902786