0 0.46333250000000004 0.39 0.6466675000000001 0.315 0.63 0.2833325 0.3916675 0.38333249999999996 0.3983325 0.41166749999999996 0.46333250000000004 0.39
0 0.23500000000000001 0.5083325000000001 0.2383325 0.5349999999999999 0.355 0.485 0.355 0.45 0.3516675 0.41166749999999996 0.3133325 0.4183325 0.2716675 0.45999999999999996 0.23500000000000001 0.5083325000000001
0 0 0.7583325000000001 0.09 0.7033324999999999 0.1666675 0.67 0.19 0.6383325 0.4233325 0.5416675 0.49666750000000004 0.5033325 0.45 0.45499999999999996 0.3483325 0.5133325 0.2716675 0.5366675 0.1216675 0.6233325 0 0.6950000000000001 0 0.7583325000000001
0 0.215 0.8216675 0.195 0.765 0.13 0.805 0.1166675 0.8150000000000001 0.15 0.8683325 0.215 0.8216675
0 0.2983325 0.63 0.16499999999999998 0.6866675 0.0483325 0.7666675 0.0666675 0.7849999999999999 0.1716675 0.7266675 0.275 0.6716675000000001 0.43 0.6183325 0.595 0.5549999999999999 0.7766675000000001 0.475 0.9974999999999999 0.3883325 0.9974999999999999 0.3533325 0.735 0.4566675 0.5483325 0.5383325 0.4316675 0.5916675 0.2983325 0.63
0 0.646875 0.38828125 0.06640625 0.053125
0 0.01953125 0.54609375 0.03828125 0.06171875
0 0.79140625 0.21328125 0.053125 0.03984375
0 0.89765625 0.3015625 0.0984375 0.053125
0 0.98125 0.29609375 0.0328125 0.03828125
0 0.55 0.47109375 0.06640625 0.04140625
0 0.509375 0.39921875 0.03515625 0.03515625
0 0.58671875 0.36015625 0.046875 0.03359375
0 0.64140625 0.4421875 0.046875 0.0515625
0 0.8140625 0.51640625 0.03828125 0.0296875
0 0.7171875 0.421875 0.078125 0.053125
0 0.18984375 0.56484375 0.03671875 0.0296875
0 0.49453125 0.61015625 0.08203125 0.03984375
0 0.3421875 0.6953125 0.0546875 0.06328125