0 0.9650000000000001 0.41 0.9775 0.395 0.97 0.2925 0.8875 0.27 0.835 0.27 0.8025 0.275 0.7825 0.29500000000000004 0.7925 0.3125 0.7825 0.3825 0.9475 0.41 0.9650000000000001 0.41
0 0.6725 0.4025 0.665 0.3625 0.6174999999999999 0.3325 0.5974999999999999 0.3375 0.5900000000000001 0.32999999999999996 0.5349999999999999 0.3525 0.5275000000000001 0.375 0.5475 0.41 0.655 0.41500000000000004 0.6725 0.4025
0 0.7424999999999999 0.6174999999999999 0.745 0.575 0.735 0.5575 0.6025 0.5375 0.5825 0.54 0.5900000000000001 0.585 0.7224999999999999 0.6275000000000001 0.7424999999999999 0.6174999999999999
0 0.5925 0.5775 0.5974999999999999 0.5575 0.595 0.54 0.5325 0.5275000000000001 0.4175 0.5175 0.355 0.5175 0.3275 0.5275000000000001 0.3225 0.5425 0.35750000000000004 0.58 0.5650000000000001 0.5875 0.5925 0.5775
0 0.39249999999999996 0.6799999999999999 0.40750000000000003 0.6625 0.40750000000000003 0.6224999999999999 0.3975 0.6 0.29 0.5974999999999999 0.2475 0.6174999999999999 0.2475 0.6575 0.26749999999999996 0.6875 0.3625 0.6875 0.39249999999999996 0.6799999999999999
0 0.28125 0.5334375 0.25875 0.5159374999999999 0.21625 0.5184375 0.20625 0.5334375 0.20625 0.5809375 0.27875 0.6009375 0.28875 0.5584374999999999 0.28125 0.5334375
0 0 0.8925000000000001 0.05500000000000001 0.9175000000000001 0.08 0.9175000000000001 0.12 0.8975 0.13 0.8724999999999999 0.12 0.8324999999999999 0.1075 0.8175000000000001 0.0775 0.8125 0 0.8175000000000001 0 0.8925000000000001
0 0.1875 0.8324999999999999 0.185 0.7875 0.15 0.7775000000000001 0.0925 0.7825 0.095 0.825 0.1125 0.8375 0.175 0.8425 0.1875 0.8324999999999999
0 0.0725 0.7075 0.1375 0.7 0.14250000000000002 0.6925 0.145 0.65 0.135 0.6375 0.027500000000000004 0.6275000000000001 0.01 0.645 0.0025 0.67 0.0075 0.6925 0.02 0.7025 0.0725 0.7075
0 0.225 0.6900000000000001 0.22000000000000003 0.6375 0.14250000000000002 0.6375 0.145 0.6975 0.19 0.7 0.225 0.6900000000000001
0 0.4375 0.9525 0.445 0.845 0.4175 0.8300000000000001 0.3875 0.845 0.38 0.8525 0.38 0.945 0.3975 0.9625 0.4375 0.9525
0 0.135 0.5925 0.1325 0.545 0.12 0.5349999999999999 0.0675 0.5349999999999999 0.042499999999999996 0.55 0.0375 0.5825 0.057499999999999996 0.605 0.11750000000000001 0.6075 0.135 0.5925
0 0.265 0.95 0.28500000000000003 0.9225 0.27999999999999997 0.8949999999999999 0.2475 0.89 0.23500000000000001 0.8975 0.215 0.9275 0.21749999999999997 0.9400000000000001 0.2325 0.95 0.265 0.95
0 0.0925 0.9475 0.057499999999999996 0.9724999999999999 0.057499999999999996 0.9974999999999999 0.20750000000000002 0.9925 0.14250000000000002 0.95 0.0925 0.9475
0 0.34140625 0.84921875 0.0578125 0.0359375
0 0.3296875 0.909375 0.059375 0.05625