0 0.6125978625 0 0.599159834375 0.013178071874999999 0.60090098125 0.0318519 0.6466262453125 0.205867459375 0.72023535625 0.18997349531250002 0.7398813109375 0.199338453125 0.7592068750000001 0.1765045890625 0.7613021765625 0.141451534375 0.7560787359375001 0.085430046875 0.7242353203125 0 0.6125978625 0
0 0.640698625 0.45868227812500006 0.6799905328125 0.4774121953125 0.7032242015625 0.4677302375 0.7217319015625 0.40736217343750003 0.7129924046875 0.39991873437500003 0.7163313812500001 0.37820412812500004 0.679632246875 0.3297565375 0.636255153125 0.32473815625 0.6246741484375 0.34434470156249997 0.640698625 0.45868227812500006
0 0.49934049218750004 0.40950679843750004 0.4648420796875 0.26961157812500003 0.44519612343750004 0.26024662187500003 0.400149540625 0.2660855421875 0.3914817015625 0.2881732328125 0.4499599890625 0.4263895640625 0.49866594375 0.43103485781249995 0.49934049218750004 0.40950679843750004
0 0.4497829109375 0.45325300625000003 0.4784212296875 0.674111634375 0.5218699828125 0.708661146875 0.5373590953125 0.7022065109375 0.5452807296875 0.6721157484375 0.539062346875 0.605423503125 0.516962803125 0.483455940625 0.49742226718750004 0.41769640937499997 0.4785225203125 0.416334521875 0.45770454687499995 0.4231622453125 0.4497829109375 0.45325300625000003
0 0.37280518906250004 0.7781698203125 0.4067682375 0.7972728234375001 0.4493991265625 0.7942881359375 0.4664860703125 0.7474450625 0.45312602343749997 0.632920940625 0.42815120625 0.62392906875 0.38552031875 0.6269137578125 0.3683617171875 0.6442256984375 0.363353246875 0.6767976078125 0.37280518906250004 0.7781698203125
0 0.5430947328125 0.8320325078125 0.5580863765624999 0.8202424890625 0.55652230625 0.7747052171875 0.535632675 0.7520018125 0.5082421640625 0.745864171875 0.4639417859375 0.7597061640625 0.4924705546875 0.8355768250000001 0.5430947328125 0.8320325078125
0 0.25865829218749997 0.9961963421875 0.25848754375 0.9902414015625001 0.250173859375 0.9586022109375 0.2329436015625 0.94638301875 0.18931777031250002 0.9386969484375 0.1636684078125 0.9512331375 0.146332728125 0.9954085203125 0.1465885796875 0.9981525265625001 0.25865829218749997 0.9961963421875
0 0.28896829999999996 0.9719967484375 0.28857624843749996 0.91026679375 0.27443623281249996 0.8736653078125001 0.22622775 0.8743553937499999 0.216813703125 0.8884400156250001 0.228360946875 0.9547591750000001 0.2434242453125 0.972500290625 0.28896829999999996 0.9719967484375
0 0.43927676875 0.9158265234374999 0.42495967500000004 0.9060884781249999 0.37991309218749997 0.9119274015625001 0.3724172703125 0.917822409375 0.370891096875 0.9877419749999999 0.37211870937499997 0.9942158828125001 0.45369764687499997 0.9927919171875 0.43927676875 0.9158265234374999
0 0.36719382968750003 0.8618009234375 0.374335496875 0.9096327953125 0.4385305625 0.907823453125 0.43081976875 0.8251250656250001 0.374369259375 0.8237070921875 0.36719382968750003 0.8618009234375
0 0.19300677500000002 0.6618729203125 0.206008534375 0.6287413843749999 0.1872858640625 0.600516053125 0.0734615578125 0.6165404734375 0.06678359843750001 0.659969684375 0.087175759375 0.6773377109375 0.1857596875 0.67043561875 0.19300677500000002 0.6618729203125
0 0.5552342703125001 0.9802058828125 0.5500108296875 0.9241843968750001 0.5381094328125 0.9115921203124999 0.487236515625 0.9124687484375 0.47299108125 0.932261834375 0.48111304062500004 0.9923133796875 0.5499376859375 0.9911120406249999 0.5552342703125001 0.9802058828125
0 0.1222433015625 0.8520994390625001 0.152226584375 0.8285194046875001 0.15897619999999998 0.8146213265625001 0.15041378125 0.7803144453125 0.12060757656250001 0.7770310390625 0.09328872187500001 0.80042453125 0.0965222796875 0.8351044984374999 0.10867241406249999 0.850364465625 0.1222433015625 0.8520994390625001
0 0.053714315624999995 0.8649526296875001 0.0662645953125 0.9995545859374999 0.104504790625 0.9988871015624999 0.1131158859375 0.9843085874999999 0.10547675000000001 0.9311413343750001 0.053714315624999995 0.8649526296875001
0 0.19315831726083693 0.7111987784102143 0.043235346843970034 0.06477161201270895
0 0.13051373722278084 0.7279283567377031 0.06517401384016441 0.06671594155801372