0 0.5265961484374999 0.0061275015625 0.5651546921875 0.16696129375 0.6399032859375 0.150462303125 0.659533234375 0.15981335000000002 0.6795969937499999 0.1366182625 0.6825387765625 0.101172740625 0.678579021875 0.044574403125 0.6656867578125001 0.007745967187499999 0.5265961484374999 0.0061275015625
0 0.5532174796875 0.42255274062500003 0.5924773734375 0.4412548375 0.6161804625 0.43133131562499993 0.636300915625 0.3701997734375 0.627645646875 0.3627269796875 0.6315302296875 0.34075725156250003 0.5955892375 0.2919999546875 0.55187908125 0.2871821078125 0.5397163515625001 0.30706935468749996 0.5532174796875 0.42255274062500003
0 0.41154614843750004 0.373674815625 0.37998024375 0.2324652015625 0.360350296875 0.2231141546875 0.31469785156249996 0.2292811703125 0.3054202109375 0.25165935156249997 0.36125488125 0.391030921875 0.4103580953125 0.39544031562500004 0.41154614843750004 0.373674815625
0 0.3604439484375 0.41818674062500005 0.3841839953125 0.641272259375 0.42727177968749996 0.675941084375 0.44307383749999996 0.669325403125 0.4517858 0.6388617453125 0.44707180625 0.5714827703124999 0.42761193906250006 0.4483223609375 0.40941529687499995 0.3819645203125 0.3903510296875 0.38069894843749996 0.3691559109375 0.387723084375 0.3604439484375 0.41818674062500005
0 0.275021365625 0.7470797453125 0.30888820156249996 0.7661902921875 0.35203267656250004 0.7629226625000001 0.3703994 0.7154711421875 0.359594803125 0.5997835312500001 0.33457179375 0.5908409375 0.2914273203125 0.5941085687500001 0.27368296875000003 0.6117091109375 0.267856096875 0.6446637 0.275021365625 0.7470797453125
0 0.4458147265625 0.8005256562499999 0.46123966406249994 0.7885196578125 0.46073067968750003 0.742497728125 0.4401579328125 0.7196708843749999 0.41262695781250003 0.713627678125 0.367540190625 0.727880171875 0.3945806609375 0.80440596875 0.4458147265625 0.8005256562499999
0 0.15472946406250002 1 0.15452541875 0.9621231796874999 0.1468696421875 0.9301897234375 0.129747665625 0.9179392906249999 0.08584895000000001 0.9104262859375 0.059637890625 0.9232491921875001 0.041082609375 0.9680055515625 0.04296820625 0.9949571421875 0.0457087859375 1 0.15472946406250002 1
0 0.1857524171875 0.9435015015625 0.186808603125 0.8811043906249999 0.173382646875 0.8441890703125001 0.12465655312499999 0.845169996875 0.1148132328125 0.8594626999999999 0.124920284375 0.9264332234375001 0.1397228515625 0.9442782 0.1857524171875 0.9435015015625
0 0.357689815625 1 0.3389456265625 0.885838634375 0.3247087390625 0.8760791328125 0.27905629374999996 0.88224615 0.271343825 0.8882491515625001 0.2681567859375 0.958935965625 0.27499189999999996 1 0.357689815625 1
0 0.26738406875 0.831650809375 0.2734746734375 0.8799594453124999 0.338379946875 0.8777531578125 0.33253459687500003 0.7942032265625001 0.2755303515625 0.7931016750000001 0.26738406875 0.831650809375
0 0 0.6459842250000001 0.0885652140625 0.639276565625 0.096089125 0.6305784078125 0.1100055875 0.5970111375 0.0917522515625 0.56858975 0 0.5820022859375 0 0.6459842250000001
0 0.40562311093750003 0.9864568468750001 0.44030087812499996 0.9784115765625 0.454594459375 0.950234625 0.4506347046875 0.8936362859375 0.4389057890625 0.8809773984374999 0.38748316250000003 0.88216255 0.3726239015625 0.9022540250000001 0.3798458640625 0.966733615625 0.40562311093750003 0.9864568468750001
0 0.058110934375 0.7851833984375001 0.050266599999999995 0.750554784375 0.020227653125 0.7474109624999999 0.007430675 0.758232678125 0.011911540625 0.8222794562500001 0.020114265625 0.8232838703124999 0.05096414375 0.799271875 0.058110934375 0.7851833984375001
0 0.0951672605566021 0.680932921347863 0.044895488635914284 0.06613407733927232
0 0.033121228089198027 0.6989647586728178 0.06523526217486461 0.0679329346753633