0 0.2977427125 0.96705135 0.302572253125 0.787173684375 0.2265883390625 0.78513473125 0.2101585609375 0.7713740765625 0.184929509375 0.7889642015625 0.1729766078125 0.8225137453125001 0.16219856562499999 0.8781675890624999 0.16840456406249998 0.9613664921874999 0.2946632703125 0.9829524484375 0.2977427125 0.96705135
0 0.379861121875 0.543022078125 0.347001565625 0.5155007703125001 0.321698325 0.5193885640625 0.2866435234375 0.5736298328125 0.29302497656250004 0.5829346328125 0.2836382734375 0.6032332625 0.30557140625 0.6590037468750001 0.3462779453125 0.674176975 0.36307258125 0.6578827796875 0.379861121875 0.543022078125
0 0.5032297921875 0.6243483890625 0.4971511984375 0.7684194234375 0.513580975 0.782180078125 0.5589808671875 0.787203990625 0.5736483531250001 0.767808196875 0.5559634250000001 0.6196744046875 0.5099761046875 0.60359834375 0.5032297921875 0.6243483890625
0 0.5637362171875 0.5936239921875 0.59841396875 0.372304553125 0.5659934609375 0.32843073125 0.5491246328125 0.33102259375 0.532917428125 0.3583689359375 0.5200864265625 0.4246235125 0.5070389484375 0.5483375968749999 0.507409903125 0.6168492578125 0.525379403125 0.6226593625 0.5475290109375 0.620970334375 0.5637362171875 0.5936239921875
0 0.73042743125 0.29630891406250004 0.7028486578125 0.2696904421875 0.6606023999999999 0.2624677640625 0.6307541875 0.30390953593750003 0.61132525625 0.4183188203125 0.6330358171875 0.4329823078125 0.6752820765624999 0.4402049859375 0.69684425625 0.427463809375 0.710924309375 0.39701586718750004 0.73042743125 0.29630891406250004
0 0.58028770625 0.2035608359375 0.5623923984375 0.2114530640625 0.5510269250000001 0.2560547578125 0.5648905046875 0.283066325 0.589754696875 0.2955310484375 0.6366943078125 0.2926044125 0.6304551390625 0.212137765625 0.58028770625 0.2035608359375
0 0.9974521921875 0.0845957109375 0.9137578187500001 0.0702868109375 0.9014532390625 0.117465878125 0.9005751390625001 0.1501709078125 0.913851284375 0.16613032656249999 0.954044584375 0.1839537359375 0.98250145625 0.177867178125 0.9947612124999999 0.161655284375 0.9974521921875 0.0845957109375
0 0.8666891015625 0.1279499671875 0.8496037984375 0.188001340625 0.8529800015625 0.226909571875 0.899993803125 0.2376852671875 0.91312156875 0.22624002187499997 0.9206717890625 0.1590826125 0.9110625125 0.13827424531250002 0.8666891015625 0.1279499671875
0 0.7613702171875001 0.1647026015625 0.770317871875 0.1607564875 0.7915832859374999 0.0932059828125 0.7957716734375 0.0501151796875 0.7157938453125 0.036441684375 0.70482133125 0.14682086875 0.7159703281249999 0.1596786890625 0.7613702171875001 0.1647026015625
0 0.75953983125 0.2164103296875 0.7661377593750001 0.16825561875 0.7032816109375 0.15477141875 0.68737116875 0.236927090625 0.7417929046875 0.25170722031250004 0.75953983125 0.2164103296875
0 0.9840295109375001 0.46897101562500004 0.9792919234375 0.46206313593750004 0.8815974484375 0.4453606921875 0.8721365546875001 0.451956990625 0.8501353265624999 0.48105068125 0.8603320343749999 0.5129111984375 0.9754085765625 0.5243715953125 0.9826410453125 0.5087314703125 0.9840295109375001 0.46897101562500004
0 0.6667490875000001 0.033532553124999996 0.6313975203125 0.0329644921875 0.610422775 0.0567578203125 0.5996447328125 0.11241166093749999 0.607640096875 0.1274682453125 0.6572942890625 0.13869535625 0.6767293171875 0.12285258125000001 0.6864066875 0.058796773437500005 0.6667490875000001 0.033532553124999996
0 0.9484050421875001 0.31167225625 0.9470137015625 0.3470274703125 0.9750315234375 0.35729342656249996 0.9881538093750001 0.35086656875 0.9904235515625001 0.2858696625 0.9588924140625 0.2997755953125 0.9484050421875001 0.31167225625
0 0.8862772288637899 0.4034411981221762 0.049221239200226564 0.0677329400063634
0 0.9519567925661206 0.40264231413108487 0.07125993030721958 0.07267497867599956