0 0.0852256015625 0.3081651515625 0.261379646875 0.3139141734375 0.262943296875 0.2395969140625 0.2763234078125 0.2236033890625 0.25895640625 0.1988236625 0.2260384171875 0.1869399953125 0.17148378125 0.1760796828125 0.08191238281249999 0.1822362515625 0.0566133125 0.2864774109375 0.067040725 0.30454504843749997 0.0852256015625 0.3081651515625
0 0.5008799859375 0.3909103875 0.527640209375 0.3589233375 0.5236893703125001 0.334149090625 0.4703795765625 0.299548846875 0.46130516093749996 0.3057382984375 0.441376371875 0.2964404203125 0.38689383906249997 0.3175781203125 0.372268884375 0.357311578125 0.388318940625 0.373833221875 0.5008799859375 0.3909103875
0 0.4219523109375 0.5111286328125 0.2808510796875 0.5043617375 0.26747096875 0.520355265625 0.262810409375 0.5647376609375 0.2818852703125 0.57919615625 0.42682918281250004 0.5627402765625 0.44230806562499997 0.5178462046875 0.4219523109375 0.5111286328125
0 0.4523806171875 0.5704921609375 0.6692822234375 0.6056753296874999 0.7120564500000001 0.5742109140625 0.7094225578125 0.55769475 0.6825541765625001 0.5416847828125 0.6176081796874999 0.5287558390625 0.4963996875 0.5152878171874999 0.4293188671875 0.5152604140625 0.423732275 0.5328054140625 0.4255122359375 0.55448219375 0.4523806171875 0.5704921609375
0 0.7444449796875 0.7352462578125001 0.7703512734375 0.708419821875 0.7771827078125 0.6671348906250001 0.7364351453125 0.6377007453125 0.6243010671875 0.6180432703125 0.610067025 0.6391974109375 0.603235590625 0.6804823421874999 0.615833878125 0.7016474453125 0.6457270640624999 0.7155942640624999 0.7444449796875 0.7352462578125001
0 0.8344037515625 0.58890513125 0.826574178125 0.5713546515625 0.782837865625 0.5599826625000001 0.7564685546875001 0.5733904015625 0.7444053890625 0.5976420078125 0.7475383484375 0.6435758765624999 0.826291425 0.6379309859375 0.8344037515625 0.58890513125
0 0.9421433468749999 1 0.9565166906250001 0.913136459375 0.920532578125 0.9035656484375 0.88850456875 0.9025203734374999 0.872953584375 0.9154164328125001 0.8557307906249999 0.9546327328125 0.861852503125 0.9825044453125 0.8849341078125 1 0.9421433468749999 1
0 0.9100691140625001 0.8694990046875001 0.851172725 0.8524437624999999 0.813095109375 0.8555247874999999 0.8028119046875 0.901453175 0.814093246875 0.9143601953125 0.8798931734375 0.9221285218749999 0.900212875 0.9128470859375 0.9100691140625001 0.8694990046875001
0 0.87348304375 0.766264759375 0.8773978296875 0.7750399984375 0.9436607734375 0.7962270234375 0.9753228109375 0.79948399375 0.9882594140625001 0.7213032296875 0.8906697859375001 0.711049453125 0.878143603125 0.7218823624999999 0.87348304375 0.766264759375
0 0.8228431921875 0.7641796859375 0.870031275 0.7709082171875 0.882876265625 0.7094979796875001 0.8023432296875 0.6934660906250001 0.7881812921875 0.7466182453125 0.8228431921875 0.7641796859375
0 0.5928498906249999 0.8729820984375 0.5642376 0.85129435625 0.5330995734374999 0.8610874703125001 0.522533615625 0.9735921937500001 0.56239119375 0.9921879484374999 0.5835648250000001 0.977745896875 0.5993625171875 0.8822744968749999 0.5928498906249999 0.8729820984375
0 1 0.6383444500000001 0.9783170125 0.619220078125 0.9237623749999999 0.608359765625 0.9090653171874999 0.6160952109375 0.8983551500000001 0.66460390625 0.9139782406249999 0.6837058609375 0.9767533625 0.6935373359375 0.9952224140625001 0.6792232031250001 1 0.650350446875 1 0.6383444500000001
0 0.7556478671875 1 0.7580110109375 0.9938161484375 0.7423518671875 0.9587151890625 0.7306435625 0.9483884765624999 0.6960177140625 0.94682604375 0.6861254234375 0.974175115625 0.6988995171875 1 0.7556478671875 1
0 0.6397724522951261 0.8871662611182899 0.06859688730530315 0.04882838544042371
0 0.6416364806666561 0.9512287611182899 0.07548338479802066 0.07073974687674181