0 0.8616928234375001 0.269102515625 0.8281371484375001 0.271493571875 0.8048852203125 0.2902053546875 0.8122824734374999 0.30886505937500003 0.7914302265625001 0.3793458875 0.953657665625 0.42108284375 0.9713121046875001 0.42253813906250004 0.986228990625 0.4082964015625 0.9944243609375001 0.3032509359375 0.9146561421875001 0.2734684046875 0.8616928234375001 0.269102515625
0 0.5463591437499999 0.3282013828125 0.5353331 0.3504995359375 0.5501276046875 0.38781894375000003 0.6578074515625 0.4018523625 0.6773840328125 0.39057329531249996 0.6759686984375 0.34919963906249996 0.6326626453124999 0.3146870828125 0.611717284375 0.31811763125 0.6053043812500001 0.30985331562499996 0.5463591437499999 0.3282013828125
0 0.7149409578125 0.6154255046875 0.7239983015625 0.5723365734375 0.7166010484374999 0.55367686875 0.5860071437500001 0.522283221875 0.5654462125 0.5231668984375 0.566092690625 0.5696342999999999 0.6932267390625 0.6239497984375 0.7149409578125 0.6154255046875
0 0.40244991875 0.486523690625 0.3393983453125 0.48132620625 0.310117940625 0.4892268015625 0.302767246875 0.5040922375 0.33230970000000004 0.5452059140625 0.5404876328125 0.5701021796875 0.5697680375 0.5622015828125 0.5778875890624999 0.5422424046875001 0.5780565265625001 0.5242063953125 0.516927096875 0.5062745515625 0.40244991875 0.486523690625
0 0.215572509375 0.574261428125 0.20942165625000003 0.6150113875 0.2249850171875 0.64723705 0.32082340781249996 0.6551372265625 0.3522414453125 0.6499914015625 0.3700648234375 0.6334106921875 0.3762156765625 0.5926607328125 0.369587278125 0.568907284375 0.26152300624999997 0.5574207390625 0.215572509375 0.574261428125
0 0.26254676093749996 0.4914294859375 0.24253919218750003 0.471730284375 0.199279696875 0.470742865625 0.186884875 0.4851925046875 0.17958073593749999 0.5335830796875001 0.2496451328125 0.559987140625 0.266268665625 0.5175219078125 0.26254676093749996 0.4914294859375
0 0 0.8659186984374999 0.00046289687500000005 0.8659568562500001 0.043891328125000004 0.84890826875 0.0578238625 0.8242711421875001 0.053886465625000005 0.7826895859375 0.0435827203125 0.7663688546875 0.014086823437500002 0.7587803171874999 0 0.7585392468750001 0 0.8659186984374999
0 0.1219821625 0.78830286875 0.12637980937499999 0.7422512671875 0.0926086421875 0.7291531859375 0.033832340625 0.7294652453125 0.029819121875 0.772969975 0.04555141875 0.7871596328125 0.107834134375 0.7974508625000001 0.1219821625 0.78830286875
0 0 0.6468307249999999 0.0251886875 0.651395878125 0.0919156078125 0.6491606453125 0.09811301875 0.6419358265625 0.1071703625 0.5988468953125 0.099004253125 0.585280934375 0 0.567568346875 0 0.6468307249999999
0 0.1448789265625 0.6535265328125 0.181725521875 0.6462496343749999 0.18475439062500001 0.5923495125 0.1065704421875 0.5859046328125 0.0998662234375 0.647237471875 0.1448789265625 0.6535265328125
0 0.35573588749999996 0.93134268125 0.37983249531249996 0.8224508671875 0.3543963734375 0.8048827390625 0.3218250484375 0.81766918125 0.31310557656250004 0.8246861015625001 0.2988817265625 0.918920378125 0.31384516875 0.9382037796875 0.35573588749999996 0.93134268125
0 0.0258178734375 0.5457267140625001 0.08596295468750001 0.5532631718750001 0.1059239640625 0.5394372328125 0.11070603906250001 0.49083875781249997 0.0996334390625 0.47961177031249996 0.04667011875 0.47524588437500004 0.0191429203125 0.488448125 0.0091012265625 0.5211416671875 0.0258178734375 0.5457267140625001
0 0.135716496875 0.900313175 0.14931116093750002 0.9117480609375 0.182097978125 0.9144507531249999 0.20650319375 0.8880983499999999 0.2056877796875 0.8596669562500001 0.1736698203125 0.8518705203125 0.15990621875 0.8584716390624999 0.1351165765625 0.8873709140624999 0.135716496875 0.900313175
0 0 0.9355398656249999 0.10713671875 0.944371390625 0.0585168984375 0.9042636828124999 0.0084600703125 0.8975588234374999 0 0.9024331015625 0 0.9355398656249999
0 0.2746570772199598 0.8185932923757235 0.06458975867281787 0.04904371572854558
0 0.2536627772120056 0.8783701107774575 0.0694954346753633 0.0680667315135615