0 0.371140340625 0 0.3446770625 0.052262615624999995 0.3333640828125 0.1058484 0.33142970156249996 0.139920421875 0.3473955734375 0.163933528125 0.36729155625 0.1568762515625 0.436101221875 0.1796812296875 0.49953522499999997 0.016218037499999997 0.5029591609375 0 0.371140340625 0
0 0.35235523281250003 0.42690071874999996 0.3735491171875 0.43860523906250004 0.4133410859375 0.4244906859375 0.4415746546875 0.3156672796875 0.43267341249999997 0.29555568125 0.390506115625 0.2960118453125 0.349857196875 0.3390950109375 0.350616384375 0.36040851093750004 0.34139690312500004 0.3667138203125 0.35235523281250003 0.42690071874999996
0 0.6657198421875 0.2628023140625 0.6231729546875 0.25260172812500004 0.60327696875 0.2596590046875 0.5544495828125 0.39129984375000004 0.552674321875 0.4121634125 0.5999105124999999 0.41260711875 0.6715479234374999 0.28501568437499997 0.6657198421875 0.2628023140625
0 0.4943092171875 0.5765264718750001 0.48084138281250005 0.6403190734375 0.48505332343749996 0.6701875546875 0.49918258125000003 0.6779905671875001 0.544741275 0.6490157265625001 0.597057825 0.4385740921875 0.592845884375 0.4087056109375 0.5736477343749999 0.4000027265625 0.555367890625 0.3994048921875 0.5292278203125 0.46094782343749996 0.4943092171875 0.5765264718750001
0 0.55905459375 0.76803971875 0.5996057484375 0.7752386671875 0.634328821875 0.7602242453125 0.654799928125 0.6632594921875 0.653661146875 0.6312892390625 0.6391522984375 0.6128294750000001 0.5986011421875 0.6056305265625 0.573636265625 0.6117879359375 0.5479371453125 0.7210612750000001 0.55905459375 0.76803971875
0 0.4811064390625 0.7184626749999999 0.4585168890625 0.7382784703125 0.45189320781250003 0.7821073734375 0.4649450375 0.795013796875 0.513099534375 0.8035625468750001 0.5489977984375 0.7331626015625 0.5080670515625 0.7153069046875 0.4811064390625 0.7184626749999999
0 0.8154382921875 0.9485692640625001 0.792248675 0.9338631046874999 0.7495426671875001 0.9368709718750001 0.7316424171875 0.9469298875 0.7201089609375 0.9766504671874999 0.7185821296875 0.9871524234375 0.8250735921875 0.9852936078125 0.8154382921875 0.9485692640625001
0 0.764087928125 0.8679749640625 0.717929165625 0.8624278500000001 0.7002493890625 0.8963519703125 0.6929278765625 0.9559410328125001 0.7365521921875 0.961038209375 0.752995421875 0.9454259546875001 0.77153215 0.8825332203125 0.764087928125 0.8679749640625
0 0.6125847546875 0.9628566359375 0.6189879609375 0.895162528125 0.6124620453125 0.8887093187499999 0.5699151578125 0.8785087296875 0.55508806875 0.8864658750000001 0.5229651265624999 0.9905669296875 0.6044107000000001 0.9891452921875 0.6125847546875 0.9628566359375
0 0.6303009421875 0.8415767437499999 0.627705140625 0.80405315 0.5734043234375 0.7997079375 0.556704209375 0.8788107640625 0.618069653125 0.88705748125 0.6303009421875 0.8415767437499999
0 0.939612728125 0.634401403125 0.8322476390625001 0.607399115625 0.8111151109374999 0.6327682546875 0.8198572328125 0.666088309375 0.8258444359375 0.675093225 0.9196189796875001 0.6917407921875001 0.9411311031249999 0.67702840625 0.939612728125 0.634401403125
0 0.505440140625 0.9597195562499999 0.5209037109375 0.8989285921875 0.5094680203124999 0.8783670593749999 0.46077481249999996 0.8723700109375001 0.44794345468749996 0.88332879375 0.43663047343750006 0.9369145796874999 0.44645002343750007 0.9651312265625 0.4783204109375 0.976083778125 0.505440140625 0.9597195562499999
0 0.8795337156249999 0.8567016890625 0.8929037843750001 0.8431912 0.8999070578125 0.810019046875 0.876337846875 0.7846561375000001 0.8473815015625 0.7848102703125 0.8353093328125001 0.8170825546874999 0.8402191078125 0.8311908765625 0.8663227671874999 0.8570037203125 0.8795337156249999 0.8567016890625
0 0.8947131265625 0.9840780453125 0.9138104437499999 0.893620484375 0.873510103125 0.9350525484375 0.8604541375 0.9846760375000001 0.8947131265625 0.9840780453125
0 0.8146342808491415 0.713683661125795 0.04961026217486477 0.06803297970746058
0 0.8720240409954112 0.7368932901846323 0.07159435633066594 0.07466480925276535