0 0.7245846 0 0.5684820390625 0.4789743296875 0.40860714531250003 0.9791144953125 0.43304922812499996 0.9806942875000001 0.570547521875 0.9750916625 0.6314421765625 0.8163764109375 0.709920440625 0.6568220140625 0.7519828203125 0.534371596875 0.7883112171875 0.4142725921875 0.8374627531250001 0.177994215625 0.8656599343750001 0.0004992921875 0.8579350390625 0 0.7245846 0
0 0.8991909392021349 0.25356808000087505 0.19868943977078857 0.5071361600017501
0 0.7372692515625 0.6449847390625 0.6729723375 0.7904884921875001 0.6923969328124999 0.805348925 0.7243149703125 0.7434663687499999 0.76213273125 0.6874091796874999 0.8165130015625 0.591605084375 0.8200785093749999 0.502039821875 0.7823026046875 0.49279444375 0.7372692515625 0.6449847390625
0 0.9248223615983555 0.6174767993176156 0.020341674904859986 0.039826503954332716
0 0.6464175414089502 0.961080855172565 0.03995383794672147 0.023466674904859985
0 0.7838538744127558 0.9570406595074585 0.030451503954332538 0.01995967292769336
0 0.5821148216350991 0.03165729342329758 0.029271005931499162 0.02927100593149905
0 0.5685497287454618 0.07744729589475552 0.021394838935304604 0.027390170950527093
0 0.38559530730064306 0.10752075095140215 0.029398339923887917 0.03239600593149907
0 0.4387614110646953 0.015344497757097333 0.04859400889724856 0.030688995514194666
0 0.5041742109509647 0.16430530874633678 0.032587006920082116 0.03408583992388783
0 0.4959253122435589 0.07962656121779473 0.03277800790866543 0.03877333992388783
0 0.43355530482918514 0.117265824069376 0.0378475098858317 0.04833934091247101
0 0.3288943211408075 0.044315096806789 0.08453150889724856 0.04556185079830275
0 0.22069054889768608 0.15401770205371604 0.04202567391627667 0.03603034190105418
0 0.4478486150955778 0.22587682011504331 0.032523339923887916 0.032523339923887826
0 0.4332621916735927 0.2584492395826956 0.024201503954332716 0.019705004942915848
0 0.37923126627444137 0.30198833395520774 0.01995967292769345 0.030451503954332715
0 0.4715195839552077 0.37232339718734986 0.01814250494291585 0.024137836958138335
0 0.4012389174533049 0.3744071620160975 0.032523339923887916 0.032523339923887826
0 0.20679785076112173 0.303554787034688 0.052674013840164416 0.06766234387822045
0 0.23818445501946556 0.20322186460128613 0.03172484387822054 0.05120967292769345
0 0.2308587277568786 0.09588686707274408 0.038900673916276676 0.03590300790866539