0 0.6710524999999999 0 0.58158 0.5013150000000001 0.49605249999999995 0.9974999999999999 0.65 0.9974999999999999 0.69079 0.823685 0.7447375 0.6644725 0.76842 0.54342 0.7868425 0.425 0.801315 0.19341999999999998 0.8039474999999999 0 0.6710524999999999 0
0 0.90390625 0.2484375 0.1890625 0.496875
0 0.7486849999999999 0.80921 0.7710524999999999 0.7473675 0.8 0.69079 0.8394725 0.5947375 0.8302625000000001 0.507895 0.7921050000000001 0.5013150000000001 0.7697375 0.6513150000000001 0.7276325 0.7960524999999999 0.7486849999999999 0.80921
0 0.94921875 0.6125 0.01484375 0.03515625
0 0.7296875 0.97734375 0.0328125 0.04453125
0 0.8625 0.96953125 0.02265625 0.05234375
0 0.53125 0.06796875 0.0234375 0.025
0 0.52421875 0.11328125 0.0171875 0.0234375
0 0.35 0.153125 0.0234375 0.02734375
0 0.38828125 0.05390625 0.0421875 0.03671875
0 0.47421875 0.2015625 0.02734375 0.02890625
0 0.45390625 0.11953125 0.0265625 0.034375
0 0.39921875 0.16015625 0.03046875 0.04375
0 0.2859375 0.09609375 0.07734375 0.034375
0 0.19609375 0.20859375 0.03671875 0.03046875
0 0.42734375 0.2640625 0.0265625 0.02734375
0 0.41796875 0.296875 0.02265625 0.0171875
0 0.371875 0.3421875 0.01484375 0.0265625
0 0.47265625 0.40390625 0.015625 0.02109375
0 0.40390625 0.41015625 0.0265625 0.0265625
0 0.20390625 0.3546875 0.0421875 0.059375
0 0.2203125 0.25546875 0.025 0.04453125
0 0.19765625 0.15234375 0.0328125 0.03046875