0 0.6305600859375 0.483084003125 0.4540552 0.9924169015625001 0.4678917203125 0.9946909843749999 0.630827821875 0.9927950515624999 0.6908717 0.8481236765625001 0.7768058546875001 0.6868565875 0.8235492609374999 0.5611859390625 0.8641864953124999 0.437411715625 0.9205360375 0.19156125 0.9440958296874999 0.059472217187499996 0.78916853125 0.034009340625 0.6305600859375 0.483084003125
0 0.9347931706715453 0.300846312539824 0.13041365865690935 0.48121473201781734
0 0.80594140625 0.6771506406250001 0.7352618171875 0.8249790125 0.75552399375 0.8428036593750001 0.7904186140625 0.780412171875 0.831443021875 0.72482813125 0.8907161 0.6287571234375 0.8961467531249999 0.5339827765625 0.8563775140625 0.5201979359375 0.80594140625 0.6771506406250001
0 0.6502818106699545 0.01665531524509497 0.02986931333545435 0.01597044533736345
0 0.6382454346753632 0.056644515913458524 0.023764764003817974 0.028397720003181682
0 0.4438323633434086 0.06906434193986641 0.030069308004454242 0.03315794533736345
0 0.56814256735359 0.14262801658977625 0.034793170671545325 0.03633748933799978
0 0.5608289593411815 0.05129449192395804 0.034865896005727134 0.04258748933799979
0 0.4955857673456358 0.08487060793286673 0.04122498400699968 0.05203521467218157
0 0.38531079133513624 0.011299484643546517 0.08937158267027252 0.022598969287093033
0 0.2684056493475448 0.10157849196372895 0.045767033338636146 0.03958975867281791
0 0.5070965266947715 0.20115867926482137 0.033212489337999786 0.03475680800445433
0 0.4910720846992257 0.23416208326704852 0.028397720003181703 0.023764764003817974
0 0.4329510493714073 0.2754688832750027 0.020657945337363516 0.0299238573360908
0 0.5300356820496341 0.35950698126195785 0.020603401336727067 0.0252363573360908
0 0.455753297382225 0.35490184460536645 0.03319430800445424 0.03319430800445433
0 0.251482873368862 0.25882791796627425 0.05864884134309047 0.07254770934118149
0 0.2870107460216354 0.15605690662795632 0.03655566534054504 0.05354317067154524
0 0.28097782733927246 0.04048645062859266 0.04107953333863614 0.03953521467218156