0 0 0.4314361375 0.5023403156249999 0.4471001078125 0.9731773046875001 0.4589906828125 0.9485282015625 0.290712640625 0.8286488234375 0.28049108125 0.6506601812499999 0.247871953125 0.51803620625 0.2415338125 0.38903663437499997 0.2403872390625 0.1401300859375 0.26110174375 0 0.2796835234375 0 0.4314361375
0 0.23508347539289415 0.15470257836943152 0.4701669507857883 0.30315515673886306
0 0.6327462921875 0.22329792343750002 0.7934705171875 0.24556221093750003 0.80419976875 0.22108714687500003 0.7348436890625 0.2069122390625 0.670068653125 0.1849077890625 0.5616080125 0.15785196562499998 0.4705516 0.18120952031249998 0.469496384375 0.2228764375 0.6327462921875 0.22329792343750002
0 0.5635166904467062 0.03799038316521452 0.040081344499482086 0.023694365177646438
0 0.04872836683478547 0.5675556811410811 0.03263271753501129 0.031142992142117264
0 0.09723864144189134 0.5682491939613626 0.02921661910658786 0.02474744292790554
0 0.16795774814248238 0.7477055616202085 0.035757717535011314 0.03128854135632899
0 0.0563674307313056 0.7229345399085868 0.05083906203449329 0.053818512820281585
0 0.19950746278200954 0.6082449553339023 0.03753854135632886 0.03604881596343468
0 0.11569323490791603 0.6427055384608448 0.043788541356328856 0.03633991439185813
0 0.16730708478408154 0.6944350124059968 0.05345463978475227 0.04302656203449331
0 0.11658999318008365 0.8251734361034799 0.05734592721213971 0.093099336641599
0 0.2507423612532142 0.9034526015287951 0.04280823821317572 0.04876713978475209
0 0.27361489681857487 0.6477120237785363 0.03590326674922295 0.03441354135632881
0 0.3101517103008102 0.6533284770455239 0.02474744292790545 0.029216619106587773
0 0.36536359512316374 0.6950472502048879 0.03219606989237613 0.021767992142117266
0 0.41617057795965595 0.5791889638109577 0.025946069892376043 0.021476893713693813
0 0.43398947063989246 0.6504839210068868 0.03434076674922295 0.03434076674922295
0 0.40565033912730775 0.8723032630251695 0.0729323858558109 0.05952485731976367
0 0.2969474272166489 0.8695891778313122 0.05479881596343468 0.038411836641598994
0 0.19014946361057908 0.9100257791552199 0.040954639784752264 0.0424443651776464