0 0.574630440625 1 0.4302395453125 0.5244860640625 0.2742092546875 0.021090275 0.1362354375 0.031593390625 0.16345060312499998 0.22352070781250002 0.20899445 0.4616969 0.24362122656250002 0.5826268421874999 0.2840071734375 0.7058652671875 0.3605767453125 0.8661674703125 0.4098611140625 1 0.574630440625 1
0 0.09852897779405961 0.2908528140117722 0.19463860973273236 0.5223306280235444
0 0.21368384843750002 0.540971146875 0.17530435625000002 0.550758678125 0.177326815625 0.6412209078125 0.230645559375 0.7373884765625001 0.26791206875 0.7935876421875 0.2991070734375 0.8557427828125 0.319020840625 0.8404976171874999 0.256549221875 0.694226225 0.21368384843750002 0.540971146875
0 0.06624830737500517 0.667642033338636 0.020341674904859785 0.03928067600254544
0 0.4238632643344561 0.07286861939049737 0.027644838935304606 0.026871582670272565
0 0.43824144072219057 0.11910782005886093 0.021394838935304604 0.026798857336090796
0 0.6220726126613009 0.146235036083678 0.029334672927693362 0.030014764003817973
0 0.5696240919010542 0.04723391474376918 0.04853034190105419 0.04117044000636334
0 0.5011181255128822 0.20573621073358783 0.032523339923887916 0.031613626670908876
0 0.5108976907221906 0.11995325206872409 0.03271434091247105 0.03630112667090888
0 0.5725501151327588 0.15737198341022374 0.036348676882026254 0.048837489337999786
0 0.6803679323192335 0.08210035809195032 0.08603034190105419 0.04160679201145403
0 0.7879177885547438 0.19189407610594966 0.04202567391627667 0.03484771467218155
0 0.5575073883644635 0.2673009667409057 0.032523339923887916 0.031613626670908876
0 0.5713443952845456 0.30025891740926924 0.02582767095052709 0.020603401336727067
0 0.6246577376798914 0.3438276514162689 0.01995967292769336 0.029905676002545345
0 0.5299620030029306 0.41534756806967865 0.01814250494291585 0.023637494668999892
0 0.6003063365010277 0.41694697807922365 0.032523339923887916 0.031613626670908876
0 0.7995304036875026 0.34273896077335875 0.051111513840164415 0.06618862133990877
0 0.7696744659310616 0.24243896876985888 0.03166117688202626 0.04878294533736342
0 0.7785308596955514 0.13399976010499517 0.038900673916276676 0.03481135200509069