0 0 0.7476173312500001 0.1484904625 0.7577358249999999 0.3199197109375 0.78644785625 0.44857182656249994 0.7903619390625 0.5739638453125 0.789286784375 0.8170780625 0.7649071390625 0.9643121625 0.7429569203125 0.9711131500000001 0.596936984375 0.4743127546875 0.5901035015625 0 0.5863978999999999 0 0.7476173312500001
0 0.7284863715922965 0.8633389613435757 0.47156259263745515 0.23885343939826456
0 0.3360883046875 0.8100512953125 0.18092074062500002 0.79112013125 0.16923928125 0.8151136984375 0.23596476093750002 0.8277264343749999 0.297836190625 0.8480341921875001 0.401933871875 0.872514484375 0.4916755265625 0.8482440296875 0.494825303125 0.8076890859375 0.3360883046875 0.8100512953125
0 0.3935227125771218 0.9842937730826733 0.03957192224974104 0.011846689779513753
0 0.009812550973794649 0.819984538468993 0.019625101947589298 0.036373911094166544
0 0.02804541584410942 0.9561214070101041 0.030924668320799577 0.02725348423243048
0 0.9218619598865253 0.4647345411313534 0.030997442927905183 0.02881598423243048
0 0.8734608471900783 0.4650806864579506 0.029143844499482086 0.022529616641250173
0 0.8144241031859345 0.2916444928787146 0.032559942927905185 0.028852351823611143
0 0.9218534594722406 0.31411694529166584 0.046006012820281585 0.049455792553055565
0 0.7768427123677248 0.4283093447023257 0.03590326674922295 0.03361258700597212
0 0.8596573664205007 0.3928244799609367 0.04059076674922295 0.03372168977951393
0 0.8127674038478881 0.3439700590831243 0.05174659057054072 0.038663762917777865
0 0.8686621470234627 0.2162437961653465 0.050877603390821945 0.08702852773541672
0 0.7417957400752025 0.14193674002892298 0.03790241439185813 0.04302395459715282
0 0.7067870775453713 0.3909197538966313 0.032705492142117265 0.031977351823611146
0 0.6718855386702417 0.38626927469819383 0.023112168320799497 0.027071646276527785
0 0.619907815758547 0.34611770659392305 0.030560795285270358 0.01944098423243057
0 0.5654129067433723 0.46054453571611065 0.02431079528527036 0.019295513867708357
0 0.5522815140631359 0.39061389542350644 0.032705492142117085 0.031977351823611146
0 0.5904494098437442 0.17433427878225644 0.07115156203449331 0.0531626740119445
0 0.6965538606295325 0.17498628258197857 0.05152826674922295 0.03397626291777782
0 0.801461838503626 0.13430477156406181 0.037756865177646405 0.03989895459715278