0 1 0.4672241453125 0.5435148703125 0.5775453546875 0.0283288328125 0.7053515546875 0.04307646875 0.8461667015625001 0.243744603125 0.8304980984375 0.485896396875 0.799534353125 0.6085030140625001 0.7720581796875 0.7332986 0.7388475578125 0.8949118578125 0.671084253125 1 0.63877950625 1 0.4672241453125
0 0.3126391055132965 0.903452308320625 0.5408819188298422 0.19309538335875018
0 0.5668050359375 0.79992731875 0.577952234375 0.8397884687499999 0.6703784546875 0.8436386312499999 0.767113096875 0.79544100625 0.8234621296875 0.7610333046875 0.8860808515624999 0.733219796875 0.8699027203125 0.7118722609375 0.7222152078125 0.766146240625 0.5668050359375 0.79992731875
0 0.7008345807565302 0.9588977549370838 0.03938978246740419 0.019659189779513753
0 0.08151619601894518 0.5540166591943055 0.02858865016215577 0.02721711664125017
0 0.12896789447681764 0.5434071207253126 0.02691705600635439 0.02093074905006951
0 0.15147631980277682 0.3565071859797918 0.030178423701106107 0.02881598423243057
0 0.05155418627971255 0.4033802263486459 0.043005706168510204 0.04785692496187508
0 0.21541786322722958 0.48528745583142374 0.03335797077900686 0.03201371941479181
0 0.12765876460720132 0.4684071207253126 0.038045470779006815 0.03212282218833344
0 0.16409509658813806 0.40834244291364596 0.050627291395857824 0.037101262917777864
0 0.0847740150142384 0.2932609971502084 0.04366027110331836 0.08535692496187508
0 0.19230805113509047 0.19033797853284737 0.0351113855516592 0.04298758700597225
0 0.2761547658250173 0.4304739756830558 0.031795470779006865 0.031977351823611146
0 0.3095303275134146 0.41875587889343774 0.020748876623205525 0.025472778685347208
0 0.353134277189103 0.36666735524208366 0.0300147824674041 0.01944098423243066
0 0.42911217045139993 0.4691760658231601 0.02373750892845372 0.01773301386770836
0 0.42861156412073403 0.39575674961875035 0.031795470779006865 0.031977351823611146
0 0.34768134374876425 0.18848780385531277 0.06647047970746059 0.04996493882958335
0 0.2442523806803952 0.21341310904180574 0.048982970779006776 0.032377395326597294
0 0.133055782060367 0.19598726006798622 0.035029564934808154 0.038300087005972296