0 0.8687392673058649 0.24291559346151553 0.2367931173615439 0.2187286910658786
0 0.926467761935094 0.521535053138644 0.13906468936981647 0.2750813908182096
0 0.8122239959420936 0.46462361951636344 0.11442722135581711 0.1708647717116218
0 0 0.9920874015625 0.0406607046875 0.9946914687499999 0.110942134375 0.8824211671875 0.2144616375 0.7667190140625 0.3566138171875 0.6618318609375 0.5694785046875 0.5169890671874999 0.7562209265625001 0.4093970984375 0.7571904828125 0.3760959390625 0.726564990625 0.37691483593749997 0.4341429328125 0.48329921875000004 0.18046406406249998 0.6922546281249999 0 0.9176895140625 0 0.9920874015625
0 0.096479565625 0.9982663203125 0.20281861406249999 0.8799644734375001 0.37813069062500004 0.78276155 0.6169560484375001 0.6062181203125 0.7571394015624999 0.4734021609375 0.7533633421875 0.4119943609375 0.4555790078125 0.6070040031249999 0.2311223796875 0.7677860328125 0.0411481015625 0.9863818703125 0.0363374453125 0.994414590625 0.096479565625 0.9982663203125
0 0.21972174687499998 0.8727062015625 0.1958914953125 0.9267854453125001 0.3355389890625 0.9079262921875 0.6060699078125 0.7890188328125001 0.7681146859375 0.5741948265625 0.7655505703125 0.471160575 0.484456696875 0.7617683609375 0.21972174687499998 0.8727062015625
0 0 0.88838133125 0.26104207343749997 0.60010565625 0.5337544953125 0.40627058437499997 0.7638752156249999 0.33760025625 0.745539115625 0.202972921875 0.66199300625 0.20596312343749998 0.6037314859375 0.10492233749999999 0.4244009609375 0.14904275312499998 0.2599025765625 0.35258853437500004 0.1933190328125 0.5373827171875 0 0.8165021359375 0 0.88838133125
0 0.998250984375 0.196885846875 0.9998993328125 0.055227117187499994 0.92265379375 0.050280017187500005 0.998250984375 0.196885846875
0 0.38938921666136384 0.05721976447291142 0.04740225867281787 0.04749573821317572
0 0.47384603266231834 0.05411834325662772 0.1804329346753633 0.0724315798171736
0 0.32806990865690955 0.08719405479578299 0.055287484006999676 0.05410961124870502