0 0.8431578527796466 0.7946160612879507 0.19542976594251654 0.21415577759614007
0 0.5958501628201264 0.8951144878284307 0.2537402329258297 0.19487967207625304
0 0.6352734317033188 0.7521087816599205 0.15524077792830404 0.10261825973923262
0 0 0 0.0018622046875 0.035532995312499996 0.1796386109375 0.1315052171875 0.29610226562499997 0.22092647968749998 0.4068139125 0.3460136421875 0.5614600624999999 0.5338437468749999 0.6793760875 0.69945144375 0.709832940625 0.6989198171875 0.7058317062499999 0.6710453375000001 0.577784984375 0.40907954531249996 0.360362921875 0.1867796984375 0.0894256765625 0 0 0
0 0.07746148593749999 0.07231929687500001 0.0017420625 0.033240543750000004 0.0036770359375 0.07016202031249999 0.19164230625 0.21512865468750003 0.2988739875 0.370761275 0.4851741234375 0.5809023953125 0.6211334671875 0.703008465625 0.6767050015625 0.6969576749999999 0.46730698750000005 0.43387148125 0.29690035312499996 0.23615490625 0.07746148593749999 0.07231929687500001
0 0.20005460937500003 0.23022417499999998 0.14822907031250002 0.2108056515625 0.18026051406250002 0.3372661828125 0.31739540312500003 0.578750196875 0.5304279828125 0.7172936984375 0.62407058125 0.710578375 0.32930925625 0.4667649546875 0.20005460937500003 0.23022417499999998
0 0.1507656375 0 0.12984066875 0.0053548 0.45291981875 0.2562951109375 0.6585826296875 0.49658296562500004 0.7456319640625 0.7033757281249999 0.8663952578125 0.6809446546875 0.8547906046874999 0.6049354296875 0.94069676875 0.5475472890625 0.8814224078124999 0.38599678437499996 0.6784091 0.244738003125 0.502893946875 0.19191298750000002 0.1817442953125 0 0.1507656375 0
0 1 0.8504545953125 0.7709470640625 0.98745785 1 0.983459715625 1 0.8504545953125
0 0.9606087878779267 0.34997394278242017 0.042917840343633176 0.04445911201270878
0 0.9700662567838336 0.42785348093186715 0.05986748643233284 0.1637000357138149
0 0.9272330438708206 0.2950370267919518 0.04785100180902226 0.04922843262955982