0 0.1984375 0.7984375 0.1828125 0.2078125
0 0.44765625 0.9 0.23984375 0.2
0 0.4015625 0.75390625 0.14765625 0.09765625
0 0.905 0 0.6425 0.1925 0.44000000000000006 0.41500000000000004 0.3275 0.675 0.325 0.7025 0.355 0.7025 0.4625 0.5375 0.605 0.35 0.7075 0.225 0.8175000000000001 0.135 0.9875 0.0375 0.9974999999999999 0 0.905 0
0 0.7125 0.3725 0.8099999999999999 0.21749999999999997 0.9925 0.0675 0.9925 0.0325 0.915 0.075 0.7075 0.24 0.55 0.4375 0.35750000000000004 0.7 0.4125 0.705 0.54 0.5825 0.7125 0.3725
0 0.705 0.5775 0.8275 0.3375 0.8525 0.2125 0.8025 0.2325 0.6875 0.46749999999999997 0.41 0.7125 0.5025000000000001 0.7175 0.705 0.5775
0 0.09 0.5575 0.1775 0.6125 0.16999999999999998 0.6875 0.29 0.7075 0.365 0.5025000000000001 0.5549999999999999 0.2625 0.86 0.01 0.8175000000000001 0 0.5025000000000001 0.2 0.3325 0.255 0.13999999999999999 0.3975 0.09 0.5575
0 0 0.9974999999999999 0.2975 0.9974999999999999 0 0.8300000000000001 0 0.9974999999999999
0 0.06015625 0.3640625 0.03984375 0.0421875
0 0.04609375 0.43984375 0.0671875 0.16015625
0 0.08984375 0.30859375 0.0453125 0.04765625