0 0.12145423907810196 0.7400901394168742 0.24057149960721652 0.26633100831327033
0 0.3518633808632373 0.8778927016367174 0.28723742134838537 0.23175743151195077
0 0.34016787764178347 0.7399751644896988 0.17736245159900638 0.1426374440483631
0 0.7898718546875 0.2648843265625 0.925512625 0.19703765625 0.9988175421875001 0.1741501515625 0.99924895625 0.09999642187499999 0.7320488953125001 0.2168283453125 0.4675399359375 0.400180940625 0.2850480125 0.64235678125 0.275331896875 0.6700857171875 0.30592836874999996 0.676833796875 0.45856418750000005 0.53126676875 0.65275931875 0.370425090625 0.7898718546875 0.2648843265625
0 0.9984992531250001 0.2288593890625 0.9987983953124999 0.1774411484375 0.7859629046875 0.2803159296875 0.573863571875 0.448071303125 0.3091295671875 0.674824203125 0.3639201125 0.69233955 0.52587821875 0.5949941171875001 0.756533246875 0.4177531140625 0.8963642765625 0.28022446093750003 0.9984992531250001 0.2288593890625
0 0.695461796875 0.6269646843750001 0.8829406093750001 0.4076136734375 0.9410122624999999 0.2846403703125 0.8848062078125001 0.29396904375 0.7062794968749999 0.5098632078125 0.3594159328125 0.6994930109374999 0.45245206875 0.7254434562500001 0.695461796875 0.6269646843750001
0 0.9977008843749999 0.0798934046875 0.93735679375 0.0665844625 0.5873108859375 0.193053109375 0.39959805937500004 0.21139654375 0.1661356640625 0.3146966109375 0.07344606406250001 0.468053590625 0.14835295312500002 0.5443180375 0.121159078125 0.6197890375 0.238333028125 0.6673568265625 0.36824654218749997 0.47332843437500005 0.6245674140624999 0.2691606 0.9977008843749999 0.0798934046875
0 0 0.8917856203125 0.11612982499999999 0.9173981578125 0 0.810445084375 0 0.8917856203125
0 0.09377168413600481 0.26207043949601644 0.051871572208706994 0.0546253155185485
0 0.058964892079722955 0.33728939984171546 0.11042948165323567 0.1844324874635877
0 0.13780803044701276 0.2115786945105814 0.058157933645025486 0.06105717194503919