0 0.1646967362068729 0.8078149560831169 0.23805692775829587 0.2191220553496283
0 0.09957943993645581 0.5378050456461635 0.19915887987291161 0.27751490870767304
0 0.23170082427359429 0.5923238761387173 0.11692622158978568 0.16804565027015245
0 0.596402546875 0.56400130625 0.8523798828125001 0.35573378906249997 0.9961714984375 0.1844139515625 0.9981823015625 0.06921508750000001 0.9299675828125 0.1707155484375 0.8238073984375 0.2850012484375 0.681050040625 0.3899583640625 0.46796282656250004 0.535361953125 0.2821148765625 0.644172728125 0.2793180109375 0.6762582890625 0.3088553890625 0.674611571875 0.596402546875 0.56400130625
0 0.9980971765625 0.0740919265625 0.999279346875 0.0063654453125 0.8413554453125001 0.1756556921875 0.6670958953125 0.2741447625 0.4272355640625 0.45079357499999995 0.2848115109375 0.5825820296875001 0.285011978125 0.6415923015625 0.582681471875 0.4455139078125 0.8078232312500001 0.28444102187500003 0.9980971765625 0.0740919265625
0 0.8246720609375 0.1831168578125 0.8506457281250001 0.1303878890625 0.715113609375 0.15245730625 0.44794638750000004 0.274509728125 0.27988197187499997 0.485858490625 0.2765863546875 0.5849757125 0.5635321109375 0.2973346328125 0.8246720609375 0.1831168578125
0 0.7568782265625 0.6849503140625 0.8313357531250001 0.5051862953125 0.9944401234375 0.2836043375 0.9957967218749999 0.205884834375 0.769629571875 0.44670228749999996 0.49616940156249995 0.6409472234375 0.27072694375 0.7135047015625 0.2808516984375 0.842593915625 0.361471753125 0.8373736562499999 0.41192283906249993 0.9330107078125 0.5870820703125 0.88551051875 0.7568782265625 0.6849503140625
0 0 0.966848678125 0.090350025 0.9700153406249999 0 0.775573409375 0 0.966848678125
0 0.6163977836918106 0.9630306687048378 0.0489556972400564 0.03137897477225664
0 0.5352296043086617 0.9611804812260424 0.1741193384737585 0.04511907095872516
0 0.6768813161592148 0.9421799661651 0.05402502678536116 0.05341766587924894