0 0.8021558258984474 0.8449157844678721 0.22213191882984235 0.20138891832631992
0 0.8957866436726294 0.5863071655007309 0.19348081330995512 0.2597272079820335
0 0.7550428668872681 0.6329862141421193 0.10738758035608367 0.15834326805616747
0 0 0.13506156875 0.170911175 0.3711774671875 0.4027173125 0.5862588203125 0.673591903125 0.7082294671875 0.7022421 0.71133506875 0.7022421 0.6800707828125 0.53034091875 0.5650389640625 0.334998665625 0.4131228546875 0.2047704984375 0.30402937812499997 0.11100621875000001 0.187756503125 0.0094282484375 0.008818625 0 0.0086540046875 0 0.13506156875
0 0.0070757375 0.0087775515625 0.0484966984375 0.08505613437500001 0.2203978796875 0.3043022390625 0.42615838281249996 0.472032396875 0.699637534375 0.6774199484375 0.7048466624999999 0.62019304375 0.577223059375 0.485091471875 0.3584397375 0.3015017875 0.1969568078125 0.1970733046875 0.04496448125 0.0094391015625 0.0070757375 0.0087775515625
0 0.5720139328125 0.313046946875 0.32197585 0.18101868593749998 0.19174768125 0.15269127968750001 0.21258418906249998 0.2051622359375 0.45741314375000003 0.3292834734375 0.712660353125 0.62293483125 0.717869478125 0.52662756875 0.5720139328125 0.313046946875
0 0 0.232515840625 0.178724865625 0.5172138984375 0.236025259375 0.695378671875 0.3844853703125 0.8985833421875 0.5511774234375 0.9536009921874999 0.6084778187500001 0.8634139781249999 0.68661471875 0.8725943515625 0.707451225 0.7479010203125 0.49387703125 0.6660112203125 0.2438389484375 0.4636383140625 0 0.16475288906250002 0 0.232515840625
0 0.9831544796875 1 0.98690286875 0.785254871875 0.864833128125 1 0.9831544796875 1
0 0.3487154058507892 0.980220757256394 0.04445911201270887 0.03955848548721193
0 0.4291296087728885 0.9782043894703794 0.1681693474022122 0.04359122105924129
0 0.2922159898603208 0.949057581210344 0.052407979707460584 0.050238102176918174