0 0.3226997610200939 0.6881809277510269 0.05822156615858276 0.07199467194503928
0 0.23851617944161302 0.8528906339400908 0.06279998184962743 0.053381064264907255
0 0.30437752877768304 0.8954251264182436 0.05337953005422928 0.04529577962517095
0 0.426246941836449 0.6294855408414353 0.040861349336070066 0.04180706677218975
0 0.4515554931643089 0.5489856986007094 0.06921360831306042 0.08168792069139812
0 0.551196944861511 0.6245289193712498 0.05340680113146821 0.04998327962517113
0 0.48658045383850157 0.6617046589464085 0.1066045240041051 0.06402905925034226
0 0.2270150771786767 0.755697385193732 0.05824883723582168 0.0766821719450391
0 0.4252894715960907 0.8676985946815012 0.050172716822512696 0.031142351411925874
0 0.6523508995837755 0.6915238542484127 0.05340680113146803 0.04998327962517113
0 0.6299809958947834 0.7400833747023838 0.048673849336070066 0.04203438730530316
0 0.5557400408779315 0.8683698475844951 0.03461134933607006 0.04162521034569906
0 0.5799547665792388 0.9940301109788372 0.03610112646343318 0.0119397780423256
0 0.4458559807694728 0.7776873601209073 0.09752950585373235 0.11531877461060631
0 0.6609956883204076 0.9688129822179136 0.0675420240041051 0.06237403556417291
0 0.7465139900410509 0.6309931826990849 0.0706670240041051 0.06298338479802065
0 0.898931504675382 0.9166304689881736 0.058167024004104916 0.0626196719450391
0 0.7809985952308535 0.7850956609914725 0.07712610226293623 0.09910274122451135
0 0.9585690833269969 0.6949660691464581 0.05823065651766228 0.07355717194503911
0 0.1968270865484506 0.5345437992212124 0.05029089149054777 0.05145485141192587
0 0.4817646470496927 0.37098873073316313 0.06122839149054773 0.051773100158284534
0 0.6542577914671066 0.482239782461658 0.05656816256778665 0.056324207838416386
0 0.7607275227275588 0.9258881455520662 0.09903746369925485 0.10598923871722903
0 0.41796565625 1 0.5496891125000001 0.7030090359375001 0.6336080125 0.5526379125 0.7427441609375001 0.4247821765625 0.8300350218749999 0.3141112703125 0.892818940625 0.24464377812500002 0.854040121875 0.21646136562499999 0.7480134828125 0.32617404843750003 0.6571969890625 0.4404539625 0.5609405921875 0.5695120953125 0.4772911515625 0.7098223734375 0.3888276828125 0.8867096875 0.348186190625 0.9899044734375 0.397381434375 1 0.41796565625 1
0 0.078784778125 0.7364005859375 0.0053146265625 0.9135068046875 0.0053497843750000005 0.919549815625 0.0758090359375 0.9340090046875 0.12111481406249999 0.820214553125 0.1634078375 0.717647346875 0.27863687812500004 0.5881501421875 0.23447828906249998 0.557417825 0.188013225 0.58255569375 0.14707292968750002 0.6348328140625 0.078784778125 0.7364005859375
0 0.9087715328828997 0.4748521459477777 0.18245693423420056 0.24286476458147632