0 0.6895580349536112 0.2323783802302506 0.07812630642076393 0.06986112141421189
0 0.8574157225489237 0.12096218667618727 0.05941267401194459 0.07076885698624169
0 0.907380661378507 0.18489571190393075 0.0497831008736803 0.05950397477225651
0 0.6368168542921531 0.351502891662996 0.04636716014423605 0.04689484736759484
0 0.5532419412981253 0.3888243315888622 0.09091724715020852 0.08279763103285873
0 0.6422518495425005 0.4842335461094997 0.05606946846486114 0.061284729581580065
0 0.6757170065526046 0.4103496128070554 0.07452983415618064 0.1165724303072194
0 0.753454921162153 0.12224692288118919 0.08437630642076392 0.0700793762235354
0 0.8885787228332642 0.31769085373656275 0.03721036569131968 0.05594246515360961
0 0.7219776767648269 0.5838763928441223 0.05606946846486114 0.061284729581580065
0 0.7712866925323963 0.5524428543695349 0.046585365691319505 0.05626984736759475
0 0.9011722546527434 0.4556447215225776 0.04462282218833309 0.03902778366526398
0 0.7947566408612851 0.3514607077275795 0.12761846656499998 0.11686509618646843
0 0.990775696047778 0.5539061175315608 0.018448607904444005 0.07765377404661714
0 0.6666381729651049 0.692145249830364 0.07216724715020853 0.08214286660488845
0 0.9731547244003302 0.8140722912153583 0.05369055119933961 0.06802580290255769
0 0.831954701650452 0.7067012792344587 0.10984908510611113 0.09126489546082901
0 0.7521438343436119 0.9057414691603249 0.07957970364722229 0.06522818511654264
0 0.5164997818194793 0.12035707378431386 0.05755923328249999 0.05821429328391079
0 0.3677051380114934 0.4461259440173995 0.0594126740119445 0.07076885698624161
0 0.5013930730413547 0.6134721567239384 0.06239220364722229 0.06462798439090331
0 0.9590360399876043 0.6652082052805088 0.08192792002479124 0.11588294954451292
0 0.573213625 0.5818341078125 0.725152946875 0.47222389531250003 0.9859329109375 0.317026328125 0.9646048171875 0.24447566406250001 0.9057071406249999 0.2763457109375 0.7260854046875 0.3943927109375 0.5847756484375 0.5023472109375 0.45647414375000006 0.6221616437499999 0.34334858125 0.7341860015624999 0.2363788046875 0.8617454390624999 0.269584603125 0.89910153125 0.337692765625 0.8229542562500001 0.44730283593750003 0.7151662109375 0.573213625 0.5818341078125
0 0.6813697578125 0 0.6180299640625 0.0538304265625 0.5662285328125 0.104434659375 0.54364294375 0.15721330625000002 0.5800155124999999 0.1999368921875 0.7071357 0.059909262500000005 0.8120695437500001 0.0010226375 0.813943296875 0 0.6813697578125 0
0 0.5185676149288202 0.8810589608076225 0.27191528685347244 0.2124553930985762