0 0.3400705585701417 0.26127971806401656 0.05993492198083885 0.07227679328391083
0 0.2540091485750905 0.0827033394782285 0.06668288896415202 0.052237111795565075
0 0.3231376068519764 0.04272069102217455 0.05377345318850324 0.043988102176918245
0 0.4484839241285455 0.3287177000078492 0.042672178878243726 0.040481156260602266
0 0.47338210481581144 0.41550837187754813 0.0729262449116174 0.08208830290255768
0 0.5791950135676673 0.34372016271438816 0.05566350180902226 0.05029266587924912
0 0.5111133989137747 0.29913683821228415 0.11067855042954129 0.05845239546082901
0 0.2404999265033946 0.18335810390619875 0.058536196291098366 0.07534722958157998
0 0.45026667288535 0.07898059483570609 0.05147396879233561 0.029871038474587386
0 0.6869798580951718 0.2796898898488974 0.05566350180902226 0.05029266587924912
0 0.6638831948207603 0.22727421797919858 0.05204717887824373 0.04080853847458741
0 0.586859270126388 0.08673355273292163 0.033379066033373664 0.04171627404661713
0 0.4701874265033946 0.17533723966356296 0.10268898801421233 0.11432044954451306
0 0.6987617265942516 0.009498963254693137 0.06939845318850324 0.018997926509386275
0 0.7845376108087053 0.34907231770904606 0.07342421189493056 0.061830366604888456
0 0.9431944793077852 0.06098449675032108 0.05319359905006031 0.06268353847458738
0 0.8223607581406004 0.18965018849028584 0.08007700361804453 0.0994940577118811
0 0.9894403765261088 0.29795621789438054 0.021119246947782243 0.0696230192372937
0 0.20636170115233837 0.41309273312495903 0.050976001809022266 0.05012897477225646
0 0.009931599954571477 0.08496527704184201 0.014131099050060325 0.061319445916315996
0 0.5036438941640764 0.6046427937472469 0.0635578889641522 0.05212798439090349
0 0.6859440598133372 0.4988763994675443 0.057553550429541286 0.05659722958158007
0 0.8028627284032739 0.04782857051501189 0.10236143939369349 0.09565714103002378
0 0.3908225046875 0 0.412150496875 0.057182360937499996 0.502815059375 0.2486360859375 0.5888750828125 0.4014054890625 0.6883011906250001 0.5432201531249999 0.782199696875 0.6691705906250001 0.8921141671875 0.791352025 0.9331495000000001 0.7643980421875 0.8681183812500001 0.68732760625 0.777875265625 0.5653988796875 0.6649196093749999 0.4239806828125 0.57869975625 0.2606416078125 0.46918461093749997 0 0.3908225046875 0
0 0.0849828625 0.1940109984375 0.1553974546875 0.30511697031249996 0.19771785 0.3626922328125 0.2461670125 0.39217531875 0.29287854687500003 0.362908178125 0.17354961093750002 0.21935944843750002 0.1304241921875 0.10895026249999999 0.10279958281249998 0.0356912 0.026964712499999998 0.0463687921875 0.0849828625 0.1940109984375
0 0.9294738952957301 0.5249750748806222 0.14105220940853974 0.24166668874473984