0 0.3 0.3609375 0.06015625 0.04765625
0 0.125 0.3078125 0.03984375 0.0546875
0 0.09765625 0.37734375 0.03515625 0.0453125
0 0.3765625 0.45078125 0.03359375 0.03515625
0 0.459375 0.46171875 0.06796875 0.05703125
0 0.40703125 0.56953125 0.03984375 0.0453125
0 0.3578125 0.51328125 0.04140625 0.096875
0 0.215625 0.28046875 0.06484375 0.0453125
0 0.14765625 0.4890625 0.021875 0.0453125
0 0.36171875 0.67734375 0.03984375 0.0453125
0 0.3109375 0.66328125 0.03203125 0.04296875
0 0.17265625 0.61328125 0.03515625 0.0265625
0 0.046875 0.659375 0.0234375 0.03203125
0 0.23828125 0.49296875 0.096875 0.0796875
0 0.096875 0.73046875 0.05 0.05859375
0 0.43828125 0.7578125 0.05 0.06171875
0 0.19453125 0.94921875 0.0515625 0.0484375
0 0.29765625 0.81484375 0.08515625 0.06015625
0 0.41875 0.9734375 0.0625 0.05234375
0 0.42265625 0.215625 0.04140625 0.04140625
0 0.09453125 0.065625 0.0515625 0.04140625
0 0.63671875 0.46171875 0.03984375 0.053125
0 0.56328125 0.64453125 0.04609375 0.046875
0 0.15859375 0.81875 0.0890625 0.08203125
0 0 0.49861000000000005 0.33055500000000004 0.580555 0.4916675 0.6361100000000001 0.6361100000000001 0.719445 0.7597225 0.7847225 0.8388899999999999 0.8333325 0.8583325 0.7916675 0.731945 0.7083325 0.6041675 0.6402775 0.46111 0.569445 0.3097225 0.5125 0.12222249999999998 0.456945 0 0.43194499999999997 0 0.49861000000000005
0 0 0.1625 0.13333250000000002 0.19027750000000002 0.2402775 0.21389 0.3875 0.30277750000000003 0.40833250000000004 0.25555500000000003 0.375 0.2152775 0.3166675 0.18472249999999998 0.20555500000000002 0.13611 0 0.0902775 0 0.1625
0 0.6234375 0.90625 0.20546875 0.18203125