0 0.35642768344363407 0.2841681235874624 0.05583298863591431 0.06849105042954129
0 0.31673175811767484 0.09892002035353062 0.061755706168510116 0.050068599050060315
0 0.3921544979714051 0.07077068690730252 0.05070911201270878 0.043245388964152066
0 0.44397650203189015 0.36621930574506656 0.0397170649348082 0.03954717887824381
0 0.4479179338506711 0.45343270070211245 0.06539890340856651 0.07991987336031983
0 0.5643611400191814 0.4004980512225108 0.050790932629560005 0.04793288896415202
0 0.5106554874213936 0.34711410165205214 0.10556025324641087 0.05548643939369331
0 0.2799527325501296 0.19373123134395004 0.05281708279171564 0.07457727611928178
0 0.5051533299523419 0.12573042458283062 0.048873876623205345 0.027538501809022307
0 0.6822304784929398 0.35529401458777937 0.050790932629560005 0.04793288896415202
0 0.6722611891256769 0.3003984746736877 0.04752956493480802 0.03995661465389251
0 0.6326646753259592 0.15417192786219097 0.03193183847375849 0.040700243102595034
0 0.692713605519887 0.02301710312239017 0.03640115016215582 0.028445904567984293
0 0.5011322573068959 0.2219470053155253 0.09250687418757338 0.1125619549975256
0 0.7628118713481996 0.07632248756398645 0.06663412094116268 0.06125176051544958
0 0.7596366838506711 0.43709621325372694 0.06975912094116268 0.06141553482570909
0 0.9755828323879738 0.18381300373364556 0.04163412094116268 0.05994156603337357
0 0.8332395994341024 0.28962034769532324 0.0704136858759707 0.0989155348257091
0 0.9745895280064726 0.41958672942338604 0.03554776217486477 0.06898901741285464
0 0.1926497812528834 0.41061219414339173 0.04769320616851021 0.049331614653892686
0 0.06526076136408572 0.06214479590698555 0.04788412094116259 0.06026911465389255
0 0.4313911327155807 0.6400662415207153 0.06016593262956001 0.048424211894930555
0 0.6301519610430695 0.5664262663968017 0.05402502678536116 0.05434666327441153
0 0.8498385385564842 0.14357086329915547 0.0939330064928221 0.10483134215265535
0 0.46204148125 0 0.4734722171875 0.098479578125 0.5145330984375 0.2971107546875 0.560365359375 0.45770797500000004 0.6215269671875 0.609781553125 0.6811776187499999 0.74570020625 0.75698125625 0.8804350109374999 0.8024628968749999 0.8607107328125 0.758745584375 0.77638063125 0.7016257703125001 0.64490263125 0.6274788 0.49113938125 0.5839966875 0.32031840312500004 0.5330839890625 0 0.46204148125 0
0 0.10511084374999999 0 0.12933871875 0.1804028671875 0.1701274796875 0.29840035 0.1968207203125 0.36043997656250004 0.23600470312500002 0.3963105703125 0.2874425125 0.3752235875 0.20772724375 0.21842830468750002 0.1927757296875 0.10528292187499999 0.180160734375 0 0.10511084374999999 0
0 0.889684873787127 0.6332198614901332 0.1914546631477993 0.23638895861557022