0 0.66875 0.36017182631392364 0.0703125 0.05822156615858276
0 0.85234375 0.2841037091220685 0.0484375 0.06278180113146811
0 0.8890625 0.35732758568369755 0.0421875 0.05337043969514976
0 0.59375 0.4645144135497453 0.0390625 0.04085225897699054
0 0.50546875 0.4845592688377437 0.0796875 0.0692136083130606
0 0.571875 0.5958916785768599 0.0484375 0.05340680113146803
0 0.6203125 0.5307661274453918 0.0546875 0.10969316256778665
0 0.7515625 0.26437753728270386 0.075 0.056686337235821685
0 0.8453125 0.4825821157379268 0.028125 0.05172612646343318
0 0.63125 0.7080462449318345 0.0484375 0.05340680113146803
0 0.68515625 0.6874201275435876 0.0390625 0.05022725897699054
0 0.83046875 0.6201684741491832 0.0390625 0.03147725897699054
0 0.9703125 0.6568548870115574 0.028125 0.03610112646343318
0 0.746875 0.49643605835994276 0.1140625 0.09753859621281222
0 0.92265625 0.7391633929634857 0.059375 0.0675329336450254
0 0.55546875 0.8030183773471959 0.0609375 0.07222952400410491
0 0.7140625 0.8513144559006147 0.096875 0.07400110226293641
0 0.521875 0.2149325700674077 0.0484375 0.048719301131468204
0 0.8625 0.021796169305281877 0.059375 0.043592338610563754
0 0.31328125 0.5028648830045366 0.0484375 0.06121930113146803
0 0.409375 0.6929308259211402 0.0546875 0.05656816256778665
0 0.86484375 0.8410622362494315 0.1046875 0.09748405405833438
0 1 0.472351703125 0.9943522781249999 0.40783080624999996 0.8696928484375 0.4456241484375 0.6719270125000001 0.5246935203125 0.5133962078125001 0.601618646875 0.3652009203125 0.692732175 0.23328800312500003 0.7792958953125 0.10432774843749999 0.882256253125 0.129327596875 0.9253846421875 0.21044672968749997 0.8647769140625 0.3381128265625 0.7816400031249999 0.48662340156250006 0.6768554734375 0.655816315625 0.6004521421875 1 0.48045486562499995 1 0.472351703125
0 0.7490645796875001 0.1068137484375 0.6333549875 0.1706517171875 0.573085984375 0.2096140265625 0.5408085453125 0.25657284375 0.5678399984375 0.30557550624999996 0.7188348015625 0.194500803125 0.8324001015625001 0.158140621875 0.9688283343749999 0.1162392828125 0.9619933046875 0.038154303125 0.7490645796875001 0.1068137484375
0 0.36640625 0.9353683107958297 0.2328125 0.126354463502863