0 0.39765625 0.7616884963857627 0.0578125 0.06908634328594587
0 0.3515625 0.958295330792914 0.0640625 0.048810204722264314
0 0.43125 0.9808647015008105 0.053125 0.03827059699837889
0 0.490625 0.670041872751 0.0421875 0.040870439695149585
0 0.49609375 0.5794486890077787 0.0671875 0.08007838544042371
0 0.61875 0.6293810321955287 0.053125 0.04718407220870695
0 0.5609375 0.6868571889095827 0.109375 0.0553238251355733
0 0.31484375 0.8604254573545429 0.0546875 0.07531816256778683
0 0.55 0.9203873063960254 0.0515625 0.02842498184962743
0 0.74140625 0.6715008753832785 0.053125 0.04718407220870695
0 0.7296875 0.7276826976901815 0.0484375 0.03778180113146803
0 0.6859375 0.8844594176359521 0.0328125 0.040815897540672094
0 0.54765625 0.8203736708574059 0.0953125 0.11305451190385654
0 0.81875 0.9586695981577197 0.065625 0.05506929508134384
0 0.82421875 0.5805764144144984 0.071875 0.06135565651766228
0 0.89765625 0.7317849112912403 0.071875 0.09885565651766245
0 0.228125 0.6372646924256242 0.05 0.05029089149054773
0 0.084375 0.9892352168225127 0.05 0.021529566354974605
0 0.48203125 0.3832731257760621 0.0625 0.048801114363184614
0 0.68984375 0.45166964353365124 0.05625 0.05345225292686617
0 0.9125 0.8849962697024967 0.096875 0.10525110226293606
0 0.5644194312499999 1 0.5869087484375 0.9985582328125 0.6370429625 0.7122734171875 0.6858617828125 0.5306841109375 0.766586865625 0.36551419687500003 0.829013071875 0.224590184375 0.8764927859375 0.1338547953125 0.829067653125 0.11535928749999999 0.7469509078125001 0.260619425 0.681784153125 0.40633258124999994 0.6147335796875 0.5690917140625 0.5636329984375 0.7400552031250001 0.5168481 0.9507427749999999 0.5103056359375 1 0.5644194312499999 1
0 0.21622450468749999 1 0.2220493078125 0.9573358046875 0.2398337015625 0.8377358312500001 0.32646491875 0.6691079578125 0.27280672031250003 0.6494723828125 0.23097884375 0.6890753546874999 0.20179486562500001 0.75555950625 0.15677468125 0.8815217546874999 0.1389051546875 1 0.21622450468749999 1
0 0.93203125 0.370266149190992 0.134375 0.23515677088084708