0 0.63984375 0.35859375 0.05 0.025
0 0.7921875 0.31171875 0.08984375 0.07890625
0 0.6421875 0.2859375 0.0640625 0.0421875
0 0.29765625 0.45234375 0.03984375 0.06484375
0 0.440625 0.3859375 0.0515625 0.0734375
0 0.375 0.4546875 0.0671875 0.0421875
0 0.48203125 0.34921875 0.0390625 0.05859375
0 0.6109375 0.4109375 0.075 0.05
0 0.521875 0.3796875 0.0640625 0.02890625
0 0.57578125 0.315625 0.0640625 0.0484375
0 0.9265625 0.32265625 0.07890625 0.04765625
0 0.8359375 0.253125 0.0859375 0.04609375
0 0.7109375 0.2859375 0.0671875 0.0359375
0 0.91015625 0.2578125 0.04765625 0.0515625
0 0.80703125 0.384375 0.07109375 0.06640625
0 0.9484375 0.3734375 0.05390625 0.0515625
0 0.84921875 0.353125 0.02890625 0.03125
0 0.6921875 0.325 0.03984375 0.0421875
0 0.6859375 0.36953125 0.04609375 0.02890625
0 0.68671875 0.4203125 0.0484375 0.0484375
0 0.33046875 0.4046875 0.0609375 0.04140625
0 0.453125 0.459375 0.0359375 0.04375
0 0.5421875 0.46484375 0.1046875 0.0671875
0 0.6515625 0.4453125 0.03359375 0.0453125
0 0.71484375 0.45859375 0.06015625 0.0296875
0 0.7703125 0.45546875 0.03125 0.03125
0 0.7484375 0.4171875 0.05390625 0.04609375
0 0.83359375 0.44453125 0.0375 0.0359375
0 0.92109375 0.43359375 0.0625 0.0328125
0 0.984375 0.40625 0.03125 0.05234375
0 0.55859375 0.40234375 0.0171875 0.0203125
0 0.49453125 0.396875 0.04609375 0.0234375
0 0.3921875 0.4078125 0.0453125 0.0328125
0 0.51015625 0.3296875 0.0328125 0.02734375
0 0.39765625 0.5015625 0.06015625 0.04375
0 0.359375 0.52265625 0.05859375 0.0328125
0 0.4546875 0.5015625 0.0359375 0.0328125
0 0.984375 0.2734375 0.0265625 0.03359375
0 0.70078125 0.50234375 0.07890625 0.0421875
0 0.7421875 0.5453125 0.0640625 0.0375
0 0.86015625 0.4828125 0.0328125 0.04375
0 0.90625 0.48984375 0.0671875 0.04765625
0 0.95625 0.5703125 0.0828125 0.1203125
0 0.859375 0.640625 0.06875 0.0484375
0 0.9015625 0.696875 0.0328125 0.03125
0 0.725 0.59140625 0.03984375 0.05234375
0 0.875 0.4265625 0.02734375 0.025
0 0.7984375 0.4890625 0.0984375 0.04375
0 0.81640625 0.5546875 0.0875 0.05
0 0.75234375 0.62265625 0.05234375 0.02734375
0 0.796875 0.6328125 0.0484375 0.02109375
0 0.6609375 0.65 0.0546875 0.0296875
0 0.6609375 0.5796875 0.0875 0.10234375
0 0.55859375 0.60546875 0.04765625 0.09609375
0 0.50859375 0.6328125 0.0578125 0.0515625
0 0.53671875 0.5359375 0.0890625 0.04140625
0 0.4578125 0.53359375 0.0265625 0.0328125
0 0.47578125 0.5890625 0.0359375 0.0359375
0 0.3875 0.5625 0.075 0.06484375
0 0.3265625 0.575 0.04375 0.0546875
0 0.28984375 0.59140625 0.0453125 0.0421875
0 0.4078125 0.6390625 0.0921875 0.04765625
0 0.6015625 0.56875 0.0328125 0.05234375
0 0.7265625 0.66796875 0.04765625 0.03125
0 0.9734375 0.67109375 0.03125 0.0328125
0 0.609375 0.66484375 0.04609375 0.03515625
0 0.55859375 0.6796875 0.02734375 0.0265625
0 0.4375 0.55078125 0.03515625 0.0484375
0 0.89375 0.55078125 0.05 0.04140625
0 0.7671875 0.59296875 0.04609375 0.0265625
0 0.6484375 0.5078125 0.04140625 0.02265625
0 0.4703125 0.6390625 0.02265625 0.03125
0 0.3296875 0.6296875 0.0390625 0.03984375
0 0.259375 0.6546875 0.0734375 0.0546875
0 0.6525000000000001 0.49119999999999997 0.505 0.51495 0.3175 0.55245 0.26125 0.57245 0.23125 0.59495 0.3075 0.5824499999999999 0.42125 0.54995 0.5599999999999999 0.5237 0.4125 0.55995 0.30874999999999997 0.5862 0.24125000000000002 0.59995 0.26375000000000004 0.60995 0.42000000000000004 0.5812 0.57125 0.5537 0.70625 0.5399499999999999 0.9974999999999999 0.5062 0.9974999999999999 0.45744999999999997 0.825 0.4737 0.6525000000000001 0.49119999999999997
0 0.4875 0.62245 0.6525000000000001 0.6074499999999999 0.82125 0.6074499999999999 0.9974999999999999 0.6024499999999999 0.9962500000000001 0.51495 0.8225 0.5337 0.5587500000000001 0.55995 0.38125 0.5987 0.24375 0.62495 0.27 0.62995 0.33875 0.62995 0.30125 0.6362 0.2375 0.6437 0.28250000000000003 0.6537 0.3775 0.63995 0.4875 0.62245
0 0.7150000000000001 0.2925 0.9925 0.2575 0.9974999999999999 0.22000000000000003 0.8012499999999999 0.22000000000000003 0.7150000000000001 0.23125 0.5662499999999999 0.29745 0.42874999999999996 0.34745 0.24 0.4387 0.2525 0.46624999999999994 0.40499999999999997 0.3975 0.5599999999999999 0.32625000000000004 0.7150000000000001 0.2925
0 0.5725 0.3775 0.67375 0.35750000000000004 0.75625 0.33625 0.82 0.335 0.9974999999999999 0.305 0.99375 0.26375000000000004 0.64 0.31625000000000003 0.5349999999999999 0.34875 0.41125 0.41 0.25625 0.47625 0.3675 0.45375 0.47125000000000006 0.41875 0.5725 0.3775
0 0.6475 0.4125 0.79375 0.38875000000000004 0.9974999999999999 0.37 0.9949999999999999 0.3225 0.8087500000000001 0.34375 0.68625 0.36625 0.5675 0.40625 0.3725 0.465 0.27375 0.5287499999999999 0.4225 0.48125 0.54375 0.44375 0.6475 0.4125
0 0.9974999999999999 0.6875 0.9974999999999999 0.65625 0.89625 0.65125 0.77 0.64125 0.635 0.6425 0.51375 0.6587500000000001 0.42750000000000005 0.66625 0.42625 0.6775 0.54375 0.67375 0.69625 0.655 0.8699999999999999 0.67125 0.9974999999999999 0.6875
0 0.8237500000000001 0.64125 0.93 0.64 0.9974999999999999 0.64125 0.9949999999999999 0.59875 0.8550000000000001 0.60375 0.61375 0.615 0.53 0.62375 0.385 0.64375 0.395 0.66625 0.48624999999999996 0.6525000000000001 0.645 0.63875 0.8237500000000001 0.64125