0 0.3796875 0.6644399699649327 0.03125 0.05835797077900686
0 0.33671875 0.8355649476437982 0.0921875 0.10629663879807012
0 0.3 0.6700802694784652 0.05 0.07431025324641087
0 0.46328125 0.28308660429877575 0.0734375 0.04815685633066593
0 0.3984375 0.4436735024323367 0.084375 0.062410271103318316
0 0.47109375 0.3691604719935275 0.05 0.07899775324641087
0 0.36015625 0.49066155072805334 0.0671875 0.048047762174864596
0 0.4359375 0.6310468173671449 0.0609375 0.08700116801906325
0 0.39609375 0.5334763421239112 0.034375 0.07247501785690744
0 0.32890625 0.5955848299490466 0.05625 0.0744193474022122
0 0.3546875 0.9684750848203105 0.05625 0.06304983035937894
0 0.27421875 0.8852552560857847 0.0546875 0.09939207386326174
0 0.303125 0.746697316556366 0.04375 0.07732615909060954
0 0.284375 0.966682534088962 0.059375 0.05728639448011279
0 0.41796875 0.8479206716692159 0.078125 0.08261367694751698
0 0.41171875 0.9853722585214166 0.0578125 0.029255482957166734
0 0.3859375 0.8965803141207338 0.0359375 0.03343979139585755
0 0.3453125 0.7247774521080251 0.0484375 0.047720479707460586
0 0.39453125 0.7146990685849609 0.034375 0.05216251785690744
0 0.45078125 0.7148996659871731 0.05625 0.05723184740221221
0 0.41171875 0.3220303275134146 0.0484375 0.07115797970746059
0 0.4796875 0.4544667264577543 0.05 0.04462275324641087
0 0.49140625 0.5538900279998819 0.08125 0.12016822402541756
0 0.47578125 0.6747110426103785 0.0515625 0.041525026785361165
0 0.49453125 0.7445695750777827 0.0359375 0.06781479139585792
0 0.49453125 0.8055070750777826 0.0359375 0.03656479139585791
0 0.45 0.7820735292176979 0.053125 0.06342730032431163
0 0.4859375 0.8764508206135556 0.0421875 0.04292388555165942
0 0.47890625 0.9684623352256999 0.0390625 0.06307532954860022
0 0.42265625 0.573783742286067 0.0234375 0.020721603084255236
0 0.4140625 0.5033212378218401 0.0296875 0.052080697240056394
0 0.41953125 0.38935419520816633 0.0390625 0.05224433847375849
0 0.340625 0.5231331314911741 0.0328125 0.03807274431795715
0 0.5234375 0.3911678855483639 0.0515625 0.06965002678536117
0 0.54375 0.34933494155471834 0.0390625 0.06786933847375849
0 0.52578125 0.4544900458567894 0.0375 0.0428420649348082
0 0.5421875 0.7266514180157679 0.0515625 0.08996252678536117
0 0.59140625 0.7704792844927036 0.04375 0.07263865909060954
0 0.52890625 0.9037633429346901 0.05 0.039935253246410694
0 0.53984375 0.9539542577073424 0.05625 0.07910684740221222
0 0.62890625 0.9775586686263236 0.134375 0.044882662747352954
0 0.703125 0.896648092527653 0.0578125 0.08069662094116267
0 0.76796875 0.940748694394092 0.0359375 0.038127291395857556
0 0.640625 0.7502446509696394 0.059375 0.04791139448011279
0 0.46796875 0.9222309249156269 0.0296875 0.0333306972400564
0 0.5328125 0.8343002767820661 0.0546875 0.11345457386326174
0 0.60625 0.851988383112732 0.0609375 0.10106366801906326
0 0.67734375 0.7797918291349724 0.034375 0.05997501785690744
0 0.69140625 0.8276935409855255 0.0265625 0.05515115016215546
0 0.70234375 0.6778844557581778 0.0359375 0.0631272913958579
0 0.62578125 0.6804543023496111 0.1171875 0.10517051542127547
0 0.64765625 0.565992381894916 0.109375 0.06128414772652384
0 0.675 0.5094384188265468 0.059375 0.06666139448011296
0 0.56875 0.5443025681779238 0.05 0.10087275324641105
0 0.5625 0.45747472402212236 0.0375 0.030342064934808198
0 0.625 0.474971915580136 0.0421875 0.04292388555165907
0 0.58984375 0.37826451095375335 0.0765625 0.0872739034085667
0 0.6 0.3112542889569306 0.0640625 0.052680715096964016
0 0.615625 0.26933952434643393 0.05 0.05399775324641087
0 0.67578125 0.39773330559602205 0.0578125 0.10725912094116268
0 0.609375 0.6145429301906326 0.059375 0.040098894480112966
0 0.72578125 0.7478248088424329 0.0375 0.0553420649348082
0 0.71640625 0.6195361676087309 0.0421875 0.05229888555165907
0 0.72890625 0.5635043559203335 0.0296875 0.0333306972400564
0 0.5796875 0.4343372329505762 0.0546875 0.04314207386326174
0 0.60625 0.937925883112732 0.0484375 0.05865797970746058
0 0.6453125 0.7964202215864904 0.03125 0.05210797077900668
0 0.54453125 0.6680985783241935 0.0265625 0.04733865016215581
0 0.67890625 0.46653785267392267 0.0359375 0.02718979139585791
0 0.6609375 0.31153670697599384 0.0453125 0.04610343262955983
0 0.68515625 0.23305319682972409 0.065625 0.0855204886359143
0 0.5664790703125 1 0.5834524203125 0.7312577328125001 0.590817946875 0.581624303125 0.6124162875 0.41351295468749993 0.6351048015625 0.23983105624999998 0.6227690515625001 0.215366228125 0.6115000140625 0.2904481015625 0.5885340796875 0.40604903437499995 0.5570636203125 0.5703561078125 0.5780055109375 0.41609881406250004 0.607289759375 0.289212153125 0.6166734625 0.204514396875 0.5935805515625 0.23851622031250003 0.574764315625 0.3014138921875 0.5442277234375 0.509947875 0.5265504890625 0.6737728374999999 0.5172156109375 0.86496843125 0.5115955953125 1 0.5664790703125 1
0 0.66804925625 1 0.6645862625000001 0.8556680953125 0.6548274859375 0.6692892078125 0.6618374421875 0.48647354218750005 0.6747866828125 0.364307165625 0.6844654015625 0.258852434375 0.6708284796874999 0.2095370859375 0.66623919375 0.28023615468749996 0.6615111984375 0.3218947390625 0.6575354 0.2459626015625 0.650500078125 0.2171631765625 0.6294858984375 0.370039884375 0.5969916859375 0.5675774031249999 0.58327851875 0.8598931328124999 0.5755380406249999 1 0.66804925625 1
0 0.29260988125 1 0.3109077359375 0.7504656859375001 0.33918582812500003 0.577971528125 0.408843596875 0.40403104062499995 0.47588729531249996 0.2329481421875 0.4447641546875 0.2202048703125 0.3549889796875 0.4321925140625 0.307767671875 0.585985234375 0.2433209296875 0.7528280281249999 0.2358948453125 0.8485222468750001 0.24382620312499997 1 0.29260988125 1
0 0.348217971875 1 0.3638768296875 0.8647955953125 0.361569503125 0.79433758125 0.3802470296875 0.7023994265625 0.396460925 0.5898007187500001 0.43612330312500003 0.476382421875 0.46874449531250006 0.3604440125 0.48713873750000003 0.23670420781249998 0.4229982578125 0.4104518515625 0.36256788906250004 0.5494920421875 0.33277763125000004 0.666714615625 0.30097558593749996 1 0.348217971875 1
0 0.4151097 1 0.42166966875 0.8337302484375 0.43941919062499996 0.67128586875 0.4679024140625 0.5554920937500001 0.50227023125 0.420129078125 0.5460823078125 0.25400752187500003 0.481447546875 0.36553245 0.42789619375 0.583169528125 0.3906251609375 0.7158677921875001 0.3728815015625 0.8520328578124999 0.36379850468749997 1 0.4151097 1
0 0.7545833156249999 1 0.7378060875 0.9070501906249999 0.7098269703125 0.7157757124999999 0.721697765625 0.54662125625 0.7190407343749999 0.41670169531249995 0.70669911875 0.4185161796875 0.7034110015625 0.5140657640625 0.6924916703124999 0.6486091890625 0.69891936875 0.797760509375 0.7172549593750001 0.9368138390625 0.7236919328125 1 0.7545833156249999 1
0 0.7085992796875 1 0.7067928125 0.9745235156250001 0.7020277203124999 0.8571256343749999 0.688932 0.6597984984374999 0.6949240703124999 0.4839339640625 0.70481965 0.3826209875 0.679413546875 0.372444109375 0.665729703125 0.5333632703125 0.660917690625 0.6261998984375 0.6624552234375 0.8930865765625 0.66423613125 1 0.7085992796875 1