0 0.6663566978152325 0.3827060200952802 0.036339293283910834 0.05644998789975162
0 0.7344742368379741 0.2307895169720222 0.10225695916315995 0.10994769262201594
0 0.7424926118803831 0.3933031525106417 0.05886905771188111 0.07532725292686618
0 0.5221379941791863 0.7263282341873184 0.07685516587924894 0.05356133723582168
0 0.6118130746717401 0.5878157009116354 0.08822917549789597 0.06612496974937905
0 0.5294296498068164 0.644356071521336 0.058978185116542646 0.07845225292686635
0 0.6550075139646341 0.5497935261454044 0.07049603847458741 0.05039997579950324
0 0.6061558077966991 0.40344524609117516 0.06868056733052796 0.08788179508134383
0 0.6283706028947085 0.5027730804001305 0.04475199400955017 0.07368293969514958
0 0.7025695055271136 0.457901462815492 0.06361112141421188 0.07691702400410509
0 0.7412004080747008 0.08788894466511939 0.06566469473518968 0.0909886143631847
0 0.8027505216843643 0.19525653795106526 0.06744544954451329 0.09724770472226432
0 0.7524281178708329 0.31993837538327863 0.05111112141421188 0.07684430113146812
0 0.8070535865678217 0.11717244456692351 0.0645188569862416 0.058176114363184706
0 0.6608631220471841 0.20302306527482003 0.08419643992586608 0.08484769867214012
0 0.6901364158792491 0.05712930317457161 0.06473711179556503 0.06442611436318471
0 0.6985342476377474 0.16340657425181046 0.04031746515360979 0.03616475897699045
0 0.7076066911918106 0.33373725496996964 0.05325397477225664 0.04873748184962743
0 0.6607044093406451 0.33268329419758114 0.04097222958157989 0.054914758976990455
0 0.6064434952754946 0.32221342680933435 0.06144842068857237 0.05972043364502548
0 0.5774331293883963 0.6993117371141847 0.0556349303072194 0.07218407220870696
0 0.535131523583281 0.5615935684962738 0.053090283665263985 0.044049981849627426
0 0.5411781377410987 0.4663356106507516 0.09331846878180663 0.1223931504675381
0 0.5763393330244426 0.354844119627742 0.053035719962933214 0.04248748184962743
0 0.5692783119730503 0.28684809855050314 0.04302580290255768 0.06898634933607006
0 0.5805134231356432 0.22833161660267992 0.04042659255827132 0.039289758976990455
0 0.6182961653310949 0.2590139900410509 0.060049611795565026 0.06439884328594588
0 0.6001513113400782 0.16439638162979456 0.04533234736759475 0.04556703005422928
0 0.6227678666048885 0.07392137255460825 0.046205366604888456 0.07056703005422929
0 0.6586036736837974 0.026483291172519064 0.05685020072563951 0.017514752926866238
0 0.6089286329317753 0.4604810412707149 0.02576389183263199 0.022020445745273776
0 0.6066146539831676 0.528422520193476 0.034667665879248945 0.05331589754067192
0 0.5821727038905002 0.633727643730043 0.042425602176918174 0.05179884933607006
0 0.679888462876175 0.5241622670702182 0.034176592558271324 0.0392533975406721
0 0.48299859390903377 0.6120612011080271 0.058705366604888454 0.07063975292686617
0 0.45693709091380885 0.6486208698241337 0.046096239200226916 0.06744203005422929
0 0.49108142322046133 0.5527452884420445 0.04053571996293322 0.04241475897699054
0 0.5218948804847046 0.2943833425985748 0.06097719473518968 0.09096134328594588
0 0.4826215601589518 0.24338392398066402 0.054181557711881115 0.07529998184962743
0 0.5630406917399647 0.13059355337096334 0.05298115626060227 0.04092498184962738
0 0.5620759032653774 0.08059809855050315 0.06366568511654283 0.0784795240041051
0 0.48158730589778254 0.03482653541698245 0.13817461179556503 0.06485336123992674
0 0.3964881088003402 0.10306747530852385 0.06533731252120453 0.0816136143631847
0 0.34228919292109106 0.049637948279356664 0.04042659255827132 0.03928975897699044
0 0.43141372422410235 0.2532401921310366 0.0642460384745874 0.050363614363184706
0 0.6252951550794759 0.12392591773414804 0.03234127404661713 0.03143180718159235
0 0.5488715535355299 0.19456060460062735 0.0663740228654909 0.11130111436318471
0 0.48140131134007813 0.16370551433974362 0.07073414065150559 0.10195338544042358
0 0.4013070727728235 0.21869702048806366 0.03801092068857255 0.05958407825883123
0 0.3965178798517325 0.17102258976990442 0.031597229581579976 0.05486021682251274
0 0.3607490493591786 0.30984874043383437 0.042862111795565115 0.06429884933607007
0 0.43459577712666003 0.3219947373105764 0.12725695916315996 0.1100931383672898
0 0.39369301333166196 0.4256419120768073 0.11166667549789597 0.0662613251355733
0 0.35863845625275304 0.4730845386384363 0.06646330290255768 0.06912270472226431
0 0.4659871647829408 0.4604305234149299 0.061304576949174815 0.10033634328594587
0 0.45716029100647615 0.5431748457218328 0.0402083377489479 0.03303975897699054
0 0.40073667621568615 0.5155083879745064 0.04366071996293304 0.04243293969514959
0 0.41740087576019924 0.612460656026683 0.08279763103285873 0.0895261083130606
0 0.39689989200226805 0.6740475958200287 0.06758929328391083 0.05663179508134384
0 0.3747173571558776 0.7098487404338344 0.05341766587924912 0.05342498184962743
0 0.3396652561600858 0.5784214784317818 0.06771826805616729 0.10506020472226432
0 0.43920392077339054 0.3868521228491958 0.062410719962933216 0.042542024004105096
0 0.3496726509031246 0.23870499345889645 0.04409722958157989 0.054932939695149674
0 0.3375769333872623 0.3620470446885605 0.047222229581579886 0.05495112041330898
0 0.3166940037130151 0.412696484481906 0.033958337748947985 0.033003397540672094
0 0.4367213054344464 0.561802125874258 0.05783234736759475 0.04563975292686635
0 0.49577878067003905 0.0833367582896194 0.05363592068857255 0.059674981849627384
0 0.434546158707673 0.20873621320827543 0.03779266587924912 0.053334078258831144
0 0.5097148282151192 0.34820777936685826 0.032886911069925695 0.0470568071815924
0 0.34674858066218983 0.5128510205862595 0.038536710344286275 0.029905668617910663
0 0.3386781642347866 0.6619925025340828 0.050074411069925696 0.04715680113146803
0 0.3035789671373442 0.730524333916172 0.07331350362819711 0.08634656615858276
0 0.3862377 0.692992684375 0.3631391984375 0.7708805375 0.3908032515625 0.7432695984375 0.419231284375 0.6876710203124999 0.4831755390625 0.49731023125 0.527403225 0.3465676796875 0.5682706937499999 0.168502696875 0.6026592078124999 0.013476046875 0.5506373890625 0.0049809328125 0.48286955468750004 0.2817318953125 0.45082889843749996 0.421077721875 0.402152696875 0.5751098906250001 0.351507178125 0.734175215625 0.35915375312500003 0.7595202343749999 0.38243781875 0.6910334812500001 0.4236312984375 0.5866494390625 0.48106578125 0.43806354531249997 0.43533184843750006 0.57918933125 0.3862377 0.692992684375
0 0.3401058484375 0.65199225625 0.33118709687500003 0.7241635375000001 0.33306447499999997 0.75258250625 0.3786362484375 0.6127689281250001 0.442603909375 0.4331214421875 0.50455375 0.16077515 0.5417245234375 0.00352546875 0.5393508546875 0.0031378515625 0.448901296875 0.00261163125 0.4264714875 0.14936307499999998 0.40458001093749996 0.3265107625 0.36732685625 0.4971338453125 0.334567340625 0.6095885734375 0.3077157734375 0.7069438375 0.3124434859375 0.755908546875 0.328637675 0.6902800796874999 0.3401058484375 0.65199225625
0 0.855774940625 0.05480961250000001 0.8138225374999999 0.047958825 0.745446428125 0.31523965781249996 0.6896803515625 0.47213011250000003 0.594293878125 0.6225505953125 0.5018730859375 0.770778 0.529359278125 0.7886533250000001 0.6502549171875 0.6062539578125 0.7209196062500001 0.470538028125 0.8101597343750001 0.32580728125 0.833234828125 0.2372061203125 0.855774940625 0.05480961250000001
0 0.7106239671875 0.38987431250000004 0.8066111218750001 0.04678120625 0.7619508749999999 0.0394882296875 0.7141646796875001 0.19768179218749998 0.7045738874999999 0.26438858593750003 0.6714198328125 0.34732780625 0.6371540718750001 0.450165765625 0.5804367546875 0.54933740625 0.52999851875 0.6522117890625 0.4917941265625 0.7651160578125 0.581897878125 0.6138329125 0.6626649328124999 0.49449223125 0.7106239671875 0.38987431250000004
0 0.745068296875 0.036731320312499996 0.69510574375 0.028572481249999997 0.6539701124999999 0.21596447031250002 0.6099045828125 0.3653948171875 0.5634283875 0.46891619531249995 0.508078565625 0.5897301171875 0.43859580468750003 0.737687225 0.5187610390625 0.6450219749999999 0.6061298015625 0.4504542734375 0.663796665625 0.3326960953125 0.703460490625 0.207981978125 0.745068296875 0.036731320312499996
0 0.3841117859375 0.19733188125 0.3899244140625 0.0630738390625 0.394378396875 0.0022944265625 0.3649969234375 0.002123490625 0.3653881984375 0.08717949375 0.360016921875 0.27237965625 0.3204233171875 0.4292336921875 0.3012183265625 0.5519339734375001 0.313266603125 0.552562759375 0.33237965625 0.463314603125 0.3652779234375 0.338834365625 0.3841117859375 0.19733188125
0 0.3915761734375 0.3658865 0.43475899531250006 0.1145719078125 0.4527210640625 0.0026338546875 0.409035103125 0.002379696875 0.4061888265625 0.0295852953125 0.391084625 0.1409070609375 0.3705372359375 0.3289837203125 0.3354155546875 0.4932614453125 0.309050465625 0.58668009375 0.331525428125 0.60105971875 0.37146675625 0.45229457812499996 0.3915761734375 0.3658865