0 0.6751992284929399 0.41522330606741853 0.03848184740221221 0.05755952885594055
0 0.7636049837679456 0.2768180596956157 0.10349892126547396 0.11448414065150558
0 0.7483503563339612 0.4341940500769688 0.0591216298696164 0.0770188569862416
0 0.4907155397775953 0.7285070121505356 0.07598184740221221 0.05886905771188111
0 0.5960496964325729 0.6055457165043721 0.08716480925276535 0.07331350362819702
0 0.5092803534945874 0.6502009628761749 0.06071140340856651 0.07863592068857236
0 0.64271619075053 0.5743428457231323 0.06970457386326193 0.05708830290255769
0 0.6155378563339612 0.429556135378846 0.07027731818121907 0.08990080290255768
0 0.6240031469190402 0.5267857994439966 0.04653980925276535 0.07189484736759474
0 0.7012202118538484 0.4919594208582085 0.0653716298696164 0.07723711179556503
0 0.7886476684261003 0.14089048337941304 0.07033186525911965 0.09302580290255769
0 0.8328322706995767 0.2518751125981733 0.06890573295387128 0.10078373920022683
0 0.7667515288172513 0.3652630008026082 0.0544341298696164 0.07685516587924912
0 0.8482311741081432 0.17580368591915102 0.06512616801906326 0.06317461179556512
0 0.6946328413164276 0.24235872494189253 0.08590231818121907 0.09044643992586625
0 0.7439215495135326 0.10571438601181823 0.06679776217486459 0.06947917549789598
0 0.7366527459428103 0.20864841305366025 0.03812729139585791 0.037247028855940556
0 0.7236327743530245 0.37235624898850966 0.05243525324641087 0.051800602176918266
0 0.6776072082004003 0.36684036976974943 0.04155230032431163 0.05454365626060227
0 0.6262901700509534 0.3509772675928312 0.06200116801906326 0.0630654843909034
0 0.548114982553425 0.7094048372856119 0.057477309252765355 0.07227679328391083
0 0.5255014172115796 0.5718130680483181 0.053943206168510116 0.048730165879249124
0 0.5442707824706994 0.48178826877395753 0.0959046095770768 0.1267113221398514
0 0.5929731095803722 0.3787376798438832 0.05391593262955983 0.04716766587924912
0 0.5956947349857616 0.31238599354621405 0.04651253571381488 0.07033234736759483
0 0.6138368088490236 0.2582986942718535 0.038154564934808025 0.03880952885594056
0 0.6460902013005415 0.29147578202080143 0.060520488635914305 0.06769842068857254
0 0.6422305900986116 0.19909730906264345 0.04610343262955983 0.04689484736759479
0 0.6757482479714051 0.11505961496042601 0.049664809252765355 0.07200397477225651
0 0.7171778173704402 0.07038452122102826 0.05512387662320535 0.026909729581579955
0 0.6099094192401745 0.48329869427185346 0.025409103084255057 0.024310519237293705
0 0.599375293834785 0.5493775620578683 0.03683752678536116 0.052817465153609786
0 0.5617195608809137 0.6465600969042586 0.04623980032431163 0.05470734736759475
0 0.6696877938347852 0.5518329286627569 0.036646612012708954 0.04187996515360979
0 0.46846048458201983 0.6151612747644073 0.06062958279171564 0.07394842068857255
0 0.43741899026406267 0.6469097825689556 0.0496102621748646 0.06887897477225664
0 0.484286081984232 0.5594296299365504 0.042978432629559825 0.046785719962933216
0 0.850980073052483 0.10788949962148187 0.03780000892845372 0.018497028855940557
0 0.5479703011383857 0.31462805062512295 0.06405459172016936 0.09124504809323426
0 0.5168527146932221 0.26116574472734044 0.052844356330665934 0.07523810217691826
0 0.6108402682639446 0.16126000316486092 0.05232615909060954 0.04555060217691827
0 0.61635961120193 0.11376744427185348 0.06698867694751698 0.08041667549789593
0 0.5469744115262415 0.05818707766696497 0.13730117694751698 0.08287204210278445
0 0.453695969968228 0.11746781922944446 0.06704322402541756 0.08354167549789593
0 0.40857043060096493 0.06038944001068423 0.03977161201270896 0.041989092558271414
0 0.4667708940763712 0.264107206252753 0.06183752678536116 0.05369048439090331
0 0.6709965182639446 0.16336070570459887 0.03182274431795697 0.03390377404661713
0 0.5879016002448813 0.2214336113322289 0.07065914772652385 0.11177580290255769
0 0.5275641181017888 0.18493062694132556 0.07362050649282174 0.1025099303072194
0 0.4431521619332786 0.22888646886662478 0.04163412094116268 0.05923115626060227
0 0.4439703681017887 0.18201146886662475 0.03373980032431163 0.05427083774894794
0 0.39167939082996023 0.3115154303920374 0.04484094155801364 0.06402778366526399
0 0.4608969951320313 0.33191226514576044 0.1269909683433749 0.11842759618646852
0 0.40767080925606064 0.4254241629688423 0.11065685633066594 0.07725695916315978
0 0.367063400165451 0.46778278855940536 0.06685230925276527 0.07260417549789597
0 0.4718190840128269 0.46753230661557277 0.06421823295387145 0.10062004809323426
0 0.4524730202958347 0.5458110740387678 0.04125229139585791 0.03735615626060227
0 0.40223724107484154 0.5127877537130151 0.04610343262955983 0.04689484736759475
0 0.4052746919683459 0.6074826948200076 0.08598413879807013 0.09513393992586625
0 0.3769218210271834 0.6643403300292177 0.0666341209411625 0.0601041754978958
0 0.35056782670922626 0.6962525289407585 0.05410684740221221 0.05810516587924912
0 0.3348627804421045 0.5659375463639538 0.0737023271096728 0.1071974303072194
0 0.45589980357401777 0.39427585588993336 0.060193206168510115 0.048948420688572546
0 0.3905493133132504 0.2419023348385411 0.04316934740221221 0.05772321996293313
0 0.36272254789197483 0.35818953375008195 0.04782957386326192 0.056324411069925695
0 0.3345469549539895 0.404890918959292 0.034975017856907445 0.03557540145127884
0 0.4303116481368562 0.561453432206136 0.05863070616851011 0.0488938569862416
0 0.5523380215103555 0.1091865824762884 0.05418866801906326 0.06279266587924912
0 0.47608739285855517 0.22300105661557273 0.03996252678536116 0.05292659255827141
0 0.5298964111224997 0.36480909989948357 0.03363070616851012 0.048020837748947984
0 0.35079747200011807 0.5039559015360968 0.036455697240056484 0.030942465153609787
0 0.3225070564166868 0.6468056004476377 0.05087275324641087 0.051746038474587405
0 0.27921497808919804 0.7086136304847046 0.07493754464226869 0.08850199400955017
0 0.364098946875 0.681362759375 0.3313011421875 0.7534177234375 0.3617159828125 0.73006740625 0.3966461375 0.6799768671875001 0.48403139531250006 0.5047152921875 0.5470477421875 0.36520792343749997 0.6105110015624999 0.1991335703125 0.666417321875 0.0495879796875 0.6174868734375 0.035618765625 0.5128390671874999 0.2980483140625 0.46311803906250004 0.42800409375 0.39536613125 0.5701636875 0.3250349640625 0.716925840625 0.3289900296875 0.7420800921875 0.360697709375 0.6790570078125 0.41452861875 0.58364278125 0.4899943609375 0.44768960468749996 0.42682319843750005 0.5778096749999999 0.364098946875 0.681362759375
0 0.3251307625 0.63686946875 0.3067838359375 0.7050416578125 0.304758403125 0.7324927171875 0.3675959875 0.603612140625 0.45355753749999994 0.4386219390625 0.5500867515625 0.184552434375 0.6090454875 0.0332088234375 0.5613922796875 0.01960425 0.5203064359375 0.018169501562500003 0.47630174687500004 0.164822190625 0.4312683796875 0.3321539296875 0.372296478125 0.49150215625 0.32551224375 0.5956017874999999 0.28646579375000003 0.68589375 0.284416409375 0.7333588984375 0.308898653125 0.672277203125 0.3251307625 0.63686946875
0 0.9045478828125001 0.11757216875000001 0.86562950625 0.10646131406249999 0.76162233125 0.35973065625 0.6866449859375 0.5038316359375 0.5743194593750001 0.6372700375 0.46515097031249997 0.768940290625 0.48925362968749997 0.789168675 0.6305048609374999 0.6279506328125 0.7169962921875 0.505823025 0.8226243609375 0.3771462015625 0.8568458718749999 0.2948198625 0.9045478828125001 0.11757216875000001
0 0.717953653125 0.4273473515625 0.8589426296875 0.10455226875000001 0.8169462296875001 0.0925626640625 0.7473151546875 0.243528871875 0.7290576109375 0.3063876671875 0.685877328125 0.3821521671875 0.6389382765625 0.47686450156250004 0.5708352546875 0.5655347093749999 0.5082897703125 0.658461 0.456192196875 0.7623784515625001 0.5635379671875 0.6275183734375 0.65756446875 0.5222239765625 0.717953653125 0.4273473515625
0 0.800758371875 0.08794117343749999 0.7535512468750001 0.07446395156249999 0.6867775703125 0.254275225 0.6240948046875 0.39254310000000003 0.5652841359375 0.48653565 0.49557864687500003 0.5961040265625 0.40857487031249995 0.7300979187500001 0.4984196390625 0.65030425 0.6089703484375 0.473647834375 0.68049855625 0.3672692875 0.7355983562499999 0.2521963875 0.800758371875 0.08794117343749999
0 0.4289617859375 0.206030921875 0.45269390156249995 0.0779986375 0.46605469375 0.016274989062500002 0.43707994218749996 0.015263167187500001 0.4257696796875 0.09834131093750001 0.39558620312500004 0.2752514765625 0.336215290625 0.4211385015625 0.3011239046875 0.5365847125000001 0.3126619390625 0.538543990625 0.34314863125 0.45515139531250004 0.391690153125 0.33954089375 0.4289617859375 0.206030921875
0 0.41340794843750006 0.368431521875 0.488993440625 0.132407884375 0.5241549515624999 0.01830389375 0.48061725156249996 0.016783525 0.472905028125 0.0477310625 0.443305746875 0.1527326640625 0.39809361249999997 0.3306911984375 0.34203455625 0.48419736875 0.303988846875 0.5707708453125 0.3237291109375 0.5870843484375 0.38234348125 0.448989709375 0.41340794843750006 0.368431521875