0 0.3438095752198943 0.3858766020448615 0.03315972958157989 0.055051126670908876
0 0.27135667794496665 0.23431355470240742 0.09578870435383653 0.10419769867918127
0 0.2690823937315486 0.39281639803468027 0.054017866604888456 0.07091248400699968
0 0.4955754941791863 0.7289100813971789 0.07356647477225664 0.04927384134309047
0 0.40321932467174004 0.588829426718634 0.08499504809323426 0.06346361067790855
0 0.48495296350914713 0.6483504247294516 0.054181557711881115 0.07559998400699967
0 0.3596950139646341 0.5500572807129069 0.06731647477225647 0.04920111600890866
0 0.401659280754857 0.40997772071927036 0.06388393992586625 0.08508407200827221
0 0.38392119844820466 0.5058260227164068 0.03990080290255769 0.06918635200509068
0 0.30962803737827904 0.4581055907065436 0.0603224303072194 0.07254770934118149
0 0.2602505084375205 0.09517832936822568 0.062430567330527965 0.0881908906747269
0 0.20366818094019154 0.19682209802672604 0.06108632213985139 0.0944227093411815
0 0.2572247452754946 0.3216135600334075 0.04793155771188111 0.07552725867281787
0 0.1962797776748142 0.11942380402608972 0.061339293283910835 0.05694089067472689
0 0.34319447241000384 0.21172148671227062 0.0810168762235354 0.08372156667727229
0 0.3084871117955651 0.06762604137490717 0.06155754809323426 0.0631908906747269
0 0.30352184800056703 0.17143229404040722 0.035520837748947896 0.033212489337999786
0 0.3006845685964723 0.3361760467059073 0.050019847367594836 0.045876121339908774
0 0.34761413229880317 0.3382839867122706 0.03768353847458741 0.050418170671545234
0 0.39968506378714885 0.331080561386043 0.05821429328391083 0.056904528007636034
0 0.4406870975372309 0.700157825389861 0.053908739200226916 0.06778748400699967
0 0.4766469009879426 0.5670367900620427 0.05147321996293321 0.042769302673454135
0 0.4687401425504222 0.47479474606140626 0.08690477767481415 0.11815111067790855
0 0.4297371515360968 0.3642294160566338 0.051364092558271325 0.03964430267345422
0 0.43366819418703545 0.2978958913908155 0.041354175497895974 0.06607953333863614
0 0.4215203690519592 0.24074646272277014 0.03557540145127884 0.03477498933799979
0 0.38578376569391465 0.2684442013844522 0.055252984390903315 0.06155566534054504
0 0.39975200725639415 0.1764566960534521 0.04371528366526398 0.044240896005727004
0 0.3747941580747008 0.08792090738381586 0.044588302902557685 0.069240896005727
0 0.3377008966419554 0.03204307737904335 0.05884921034428627 0.030360209341181464
0 0.40200651033643703 0.4646470393857248 0.02420139183263199 0.022147720003181704
0 0.40591524953666386 0.5318527207192704 0.03299603847458741 0.05036362667090906
0 0.43376248574166576 0.6360407813892246 0.04080853847458741 0.05045453333863605
0 0.335357212876175 0.5240033107097253 0.03412202885594055 0.037881808004454245
0 0.5300372850160263 0.6199805240690424 0.055471239200226743 0.06780566534054522
0 0.5570735001696361 0.6562180160725422 0.044424611795565026 0.06455339600572696
0 0.5201513643274538 0.560514617401315 0.04053571996293322 0.04264203333863605
0 0.19921131551642937 0.04683118869349876 0.03999008293962456 0.027017033338636122
0 0.4808705764010206 0.3078163313971789 0.056126003628197016 0.08655566534054512
0 0.5182416016287641 0.259833364735815 0.04933036660488845 0.07085794000636332
0 0.4353522013586115 0.14485270739177003 0.049801592558271324 0.03962612133990877
0 0.43525050843752044 0.09721463872531548 0.06048612141421188 0.07723520934118144
0 0.5084226244094369 0.04574359273549684 0.13559524881887378 0.08123291335136282
0 0.5971974369306413 0.1279935660804963 0.06054068511654283 0.07879770934118144
0 0.6477951484560539 0.0786026407542687 0.037247028855940556 0.03791817067154524
0 0.5678968612474109 0.2729060767424965 0.06101191106992569 0.04756589067472685
0 0.3741691646981228 0.13711238538349768 0.02921627404661713 0.031577264003817974
0 0.45165181315417674 0.20907883939367905 0.06157739546082901 0.10848520934118148
0 0.5162946665122213 0.1817174554025877 0.06588294954451293 0.09760225334181775
0 0.5956572734984629 0.24042993141308724 0.036393856986241604 0.05821248933799979
0 0.5994891124285372 0.1936185660804963 0.029925602176918177 0.05188976400381802
0 0.6386384363824872 0.33073730541849605 0.03957342068857237 0.05981135200509069
0 0.5663095685964723 0.33926687340863293 0.12078870435383635 0.10448860001590835
0 0.6097272410991433 0.44207424741404183 0.10687004809323426 0.0637181493475449
0 0.6465476840202344 0.4901395774188142 0.06166667549789597 0.06631589067472703
0 0.5412872651457604 0.47251517807126947 0.058070449544513104 0.09751134667409059
0 0.5526910458157996 0.5530839254057694 0.0386458377489479 0.03324885200509069
0 0.6065055265785059 0.52872027207986 0.04366071996293321 0.042678396005727134
0 0.5934003805695227 0.6230606180776328 0.0795635036281972 0.08682838534372675
0 0.616622114960426 0.6842435660804963 0.06273810217691818 0.05227157200827239
0 0.6381622982628702 0.719636173416587 0.050238102176918174 0.05212612133990877
0 0.6681449202252363 0.5942549127545869 0.06448414065150558 0.10227157200827239
0 0.564613148540872 0.4025026700747693 0.05923115626060209 0.04129770934118149
0 0.6463938834799295 0.26210548408654144 0.03935516587924912 0.05356135200509069
0 0.6096751003628198 0.015684470082723466 0.03810020072563951 0.017623852005090673
0 0.6623413204105708 0.38333559408813234 0.042425602176918174 0.0520352146721816
0 0.6851811088851582 0.4335810420909958 0.03234127404661713 0.031613626670908876
0 0.5729043420949352 0.5728424420750875 0.05616071996293322 0.04282384667409058
0 0.49872273139567846 0.103419732733906 0.051964293283910834 0.056831802673454224
0 0.563244077582147 0.22911971407540563 0.036121038474587405 0.05039998933799979
0 0.49441721042910425 0.36029644139876976 0.029761911069925696 0.047202264003817974
0 0.6588492765785059 0.5293293467536324 0.035302582939624474 0.026962489337999784
0 0.6717362008952754 0.6747327534213596 0.04689484736759475 0.045839758672817865
0 0.7093205356489986 0.7446730834261321 0.0685168762235353 0.08357611600890866
0 0.5865859421875 0.5976732765625 0.6302984734375 0.701536375 0.65532930625 0.7694904515625 0.6619209984375 0.74517190625 0.6071322609375 0.5875188390625 0.5544347265625 0.43487294375 0.518454915625 0.2973928703125 0.438754171875 0.008885173437500001 0.3886610875 0.014476920312499999 0.43134387500000004 0.182652403125 0.47724695781250004 0.35832932500000003 0.525495709375 0.5075413703125 0.5943146015624999 0.6963820875 0.62392145 0.7520339921875 0.6518307 0.7803622046875 0.626660725 0.703252596875 0.5749252796875 0.5898038609375 0.5255355015625 0.4498902484375 0.5865859421875 0.5976732765625
0 0.6827217796875 0.703545421875 0.7007434953125 0.7683514515625001 0.7036855281250001 0.7208575749999999 0.6741939984374999 0.6245780921875 0.63842885625 0.5132770921875001 0.5963026640625 0.345039478125 0.568930221875 0.1712244890625 0.5382021484374999 0.0062625484374999995 0.4694186921875 0.00546218125 0.44751602031250004 0.0079071140625 0.49319750000000007 0.178368165625 0.5628631578125 0.447033621875 0.6313401484375001 0.6254312890625 0.6805271671875001 0.764057384375 0.68138990625 0.7364478890624999 0.670238171875 0.665634375 0.6827217796875 0.703545421875
0 0.1834846234375 0.03738018125 0.14475663125 0.0417032765625 0.175373215625 0.236118559375 0.20088509375000002 0.32367121718749997 0.292811140625 0.46931784062500004 0.36632136718749997 0.60522880625 0.490390278125 0.7892122734375 0.5165776125 0.7731875390625 0.421431746875 0.623969878125 0.323320025 0.47246298124999997 0.26361336875 0.316669040625 0.1834846234375 0.03738018125
0 0.2901073703125 0.2036588375 0.2331063140625 0.031841054687499995 0.19013251250000002 0.036638096875 0.300102109375 0.39120501406249997 0.350418240625 0.495641121875 0.43321964218750003 0.6161032703125 0.5262106859375 0.7681817703125 0.48512211250000004 0.656164859375 0.4324483984375 0.5533020750000001 0.3737793609375 0.453728834375 0.33687319531250004 0.351726265625 0.3017282390625 0.269179375 0.2901073703125 0.2036588375
0 0.29908373906249996 0.0244761828125 0.25031471875 0.0299201296875 0.3008933828125 0.2142461921875 0.34380678750000004 0.33785076875 0.40403428124999996 0.4555921703125 0.49583259843749994 0.6497286718749999 0.57713915625 0.7441546484375 0.5043644390625001 0.5963702140625 0.44629176406250004 0.47576797343750005 0.3974585609375 0.3724764828125 0.3494125671875 0.22455195625000002 0.29908373906249996 0.0244761828125
0 0.637903728125 0.29454035625 0.626362446875 0.1137175734375 0.6231335359375 0.0072508156249999995 0.5927757484375 0.006897570312499999 0.6016218109375 0.0889661125 0.6118591 0.2201486875 0.6350372234375 0.3590577765625 0.6713470265625 0.48208934374999995 0.6930183984375 0.57007070625 0.7047426765625 0.5700721093750001 0.681842840625 0.44947408125 0.637903728125 0.29454035625
0 0.6031404703125001 0.16478539375 0.5846258015625 0.055489228125 0.57785805 0.0067239875000000005 0.5343485968749999 0.006217709375 0.5596664328125 0.1368844796875 0.6103204078125 0.38408942343749997 0.6328664328125 0.469352846875 0.6768691578125 0.616418559375 0.698290128125 0.6035461843750001 0.6694068765625001 0.51112925625 0.629574646875 0.3491863328125 0.6031404703125001 0.16478539375