0 0.660361170751087 0.621875 0.036592028007635946 0.05625
0 0.7386508974379042 0.7703125 0.09969201201463562 0.1078125
0 0.7352248107494962 0.61015625 0.05552384134309048 0.071875
0 0.49707718403881634 0.2859375 0.07561816534054522 0.053125
0 0.5939623693904974 0.42109375 0.08670111600890866 0.065625
0 0.5097231820496341 0.365625 0.05557838534372674 0.0765625
0 0.6389117900620426 0.45703125 0.06934998400699968 0.0515625
0 0.5999685634149963 0.6015625 0.06662497334499946 0.0859375
0 0.6160197300684059 0.50390625 0.04300566000954511 0.0703125
0 0.6923100574076784 0.54765625 0.06179202267663584 0.0734375
0 0.7527872174569943 0.9109375 0.06511701734563573 0.090625
0 0.806238386775904 0.8046875 0.06520792401336309 0.0984375
0 0.7493424020925866 0.68203125 0.04931020401018138 0.075
0 0.8165133627864035 0.88203125 0.061610209341181485 0.0578125
0 0.6663219114417223 0.7984375 0.08224997334499946 0.0859375
0 0.7054945941279032 0.9421875 0.0632454346753633 0.0640625
0 0.7066111041135856 0.83671875 0.03791817067154533 0.0359375
0 0.7054469514242231 0.66953125 0.05056362133990877 0.0484375
0 0.6585901327577686 0.67109375 0.03968066534054522 0.053125
0 0.6055833114258139 0.68125 0.05848520934118149 0.0578125
0 0.5536180853755435 0.3109375 0.05550566000954493 0.0703125
0 0.52083395206077 0.44765625 0.053652258672817865 0.0453125
0 0.5320719914067239 0.540625 0.08889996268299924 0.1203125
0 0.573969684754905 0.65 0.052053396005727136 0.0421875
0 0.5724077320973592 0.7171875 0.04296929734245403 0.0671875
0 0.5855713507717679 0.77421875 0.03793635200509069 0.0375
0 0.6211634054344044 0.74453125 0.0585579346753633 0.0640625
0 0.6097361041135857 0.83671875 0.044277258672817864 0.0453125
0 0.637334940125676 0.92578125 0.04613066000954511 0.0703125
0 0.6753894707988122 0.9734375 0.056486357336090795 0.0203125
0 0.599323126074133 0.54609375 0.025254538669636162 0.021875
0 0.593063488064906 0.478125 0.03341248400699968 0.0515625
0 0.5621851107176795 0.37578125 0.04278748400699968 0.0515625
0 0.6642026913987698 0.48203125 0.03482953333863605 0.0390625
0 0.4663549900540884 0.3984375 0.05706816000954511 0.0703125
0 0.4370305693825432 0.3625 0.0460942973424542 0.0671875
0 0.47796519939526994 0.45625 0.04111589600572714 0.0421875
0 0.8134070914624031 0.95078125 0.039226132001909164 0.0140625
0 0.5238975067631774 0.7109375 0.058848836012090365 0.0890625
0 0.4885418094366316 0.7609375 0.05083634134309047 0.071875
0 0.5749889341183583 0.871875 0.052053396005727136 0.0421875
0 0.577115055458267 0.9203125 0.061846566677272105 0.078125
0 0.5018701547978577 0.96640625 0.13515679734245403 0.0671875
0 0.4128071074554035 0.89921875 0.06342724801081764 0.0796875
0 0.36343436346272134 0.953125 0.03951703333863606 0.0390625
0 0.43766056210213167 0.75234375 0.061537484006999675 0.0515625
0 0.6359809781189945 0.8765625 0.03163180800445424 0.0328125
0 0.5570650901097677 0.80859375 0.06533519334818116 0.109375
0 0.4925758761139038 0.8390625 0.06989542401336309 0.0984375
0 0.41070771077335877 0.7859375 0.03819089067472703 0.059375
0 0.40813724144649477 0.83359375 0.03030566534054522 0.053125
0 0.3643588747612684 0.696875 0.04135225334181776 0.0625
0 0.4360793334261321 0.68359375 0.12156701201463563 0.1078125
0 0.39037538741245087 0.5828125 0.10859429734245421 0.0671875
0 0.35233903807286027 0.53671875 0.06328179734245412 0.0671875
0 0.45871630740767844 0.54765625 0.06053860534690845 0.1
0 0.4444896280633153 0.46640625 0.039462489337999784 0.034375
0 0.39090155140036054 0.49375 0.0442590773392725 0.04375
0 0.40151124005408845 0.3984375 0.08228633601209037 0.0890625
0 0.3773737587125888 0.33828125 0.06627952800763595 0.05625
0 0.35275501937458903 0.30390625 0.05218066534054513 0.053125
0 0.32769247939208823 0.4328125 0.0668431493475448 0.1046875
0 0.4361242394175416 0.6203125 0.0598840773392725 0.04375
0 0.3581457847708134 0.7671875 0.04126134667409058 0.0546875
0 0.3387679814210414 0.64609375 0.045948846674090583 0.0546875
0 0.3147577694143599 0.596875 0.03319430800445433 0.0328125
0 0.42395895206076994 0.44765625 0.05677725867281787 0.0453125
0 0.5122531241247216 0.91875 0.052253390674726855 0.059375
0 0.4436292987746314 0.7953125 0.03655566534054504 0.053125
0 0.5084355914226323 0.6578125 0.031795440006363404 0.046875
0 0.3386032547342242 0.49765625 0.03626476400381797 0.028125
0 0.3204879593809523 0.35078125 0.048982940006363405 0.046875
0 0.2814158213717255 0.2828125 0.07133065467854491 0.0875
0 0.40915439375 0.4238517 0.36203077031249997 0.321636475 0.33479718125 0.25452981406249997 0.3288673875 0.279550396875 0.38873981562500004 0.43544969218749996 0.44635672812499994 0.5864202125 0.486673825 0.723133703125 0.5715971343749999 0.9971346703125 0.62221174375 0.9881916000000001 0.5778687578125 0.8335438906249999 0.52642393125 0.658841803125 0.47339299218750003 0.5110564625 0.39845878749999997 0.3245228015625 0.3669739328125 0.2701537203125 0.33800436718750004 0.2433085375 0.36564759375 0.31966559375000003 0.421141371875 0.4310565015625 0.4750490375 0.56936415625 0.40915439375 0.4238517
0 0.555380384375 1 0.562895315625 0.998672190625 0.51563839375 0.8418756921874999 0.4375020015625 0.5746665 0.3632197234375 0.3986722484375 0.30955434375 0.2616536078125 0.3094968921875 0.289632084375 0.322822690625 0.36052793125 0.309122221875 0.3229939109375 0.289047346875 0.2586178546875 0.2874787234375 0.3068407140625 0.32004263125 0.4023057125 0.3593730953125 0.5125570328125 0.4067914609375 0.6799796046875 0.4395002375 0.85399668125 0.4712356515625 1 0.555380384375 1
0 0.8279715281250001 0.95183600625 0.8685095890625 0.94467335625 0.8343470875 0.7629221875 0.8060519328125 0.6760257203125 0.7090935609375 0.534670071875 0.6309871390625 0.40196990781249997 0.5004967078125 0.223920621875 0.4745679703125 0.24182020781250002 0.5748774 0.38657923437499997 0.6782441453125 0.5334617140625 0.743019771875 0.6871628421875 0.8279715281250001 0.95183600625
0 0.719635296875 0.80316793125 0.7775577484375 0.9607435921875 0.8210047859375 0.95306695625 0.7040414937499999 0.61414039375 0.650243728125 0.5117725937500001 0.5632251296875 0.39529719218750003 0.46500386718750003 0.24750555937500002 0.5097221046875 0.358136740625 0.5658503234375 0.45876094843750004 0.6279258203125 0.555670684375 0.6681330203125 0.6564443203125 0.7059922765625 0.7376554359374999 0.719635296875 0.80316793125
0 0.7122510703125 0.972282596875 0.7609724546875001 0.9636740390625 0.7084501171875 0.7931578109374999 0.6615512953125 0.670925490625 0.597370146875 0.5557422515625 0.4991139171875 0.365338396875 0.41436832187499995 0.27509787812500003 0.4920825875 0.4198537578125 0.5541755687500001 0.5380696046875 0.606444678125 0.6393756765624999 0.6592333265625 0.7858720015625 0.7122510703125 0.972282596875
0 0.41730810781249994 1 0.40896304531250005 0.93930178125 0.39478299843750003 0.807292921875 0.3673296046875 0.6683065499999999 0.3271049265625 0.5462268046875 0.30266888125 0.458648471875 0.290849259375 0.45940505 0.317483371875 0.57989063125 0.366337975 0.7337411859375 0.38329308281249996 0.9158690703125 0.388293640625 1 0.41730810781249994 1
0 0.4750233625 1 0.44984965 0.8881273234375 0.3915108765625 0.641392946875 0.3662730375 0.556619934375 0.31758578593750003 0.4107307609375 0.2963694140625 0.42513407187499996 0.328206459375 0.516732025 0.37312701718749997 0.6779368078125 0.40520135 0.862720584375 0.42708213749999996 0.9720596031250001 0.4318021328125 1 0.4750233625 1