0 0.37799360226173623 0.3701941286550956 0.03801092068857255 0.06000229139585791
0 0.3467733401960187 0.19250550527830104 0.10549108656782166 0.11427278003177213
0 0.29700649708959315 0.3567549659110381 0.06054068511654283 0.0791341209411625
0 0.4355755008026082 0.765524219564486 0.08008929328391083 0.05761367694751698
0 0.38040930724854494 0.5960708360414217 0.09308036660488846 0.07189436525911966
0 0.4482267790255765 0.6800952341749827 0.060649812521204535 0.08225912094116268
0 0.3457689232204612 0.5442998303593789 0.07373016587924912 0.05437958279171564
0 0.4325372585223385 0.4098918283307841 0.07196925843752044 0.09338753571381489
0 0.3850298306621899 0.5045282183466702 0.04486112141421197 0.07729888555165906
0 0.3208284322061359 0.4345117731352085 0.0684077488188736 0.0808329886359143
0 0.37680060217691824 0.046622922484937775 0.06895338584218216 0.09324584496987555
0 0.286941983209777 0.13570212621946362 0.0708432680561673 0.10586026217486459
0 0.3060243438242158 0.27920666436891056 0.05434524881887359 0.08058752678536125
0 0.30204613883740705 0.053357230521534724 0.06775298439090331 0.062082988635914285
0 0.42950399464252237 0.18871625771393305 0.0891021947351895 0.0921250446422687
0 0.43643849700477516 0.03164478186014373 0.06797123920022692 0.06328956372028746
0 0.40027779691210785 0.13528729464556397 0.04031746515360979 0.03661933847375849
0 0.34760420861500574 0.3058413023562017 0.05492560217691826 0.05248980032431163
0 0.3958060956383143 0.32063445941821633 0.0410813569862416 0.05849433847375849
0 0.4531101641499686 0.32745147524652896 0.06468254809323426 0.06359094155801363
0 0.3863641852861788 0.7218248125024715 0.06043155771188111 0.07600912094116268
0 0.4647297435462141 0.5930355649381035 0.05794147477225664 0.04941934740221221
0 0.4831945121505356 0.4949974853927987 0.09671628729346118 0.13129663879807013
0 0.4757044159640671 0.3700520324706994 0.05626984736759475 0.04626707386326192
0 0.49992067676384033 0.30240088230854356 0.04625993030721922 0.07263865909060954
0 0.5032068786706061 0.23980542492221738 0.04042659255827132 0.03974433847375849
0 0.457740611247411 0.25857874432125244 0.06484623920022692 0.06827844155801363
0 0.4999156983633867 0.16794406169169257 0.04856647477225664 0.0492557061685102
0 0.5003571532653773 0.06865712784431673 0.05105655771188111 0.07584547970746054
0 0.47780754146981225 0.009394770699576553 0.06499008293962447 0.018789541399153106
0 0.41575155180624934 0.4664691107981881 0.02576389183263199 0.02231137662320535
0 0.40026545026230326 0.5378765064961171 0.036339293283910834 0.056850017856907444
0 0.3980258823836212 0.6528293506519184 0.047222229581579886 0.05547843262956
0 0.32816227176918245 0.5102112025183575 0.038973219962933126 0.0428420649348082
0 0.5046578282999372 0.6619122500032952 0.061939494009550344 0.07447389448011296
0 0.5226737075186974 0.7077196278443167 0.04933036660488845 0.07113070616851011
0 0.5110690302067029 0.5992622455390684 0.04533234736759475 0.04607615909060954
0 0.5468056004476377 0.3242525629095086 0.06264882213985139 0.09478639448011297
0 0.5994023215916972 0.28581162581572184 0.055853185116542824 0.07905230032431163
0 0.5467807746795893 0.1444559687537072 0.05626984736759475 0.04626707386326192
0 0.5606597362050019 0.0941832333642038 0.06695437622353531 0.08393071509696393
0 0.656924611795565 0.05469274675523676 0.1507490228654909 0.10938549351047352
0 0.7219816713215448 0.1695399691607443 0.0686260036281972 0.08708298863591431
0 0.7902579561679349 0.13238879667745415 0.04053571996293322 0.04286933847375849
0 0.6487674045313218 0.3115286461082613 0.06753472958157988 0.05583298863591431
0 0.4849156917399647 0.11895713677277046 0.03406746515360979 0.03651024431795715
0 0.5453026094333124 0.21405540260108308 0.07127977767481415 0.11836026217486459
0 0.6207837590704927 0.20413888596199156 0.07402283175849825 0.10747730925276526
0 0.686956885294028 0.28584680763450276 0.042862111795565025 0.06477161201270887
0 0.7056324742241025 0.23861725162814834 0.0348313569862416 0.05838524431795715
0 0.7055109670525261 0.39183770901447457 0.046096239200226916 0.06795115909060953
0 0.6277307074338794 0.38068774919251636 0.13372521397248321 0.11788870373287832
0 0.642006516959859 0.49847922118933924 0.11646330290255769 0.07074096834337489
0 0.665982219499597 0.5582536416440345 0.06975199400955034 0.07461026217486477
0 0.5604117765785059 0.512411081984232 0.06621033175849825 0.10734094155801355
0 0.5485963120578683 0.5993889306042602 0.04344246515360979 0.03667388555165907
0 0.6131126798438832 0.5888820787378212 0.048511911069925515 0.04769320616851012
0 0.5702654701325691 0.6826553981368562 0.08770338584218215 0.0967852711033185
0 0.5758185548862922 0.7521321010589554 0.07238592068857255 0.06060230925276535
0 0.5890650885515563 0.7956775495168279 0.05665179328391083 0.05720457386326192
0 0.6582466197697494 0.6725206931861619 0.07262402286549072 0.11213753571381488
0 0.6065303192294444 0.44515935227677145 0.06569941106992569 0.04799321509696384
0 0.7351414141499686 0.3225286014659926 0.044206356986241604 0.05854888555165916
0 0.7716592343909033 0.04750528206695755 0.043551592558271325 0.03979888555165918
0 0.7146429195922641 0.45187122808919805 0.0488938569862416 0.05863070616851011
0 0.7245015584296712 0.5103286103944463 0.03562996515360961 0.03653751785690744
0 0.5643676449974929 0.625692331984232 0.06101191106992552 0.047911394480112966
0 0.6263765054422956 0.11805138149776469 0.05687004809323426 0.06345457386326192
0 0.6565327753125615 0.2652712548745592 0.0395188569862416 0.0584670649348082
0 0.5450000529873756 0.3844769967568844 0.03299603847458741 0.05054547077900686
0 0.6675372850160264 0.6027848916440345 0.038536710344286185 0.03034206493480802
0 0.6377555596956157 0.7573047962704171 0.05330853847458741 0.050900026785361166
0 0.656272435919151 0.8398445608809137 0.07821925843752062 0.0934966298696164
0 0.5365165140625 0 0.531370921875 0.181912871875 0.527264034375 0.37661305624999997 0.533556903125 0.544469971875 0.549712790625 0.75899056875 0.56432368125 0.8247152296875001 0.585320975 0.8616190953125 0.581819640625 0.7748108140625 0.561138378125 0.6431434359375 0.550856871875 0.484632790625 0.5710984953125 0.65444468125 0.5861755343749999 0.77400626875 0.59227063125 0.851272784375 0.6065124765625 0.8277980843750001 0.5958389890625 0.6494219140624999 0.5858753 0.47680539218750007 0.589028740625 0.3244228359375 0.591238978125 0 0.5365165140625 0
0 0.6008332453125 0 0.59798239375 0.1940788328125 0.5911369843750001 0.491693259375 0.6100578984375 0.695281053125 0.6205106734375 0.8524006609375 0.6296868250000001 0.823970859375 0.639106628125 0.747463778125 0.6409429296875 0.7901724 0.6405774546874999 0.8622883140625 0.6579021453125 0.813774934375 0.6555749734375 0.7059055875 0.6511184046875 0.58075729375 0.656987428125 0.3947943328125 0.6801087609375001 0.2070042296875 0.6984148140625 0.0128790765625 0.6065226109374999 0 0.6008332453125 0
0 0.2657794484375 0 0.245012934375 0.1686643953125 0.245749240625 0.2664054828125 0.29924080468750003 0.44229253437500005 0.33619620625 0.6031265953125 0.412160459375 0.8274446281250001 0.4446162 0.81784301875 0.3887928984375 0.6373840390625001 0.3305223828125 0.4537519890625 0.31409812656249997 0.275984865625 0.31318946875 0 0.2657794484375 0
0 0.3211834609375 0 0.33032460625 0.3631615875 0.3522047546875 0.4850917 0.40359799374999994 0.6323838265624999 0.45628900781250004 0.8152338859375 0.44642420781250003 0.6879125640625 0.421583040625 0.56698249375 0.3894249578125 0.4478570109375 0.38097975625 0.3320549875 0.368570640625 0.2369230328125 0.37591049062500004 0.165784609375 0.3684035203125 0 0.3211834609375 0
0 0.3856742546875 0 0.384133196875 0.1796724296875 0.39245657343749996 0.3195130921875 0.42082201093749994 0.45791760625 0.4596631609375 0.6841078921875 0.5172715359375 0.8039702562500001 0.48464730625 0.6310078484375 0.4594141546875 0.490212253125 0.4387576125 0.3698686765625 0.432293475 0.20340280000000002 0.43848730468749997 0 0.3856742546875 0
0 0.792887425 0.026119809375000004 0.7582333359375 0.02126289375 0.7392613390625 0.1303921984375 0.710804153125 0.269323034375 0.6937019624999999 0.4197506140625 0.6952222328125 0.5572227515625 0.6917739125 0.6543773453124999 0.704156521875 0.6575278609375 0.7160711937500001 0.5261838140624999 0.716042903125 0.3535447390625 0.757982690625 0.162731953125 0.792887425 0.026119809375000004
0 0.7415809359375001 0.018928990625 0.6942068421875 0.0122893125 0.6806041984375 0.16886753593749998 0.66010313125 0.43909731093750004 0.6583922265625 0.5336653250000001 0.660843009375 0.6981536734375 0.687320915625 0.6905443265625 0.6844799359375 0.5868480953125 0.6908874890625001 0.40803582031249996 0.7181687250000001 0.209508409375 0.731331728125 0.0910747 0.7415809359375001 0.018928990625