0 0.5641915562500001 1 0.5880629125 0.8896077468750001 0.5554145859374999 0.6913965734375 0.5987767015625 0.6005350375 0.5824445109374999 0.44938819218750004 0.560032765625 0.4223338296875 0.495146746875 0.4668456671875 0.48474726874999996 0.5723574453125 0.4186269859375 0.6115605109375 0.3860268234375 0.7255968953124999 0.43756305937500006 0.7623500421875 0.44147691250000004 0.8138553281249999 0.37514556875 0.8174794249999999 0.3789827375 1 0.5641915562500001 1
0 0.7053388625 1 0.70352161875 0.8545905625 0.7525136234375001 0.8341723343749999 0.78615304375 0.7939482734375 0.749005840625 0.7497424640625 0.7492605 0.6237102265625001 0.7870087796874999 0.5664879015625 0.82543384375 0.45439127343749997 0.7722412171874999 0.3411714171875 0.7036363546875 0.26567441718749996 0.6829567 0.36164059375 0.635816090625 0.390021978125 0.5859358078125 1 0.7053388625 1
0 0.5961467826232447 0.189041986281123 0.10011669961943923 0.16171031570031094
0 0.40334381178644846 0.3157655680487982 0.04103617688202625 0.05071263154179624
0 0.2720022643716371 0.47802410239083953 0.06329317885919253 0.0613617052052021
0 0.9170587322798649 0.7579864912604461 0.07075285178688588 0.09141322625188941
0 0.7854240717094612 0.779157294018339 0.10669035178688588 0.09350634727034209
0 0.7986722633458729 0.10964843082180709 0.08382585475263546 0.10620376834526431
0 0.7165256082126765 0.15942164669152725 0.03727450692008212 0.034905621018452536
0 0.626512056349241 0.30304357309870855 0.10490235870696818 0.12613683674699833
0 0.2617956403416297 0.28491884449833177 0.06504667984777565 0.06614021046687402
0 0.46170150395433274 0.04559655219319548 0.08902800790866543 0.042596294653623544
0 0.5467131739162767 0.06613583632347533 0.10592634783255335 0.07475634727034204
0 0.9029127302655177 0.35343549915295397 0.037656508897248385 0.044280621018452496