0 0.29070109843749997 0.3126714515625 0.241701875 0.29528515624999996 0.25828767343750003 0.23020970625 0.0489294296875 0.1428087984375 0.0175957 0.3262533125 0.1272774375 0.404719271875 0.3211338890625 0.4547690140625 0.39245554375 0.5336282859375 0.5377058671875 0.580003709375 0.5695663843750001 0.5696222234375 0.5477536921875 0.48915158906249995 0.452915165625 0.43587911718749994 0.4364028390625 0.3564040359375 0.340326703125 0.2783504484375 0.29070109843749997 0.3126714515625
0 0 0.476323953125 0.12506351875 0.529774365625 0.1292860859375 0.58512005625 0.1565157875 0.633876609375 0.208733253125 0.616408203125 0.325676078125 0.6683772140625 0.367452625 0.728048953125 0.45997574375 0.8108904453125 0.5810979671875 0.80636425625 0.67183056875 0.771581396875 0.588947025 0.7123715140625 0.5767739093750001 0.655532490625 0.0133910703125 0.35086948125 0 0.4292680171875 0 0.476323953125
0 0.7757121419080497 0.7001439994712746 0.15728633601209036 0.09360891066226813
0 0.7159484326066391 0.4631691852063673 0.048873852005090514 0.038909387305303154
0 0.6040858739656378 0.27078780542291164 0.05694089067472703 0.061011707838416564
0 0.15042069322886845 0.7741685888755134 0.08668293467536325 0.06656302586424748
0 0.17074337858054942 0.6395579081549856 0.08710110534690849 0.10250052586424747
0 0.7879195985439601 0.9271384084841902 0.10092724801081765 0.08259720282385175
0 0.9193974125557324 0.8442159113871839 0.036392033338636054 0.040108174452321774
0 0.7656366132240959 0.8272376968848498 0.031649989337999784 0.035284282132453625
0 0.6594786145767314 0.6819131735278848 0.11987724267981754 0.10033027210332364
0 0.7861529392902747 0.34016960589776535 0.06164657200827221 0.06271060015828453
0 0.95936098325114 0.6335882999461283 0.05886701734563573 0.0923071719450391
0 0.921733166573868 0.7106448934404952 0.10744996801399935 0.10621655925034226
0 0.5300252825430057 0.9266680808914476 0.042605670671545325 0.03716503087881264