0 0.43712316093750003 0 0.4072547046875 0.14658040625 0.44065844531250004 0.33921787812500004 0.39833806250000003 0.43492527656249996 0.415348403125 0.582908490625 0.43764917812500004 0.6069238328125001 0.501504509375 0.554500446875 0.5111706609375 0.44843099375 0.5762761984375 0.4011214390625 0.607829109375 0.2837720375 0.55669508125 0.253823346875 0.55253045 0.20318655468750002 0.6180500015625 0.1911722921875 0.6129241515625 0 0.43712316093750003 0
0 0.3849806359375 0 0.290252771875 0.025245439062500003 0.29337482656249997 0.195994521875 0.2450848625 0.22248158125 0.21207881875 0.266683484375 0.249038409375 0.30585675156250003 0.24951462656249998 0.43101129218749995 0.212546878125 0.492610065625 0.175227315625 0.6087727984375 0.2284395796875 0.7144259046875 0.296662471875 0.7806729765625 0.31654135625 0.6827758187499999 0.3629560125 0.6486180078125 0.4114647921875 0 0.3849806359375 0
0 0.4037224614496765 0.8432811970126244 0.0986931333545444 0.15963294954451293
0 0.5926838694302683 0.6936556753282599 0.04118862133990877 0.04985615626060227
0 0.7219066507399512 0.514853574332468 0.0631727093411815 0.05999504809323426
0 0.08264251404358891 0.3183382830322918 0.06974997334499947 0.08833830290255769
0 0.21351979670590726 0.28172368203649995 0.10574201734563574 0.0942807680561673
0 0.20325084146240316 0.9440699146133047 0.082395424013363 0.10127481252120454
0 0.2846548354550853 0.8872990702409348 0.036319308004454334 0.03406746515360979
0 0.3727440867679499 0.7333804073569106 0.10298064401654469 0.12542164065150557
0 0.7327185234324954 0.7051784739696483 0.0648079346753633 0.06629961179556502
0 0.5364451494668575 0.9652603460168324 0.08788180800445425 0.03586806733052796
0 0.45033492679817577 0.9534175996450294 0.10385225334181776 0.06610120435383635
0 0.0990247760979955 0.7187103052648103 0.036428396005727004 0.04344246515360979