0 0.452569246875 0.41355426562500003 0.43652402187500006 0.4427778703125 0.4552434515625 0.592720665625 0.5194243484375 0.6763508171875 0.5327953703125 0.8743572890625 0.59015326875 0.9966681390625001 0.77474135 0.9955942375 0.7280122671875 0.7777029234375 0.6611571656249999 0.782272475 0.653134553125 0.7313795828125 0.6959218171875 0.6890987796875 0.637089328125 0.5814678984375 0.5622116140625 0.5511865234375 0.5274469609375 0.4491829625 0.452569246875 0.41355426562500003
0 0.340252675 0.7571498828125 0.313510634375 0.8049646734374999 0.3562978984375 0.840220040625 0.40978198125 0.8542105640625 0.44151320937499994 0.9962837499999999 0.5130916156249999 0.9971164703125 0.5651901984375 0.9968133703125 0.3696689203125 0.3912005390625 0.3161848390625 0.369189034375 0.2733975734375 0.27778678437500004 0.22258769531249997 0.360079171875 0.19584565468749998 0.477409146875 0.260026553125 0.5824285890625001 0.3108364296875 0.6338192546875 0.340252675 0.7571498828125
0 0.3627160085214166 0.18931546741168792 0.07290348620028234 0.14884656615858277
0 0.5840200385531887 0.2896007719610016 0.032013659090609534 0.0439318071815924
0 0.7513729541366201 0.43239173907810197 0.055560253246410875 0.05031816256778665
0 0.1746697268614962 0.7857824430147994 0.056051176947516976 0.07844316256778665
0 0.3107026842478223 0.7904603317748726 0.09346935633066593 0.07397383118569749
0 0.14225745819710509 0.13746766286237422 0.06723413879807003 0.09256929508134393
0 0.24809262662320544 0.02355917808588059 0.03492047077900677 0.03144998789975159
0 0.23590804667086357 0.17598928649713697 0.03171365016215581 0.026744307181592354
0 0.35849788717321696 0.30575807884800643 0.08469437418757356 0.10829428903121974
0 0.7175904691541537 0.24272525108015452 0.05564207386326192 0.05500566256778665
0 0.4613602398537303 0.023000641883331223 0.08522047970746058 0.046001283766662446
0 0.3781619561685102 0.045906876758020715 0.0906989123370204 0.09181375351604143
0 0.09507236119863464 0.3885488947120016 0.030342064934808156 0.0376727168225127