0 0 0.5208565546874999 0.167906034375 0.572421575 0.355920434375 0.5587613499999999 0.44470755781250004 0.6084520718750001 0.5884605281249999 0.606250540625 0.6133227765625 0.5871618484375001 0.5678818437500001 0.5209531125 0.46655982656250006 0.50157730625 0.4261385265625 0.4346575296875 0.31567830625000004 0.39322581562500003 0.282843175 0.43938871874999996 0.233783834375 0.43855463125 0.22736298437500002 0.37460206875 0 0.358192778125 0 0.5208565546874999
0 0 0.5834026171875 0.0150715875 0.666716440625 0.0315033328125 0.6721723 0.206525221875 0.6862973296875 0.22822668125 0.7351129421875 0.2681761828125 0.7709657484375 0.308776659375 0.7392697671875 0.42926195624999997 0.7507420875 0.4856432046875 0.7920507515625 0.5945088468749999 0.8388973078124999 0.7003645125 0.797957790625 0.769474009375 0.73887309375 0.6768183953125 0.710486221875 0.647587490625 0.6627371703125 0 0.5496712968749999 0 0.5834026171875
0 0.8383581399188674 0.6419572009251958 0.15103633601209054 0.09692366689245624
0 0.7092989906110935 0.4467974298942966 0.045767033338636055 0.04143722749876275
0 0.5475631539624563 0.30542772218323755 0.05692270934118149 0.06076043758467105
0 0.307687205880051 0.9002577860689044 0.0835579346753633 0.0684025192218769
0 0.2826064845640047 0.7715219544316987 0.08552042401336309 0.10285940637700648
0 0.9219866105585958 0.8448984944573322 0.09776588534372692 0.08163950361804453
0 0.8705973805697317 0.7601240247604855 0.03166817067154533 0.03757524310259512
0 0.7302547385821402 0.6613069872212429 0.116734061346272 0.1013721494796016
0 0.7311659946292289 0.3142682129109834 0.06006589067472703 0.06248671189493056
0 0.9725978746021848 0.5262613591112247 0.044731792011454274 0.08666784034363317
0 0.9560274452578217 0.6066924875599271 0.07616360534690828 0.10393058344622812
0 0.6943877745465056 0.9220873569635181 0.041024989337999786 0.03650406603337366