0 0.6412887015625001 1 0.6385054984375 0.8001487421875 0.573642915625 0.7883131875 0.5757063734375001 0.7384295953125 0.6247520734374999 0.7089263796874999 0.5890456281249999 0.5933225 0.5231757234375001 0.54671665625 0.5094277218750001 0.44222494218749997 0.44458141093750003 0.3905813296875 0.42363029062499996 0.4142394546875 0.41284459531250006 0.5600214828125 0.4582643296875 0.654305271875 0.43315917343750004 0.8440773437500001 0.4711922125 1 0.6412887015625001 1
0 0.4444972171875 1 0.3695154359375 0.3495073375 0.32253862031249997 0.31585760937499996 0.29908275156249997 0.21941663125000002 0.234699425 0.28467830625 0.186644775 0.38875986875 0.2279701375 0.503194728125 0.2667636328125 0.563877246875 0.271310140625 0.68717016875 0.2365622046875 0.7257607484374999 0.27076580156249996 0.769305165625 0.319278009375 0.7953982421875 0.323291028125 0.9742874578125 0.32711594375 0.9885692078125 0.3703635140625 1 0.4444972171875 1
0 0.4015908666852265 0.15768186171321646 0.09554995202099903 0.1596007293077851
0 0.5938158240372255 0.3051720946390462 0.039607940006363404 0.048922178878243815
0 0.7270384987269063 0.48158186566994543 0.06159202800763595 0.05944359905006032
0 0.10700036075745037 0.6739498343507393 0.06818747334499946 0.08945864767057934
0 0.23626114676158655 0.7111742746489437 0.10101815467854491 0.09274077792830404
0 0.19976419000636333 0.05731561227904336 0.08077838001272668 0.09792624491161735
0 0.28241360534690846 0.11473968792335534 0.03630112667090888 0.033133404567984304
0 0.3755289007001803 0.26640508649844585 0.09980110001590833 0.12234639077317437
0 0.7303163980346803 0.2935872207128995 0.06322725334181775 0.06577548620519007
0 0.5267079506683636 0.040095971278726376 0.08466590133672725 0.0294219063770066
0 0.4417244233370453 0.050476871324154904 0.09907384667409058 0.05984639077317437
0 0.10787832403722557 0.2797051893936934 0.036428396005727004 0.044070904567984216