0 0.6475 0.33999999999999997 0.5475 0.395 0.52 0.465 0.425 0.49749999999999994 0.39249999999999996 0.5675 0.42000000000000004 0.5825 0.5599999999999999 0.5650000000000001 0.6375 0.505 0.8225 0.4925 0.9974999999999999 0.41 0.9974999999999999 0.2525 0.73 0.31 0.735 0.3725 0.6875 0.38 0.6475 0.33999999999999997
0 0.34500000000000003 0.7825 0.45499999999999996 0.8074999999999999 0.5525 0.7474999999999999 0.6 0.7 0.7150000000000001 0.6725 0.76 0.6975 0.7925 0.6575 0.805 0.6075 0.9724999999999999 0.5700000000000001 0.9974999999999999 0.5575 0.9974999999999999 0.4425 0.3725 0.645 0.3525 0.6950000000000001 0.26749999999999996 0.735 0.34500000000000003 0.7825
0 0.18359375 0.6515625 0.1375 0.0625
0 0.275 0.4453125 0.03984375 0.0296875
0 0.4078125 0.2875 0.0453125 0.05
0 0.74375 0.82734375 0.07265625 0.05
0 0.74609375 0.7 0.0671875 0.08515625
0 0.1375 0.8578125 0.08515625 0.06015625
0 0.0296875 0.75859375 0.0296875 0.0328125
0 0.17265625 0.7703125 0.025 0.0296875
0 0.2921875 0.6546875 0.1 0.075
0 0.2296875 0.3203125 0.05 0.05
0 0.0234375 0.5578125 0.046875 0.078125
0 0.0484375 0.6359375 0.0875 0.0828125
0 0.37265625 0.9015625 0.03515625 0.02734375