0 0.520590409375 1 0.7714611234375 0.057256007812499995 0.6476566609375001 0.039176878124999995 0.5496233015625 0.48320134687499994 0.4325183109375 1 0.520590409375 1
0 0.5804601671875 1 0.6281470234375 0.8058868328125 0.675761359375 0.61762094375 0.72569480625 0.457986321875 0.6662675078125 0.43233260625 0.5256305953125 1 0.5804601671875 1
0 0.271542471875 0.0110645078125 0.21215595468749998 0.40845774218750003 0.255313221875 0.4034429421875 0.31182511874999996 0.012705900000000001 0.271542471875 0.0110645078125
0 0.010462595958001931 0.6544792529657496 0.020925191916003862 0.07145850593149916
0 0.14572410256209573 0.7766155326232448 0.04309656667727224 0.07984400889724856
0 0.1819172359166402 0.6217662065395213 0.04484088001272672 0.09553267589344294
0 0.24731551658977624 0.5767521368815887 0.05394316000954493 0.07247717787060921
0 0.09914164592618521 0.5480475222431214 0.04613066000954502 0.07215884288963732
0 0.9764035799252306 0.5908277906062722 0.03635676535645338 0.17171317391627666
0 0.7429065432050059 0.9601469101132931 0.05283519334818117 0.07970617977341377
0 0.2232763905554142 0.8290176324329643 0.07863626670908896 0.31555601581733084
0 0.3776126386060028 0.46247341406762593 0.08906578405472469 0.4065630177944971
0 0.39072611562500004 1 0.529494303125 0.4258524 0.6082635187500001 0.0334243078125 0.5284078734375 0.0217630125 0.45610349218749996 0.5304812953125 0.410389965625 0.6783286703125 0.33506581875 1 0.39072611562500004 1
0 0.8659415984375001 1 0.8930290296875001 0.8815657187499999 0.9452916281249999 0.715087728125 0.9709356859374999 0.5708423765624999 0.9427830531250001 0.5689069578125 0.8505211828125001 0.92758929375 0.8362827109375001 1 0.8659415984375001 1
0 0.9511738734374999 0.47872450781250003 0.9593666890625 0.4646881625 0.99097579375 0.3626607046875 0.9552437156250001 0.35091565468749997 0.922127078125 0.465777178125 0.9511738734374999 0.47872450781250003
0 0.8270502296875 0.271256146875 0.87004865625 0.071652715625 0.826580271875 0.0653050390625 0.785126734375 0.2564284375 0.8270502296875 0.271256146875
0 0.6958194093750001 0.3478517109375 0.7481934906250001 0.32938580625 0.7159175734375001 0.38125777968749996 0.8006265890625001 0.3849221765625 0.8077896875 0.3424400234375 0.7889454765624999 0.2983385640625 0.7840966890625001 0.22798541249999998 0.747582890625 0.18565506874999999 0.6958194093750001 0.3478517109375
0 0.795665375 0.501719528125 0.7611851140625 0.47927311406250006 0.7040147218749999 0.6689727953125 0.66872555 0.74652165 0.6972679734375 0.76374673125 0.7371579359375 0.7586905125000001 0.795665375 0.501719528125