0 0 0.39605471406250004 0.45517745 0.39110404375 0.9821876312500001 0.38825601875000004 0.977410153125 0.30660478593749996 0 0.2758556546875 0 0.39605471406250004
0 0.383878146875 0.292940290625 0.97711041875 0.3014820734375 0.9741089703125001 0.2501846953125 0.7472302390625 0.2473581765625 0.5585456171875001 0.24373353749999999 0.3966842765625 0.231707384375 0.383878146875 0.292940290625
0 0 0.7589737796875 0.4500364046875 0.72339031875 0.43680959843749995 0.684066615625 0 0.720643521875 0 0.7589737796875
0 0.725738887438317 0.8700071886421522 0.07006845909205772 0.04691267401194423
0 0.9223411027985812 0.874799872153402 0.10467077962517095 0.0555252610179167
0 0.8140836365803873 0.7047802725139924 0.0776991026655672 0.0408445119678472
0 0.6594643327403213 0.7060369140408674 0.09180706677218957 0.04273432028847228
0 0.6024390944188038 0.6534944487101384 0.06712531551854858 0.05308993882958344
0 0.6052421825028945 0.7986432945498259 0.070022994985435 0.04535017401194459
0 0.9012094958433648 0.09847441470645757 0.13256845909205772 0.04836737765916679
0 0.8391722162847006 0.6206591924418742 0.2862844924781527 0.07224390159486127
0 0.4694112972426554 0.5566584291428468 0.39124477711788863 0.08405553020395864
0 0 0.5130725890625001 0.518530475 0.46839370156250004 0.668335825 0.4790328296875 0.9853686343750001 0.4795721859375 0.9860866875 0.454894275 0.9844842359375001 0.42750699687499993 0.40448127968750003 0.42243229062500004 0 0.43450889843749996 0 0.5130725890625001
0 0.45927292968750005 0 0.4598588828125 0.0042791375 0.8196419515625 0.012633932812500002 0.9559471437499999 0.008034573437500001 0.9580883078125 0 0.45927292968750005 0
0 0.35732187031249996 0.011425875 0.3067688859375 0.007807281250000001 0.25279611874999997 0.013770337499999999 0.2497367875 0.040042184375 0.36565000312499996 0.046062153125 0.3722983984375 0.016043965625 0.35732187031249996 0.011425875
0 0 0.22271572343749999 0.1930226296875 0.21990825468750003 0.1989415359375 0.17742246718750002 0 0.1805930390625 0 0.22271572343749999
0 0.2976067625 0.28364813125 0.26976051874999996 0.23862006875000003 0.3254983359375 0.2575583984375 0.3124054625 0.1774348640625 0.2705299109375 0.17997047500000002 0.23220322656249998 0.2072131078125 0.16612631875 0.22706165625 0.1329462796875 0.27046569374999996 0.2976067625 0.28364813125
0 0.424650809375 0.1566673296875 0.4100162796875 0.193840584375 0.6019377375 0.20610206875 0.6827281125 0.22227524375000002 0.693550709375 0.191798596875 0.6809241046875 0.15554359375 0.424650809375 0.1566673296875