0 0.5721209546875 1 0.7692939546875001 0.039486165625 0.6524235390625 0.026574009375000002 0.5729991156249999 0.520647940625 0.4932000625 1 0.5721209546875 1
0 0.626159978125 1 0.6611351359375 0.811164046875 0.6943041828125 0.6387038921875 0.731084884375 0.4921680890625 0.6759240203125 0.4707585734375 0.5768196359375 1 0.626159978125 1
0 0.304755271875 0.007093257812500001 0.2635051953125 0.46348143124999996 0.3023154953125 0.4575591640625 0.340815053125 0.007932557812500001 0.304755271875 0.007093257812500001
0 0.08264059923384774 0.6936422036472223 0.04248902837152992 0.06500805737069441
0 0.04802522149545607 0.8724023300721182 0.04822220282385159 0.1010546601442364
0 0.22392248027094466 0.7999857354667015 0.03959134890464337 0.07274782218833327
0 0.24710626451496936 0.6576534183123612 0.039955061757624755 0.08524782218833345
0 0.3044270195295343 0.6152672029816322 0.05025606426490725 0.0636273953265972
0 0.16872520025006213 0.5933714063445141 0.04248902837152992 0.06500805737069441
0 0.9708870938235714 0.6057961644157299 0.042000946555645416 0.15556032218833343
0 0.7744717127199674 0.9568747811538891 0.046750631037097 0.08625043769222174
0 0.2963119573096911 0.8461717108654169 0.07077446740532797 0.28582970364722227
0 0.41604281795932396 0.507002720933403 0.0794340650563301 0.36878767401194457
0 0.4555066484375 1 0.551745715625 0.46921205 0.6147454953125 0.022411239062499998 0.5367849921875 0.013797954687499999 0.49082181093750005 0.5665452234374999 0.457239440625 0.70224408125 0.40547576406249997 0.9998834000000001 0.40653113281250003 1 0.4555066484375 1
0 0.8832966015625001 1 0.9049588 0.8714818078125001 0.9434869718750001 0.7186581875 0.95908840625 0.5868665453124999 0.9334964703124999 0.586001978125 0.8689019953124999 0.9146204625 0.8572072421874999 1 0.8832966015625001 1
0 0.9363314562499999 0.5038479687499999 0.9430081296875 0.4908427875 0.9662397437499999 0.3971968609375 0.9332672828125 0.3876652828125 0.9093484406250001 0.4930126671875 0.9363314562499999 0.5038479687499999
0 1 0.1917979734375 0.983877078125 0.1969083109375 0.9647371015624999 0.3891767015625 0.9964375453125 0.386790359375 1 0.350419140625 1 0.1917979734375
0 0.7742518281249999 0.30726368437499996 0.8129928578125 0.3193980390625 0.8541087624999999 0.054944523437500004 0.8151395062500001 0.046710746875 0.7742518281249999 0.30726368437499996
0 0.6982195828125 0.39311060468750003 0.7446646015625 0.3746820984375 0.7181807421874999 0.4228067453125 0.7950708125 0.423447621875 0.7993130578125001 0.3846456 0.779922465625 0.3451980078125 0.7718172515624999 0.281469378125 0.7365219296875 0.2441903875 0.6982195828125 0.39311060468750003
0 0.796746453125 0.5296598578125 0.7643423046875 0.5103714734375 0.7225968015625 0.6844366109375 0.6947405921875001 0.75597206875 0.7214928359375 0.7707076671875 0.757342690625 0.7648514125 0.796746453125 0.5296598578125