0 0.331858809375 0 0.37431227968749997 0.9867948999999999 0.4524437703125 0.9945475546875 0.44925916718750003 0.48391665 0.448888165625 0 0.331858809375 0
0 0.31472269375 0.7584371203125 0.320090771875 0.9814147328124999 0.369308609375 0.9862984078125001 0.3543626796875 0.41169248906250006 0.295807171875 0.42158427343750005 0.3091421265625 0.577310415625 0.31472269375 0.7584371203125
0 0.767734546875 0.4919646078125 0.7993666765625 0.0240434125 0.762952609375 0.020430200000000003 0.7298908468749999 0.477741540625 0.767734546875 0.4919646078125
0 0.910717911487632 0.7626963417338217 0.0441317950813442 0.06587953005422928
0 0.918821823859027 0.9470304351179635 0.052117011903856536 0.09561248184962708
0 0.7541320890825334 0.8401724228213233 0.03948974687674216 0.07366475897699054
0 0.7524918001495096 0.6925207180008631 0.04113406010845857 0.08773634933607007
0 0.7029457972226433 0.636557064311871 0.050372704722264315 0.0643533914905479
0 0.8420492038385016 0.6427792723537851 0.044131795081343836 0.06587953005422928
0 0.038760056494221304 0.48494717174116875 0.04154312626704139 0.15804884933607005
0 0.17400422754801906 0.9021432412194013 0.04763859016268786 0.1315227107723885
0 0.6737769685710286 0.8601718263139236 0.07033172247985356 0.2722749757995032
0 0.608418571521336 0.5035087358566481 0.08029759582002853 0.3738920179539809
0 0.48668031093749997 0 0.478724890625 0.436512890625 0.4901473546875 0.997182253125 0.5399960015625 0.9968922421874999 0.5359276421875 0.691811375 0.5240568624999999 0.54770344375 0.56493278125 0.0007815375 0.5570564203124999 0 0.48668031093749997 0
0 0.0527803109375 0.46873326875 0.0473039859375 0.605077271875 0.0613802765625 0.7675215359374999 0.06292114374999999 0.9548893421875 0.0876343640625 0.9492890218750001 0.090522021875 0.818725575 0.0784974140625 0.47329754062499996 0.0527803109375 0.46873326875
0 0.0887980078125 0.38976960312500003 0.1174995203125 0.384565025 0.11043498593750001 0.2731466421875 0.0759555078125 0.2757628078125 0.0842039046875 0.375223825 0.0887980078125 0.38976960312500003
0 0.0787395859375 0.26798655312499997 0.09034771875 0.0698460125 0.05983643749999999 0.052725965625 0.047436821875 0.2588430953125 0.0787395859375 0.26798655312499997
0 0.2425488578125 0 0.241562084375 0.229790271875 0.282223296875 0.2257724015625 0.28287839375 0 0.2425488578125 0
0 0.3300176125 0.17012232968750002 0.28878042187499997 0.2002530421875 0.270490915625 0.2628583125 0.24480364375 0.298556921875 0.242840365625 0.3386246515625 0.3197936734375 0.35431290937500004 0.3010171109375 0.30010979843749996 0.344492234375 0.3285785578125 0.3300176125 0.17012232968750002
0 0.225968309375 0.691250375 0.2608636265625 0.70477786875 0.28995803124999997 0.6955873312499999 0.2735525546875 0.6174619703124999 0.2596565 0.43289315781250004 0.2241852078125 0.44547850625 0.225968309375 0.691250375