0 0.98520785625 0.268301959375 0.0074673796875 0.42780590937499996 0.0089007171875 0.50992175625 0.496704675 0.44907510625 0.995772796875 0.3896504140625 0.98520785625 0.268301959375
0 0.5302603296874999 0.2858065328125 0.3764688890625 0.3178398390625 0.195715209375 0.345012303125 0.0064954765625 0.37212558125 0.0073859484375000005 0.4231407296875 0.551259790625 0.344109665625 0.5302603296874999 0.2858065328125
0 1 0.713626728125 0.5559589 0.733392471875 0.5488369578125 0.7735206703124999 1 0.75130403125 1 0.713626728125
0 0.30383684983125364 0.9510047365438744 0.06792388555165925 0.045708647670578986
0 0.1154698250744873 0.9770095573269462 0.10397047970746054 0.04598088534610767
0 0.1966265474783472 0.800987047150181 0.0740920649348081 0.041348696291098365
0 0.34538164731619136 0.7822447704650722 0.0865920649348082 0.042003793532136416
0 0.3919742292971281 0.7238048286965297 0.06493525324641088 0.05335737336031983
0 0.41162998457213396 0.866111837402957 0.06792388555165907 0.04570864767057934
0 0.4182142118505531 0.03596731399720863 0.1614284237011061 0.03655937697836444
0 0.04674613514462209 0.2186581467660682 0.08667388555165918 0.04669129353213641
0 0.16247764406978055 0.7227049168924562 0.27447389448011295 0.07370525214770644
0 0.5071298506453278 0.6135401153312611 0.3839852621748646 0.08724985300678938
0 1 0.4382039 0.999170196875 0.4286728125 0.5498576859375001 0.47337684687500003 0.0117267015625 0.548408121875 0.0162065625 0.5998636312500001 0.3044125546875 0.5617902875 0.4468188484375 0.5326235640625 1 0.509358915625 1 0.4382039
0 0.09281265 0.12443904218749999 0.437268034375 0.071214609375 0.4369874484375 0.0445506796875 0.2990946984375 0.05517538749999999 0.138699996875 0.0887593015625 0.0018521765624999998 0.1061111421875 0.0023229328125 0.13308077499999998 0.09281265 0.12443904218749999
0 0.5230579125 0.07176065312499999 0.5337083578125 0.10029619218750001 0.644210675 0.0798924203125 0.6350660125 0.04518063125 0.5367899078125 0.06536728281250001 0.5230579125 0.07176065312499999
0 0.724241378125 0.24876126250000002 0.9809303249999999 0.219170390625 0.9773277203124999 0.177791025 0.7125210234375 0.20793681406250003 0.724241378125 0.24876126250000002
0 0.7891369312500001 0.2907011609375 0.7510965125 0.25239188125 0.6847977125 0.24124711406250002 0.6441082765624999 0.21939364375 0.603518496875 0.22215644218750003 0.6023198609375 0.302184021875 0.653177196875 0.27667661093749996 0.6328205921875 0.32421620624999997 0.7891369312500001 0.2907011609375
0 0.24637515625 0.2468837390625 0.2393939890625 0.28393455156249997 0.2541196859375 0.3123959421875 0.3294376265625 0.28645681562499997 0.5120742625 0.2504292671875 0.4927353640625 0.215893621875 0.24637515625 0.2468837390625