0 0.5841826375 1 0.6346116203125 0.9867603421875 0.45150581562500003 0.5164043171875 0.27106549375 0.04534849375 0.15878293906250002 0.0748272265625 0.5583666843749999 1 0.5841826375 1
0 0.5531562250000001 1 0.339934978125 0.4825373625 0.290111096875 0.5114078656250001 0.3566352078125 0.6492080437500001 0.42497542812500005 0.8128475984374999 0.5016719968750001 1 0.5531562250000001 1
0 0.58011774375 0.0033750265625 0.7046917140625 0.4157216984375 0.7440928703125 0.415903765625 0.61743804375 0.00359215 0.58011774375 0.0033750265625
0 0.968388990041051 0.6149882967316639 0.04882838544042371 0.06746930113146803
0 0.8534866735878804 0.7385343601597721 0.048873837235821324 0.07528180113146803
0 0.8011424027070333 0.6038593783101449 0.052062469749379045 0.08623748184962743
0 0.7353219599868217 0.5698838332288009 0.05821247579950324 0.06908634328594587
0 0.8647640202916719 0.5284508330324093 0.04882838544042371 0.06746930113146803
0 0.07803670081343946 0.6566817920562819 0.06496244554888216 0.1550602047222643
0 0.3470104563725843 0.9641811955488823 0.06448974687674199 0.07163760890223543
0 0.7913275620533662 0.7967644957965876 0.11261012607064949 0.28814541549465283
0 0.6035583546988231 0.48083899306611305 0.13177828258831212 0.36012949980360814
0 0.71742356875 0.9650188406250001 0.6029760765625001 0.6770454531250001 0.5418421125 0.54936715625 0.3821645359375 0.01618048125 0.307264446875 0.0358447984375 0.461759428125 0.46310368124999995 0.67031565625 0.97738658125 0.71742356875 0.9650188406250001
0 0.26208621249999997 1 0.242035578125 0.943872709375 0.1104461125 0.632262528125 0.0854523203125 0.6368006984375 0.1280906765625 0.7632584390625 0.1976357734375 0.9069471625000001 0.2340719140625 1 0.26208621249999997 1
0 0.09064447656249999 0.5524389484375 0.11494175312499999 0.5379624359374999 0.069598478125 0.438531028125 0.0391398578125 0.4525987953125 0.08138393125 0.5407015859375 0.09064447656249999 0.5524389484375
0 0.0025113437499999997 0.4316633140625 0.007281531250000001 0.44679426875 0.03895701875 0.44454931093749994 0.00190626875 0.3276598890625 0.0025113437499999997 0.4316633140625
0 0.1151842921875 0.0884999921875 0.078558325 0.10216585781250001 0.17376594375 0.354500415625 0.2093596609375 0.33705813125 0.1151842921875 0.0884999921875
0 0.233409984375 0.2700140953125 0.2064126859375 0.3115156515625 0.2116376171875 0.374923803125 0.20073367968750003 0.416247625 0.21294187187500002 0.45352992187499996 0.2884400421875 0.441806071875 0.2524238734375 0.3986294203125 0.30192460625 0.4099233015625 0.233409984375 0.2700140953125
0 0.3207526328125 0.781504184375 0.3572281546875 0.7820490796875 0.3804907328125 0.763796790625 0.3382766015625 0.6979548906249999 0.2611680046875 0.5339857734375 0.23328890468750002 0.557500146875 0.3207526328125 0.781504184375