0 0.6025 0 0.5525 0.5 0.5 0.9974999999999999 0.575 0.9974999999999999 0.7175 0 0.6025 0
0 0.655 0.775 0.6775 0.6025 0.705 0.45499999999999996 0.65 0.44000000000000006 0.58 0.9974999999999999 0.6275000000000001 0.9974999999999999 0.655 0.775
0 0.2625 0 0.2475 0.47750000000000004 0.28500000000000003 0.46749999999999997 0.2975 0 0.2625 0
0 0.08515625 0.72265625 0.03515625 0.06015625
0 0.06015625 0.90234375 0.03984375 0.0953125
0 0.22734375 0.8109375 0.0296875 0.0671875
0 0.2421875 0.6703125 0.0296875 0.0796875
0 0.29609375 0.62109375 0.0421875 0.0578125
0 0.1625 0.61484375 0.03515625 0.06015625
0 0.9453125 0.53984375 0.025 0.15
0 0.7765625 0.92734375 0.0328125 0.125
0 0.3015625 0.8546875 0.0375 0.28984375
0 0.3984375 0.50390625 0.0375 0.3578125
0 0.48846249999999997 0 0.475 0.553845 0.45 0.690385 0.415385 0.9974999999999999 0.4634625 0.9974999999999999 0.528845 0.45192249999999995 0.565385 0 0.48846249999999997 0
0 0.8769225 0.9865375000000001 0.896155 0.8076924999999999 0.925 0.653845 0.9326924999999999 0.5230775000000001 0.9076924999999999 0.525 0.8634625 0.853845 0.853845 0.978845 0.8769225 0.9865375000000001
0 0.9115375 0.43077 0.9288449999999999 0.3365375 0.896155 0.33077 0.8788449999999999 0.4365375 0.9057700000000001 0.44423 0.9115375 0.43077
0 0.934615 0.1384625 0.9269225000000001 0.328845 0.9576925 0.3230775 0.965385 0.125 0.934615 0.1384625
0 0.8 0.013462499999999999 0.7615375 0.009615 0.7365375000000001 0.26922999999999997 0.775 0.2769225 0.8 0.013462499999999999
0 0.6884625 0.38846250000000004 0.7634624999999999 0.38077 0.765385 0.3423075 0.7442300000000001 0.30577 0.7326925 0.24423 0.696155 0.2115375 0.6673074999999999 0.36153749999999996 0.7115375 0.3384625 0.6884625 0.38846250000000004
0 0.7115375 0.728845 0.746155 0.71923 0.771155 0.48461499999999996 0.7384625 0.46923000000000004 0.7076925000000001 0.6442300000000001 0.684615 0.7173075 0.7115375 0.728845