0 0.8775041381084027 0.1250293141463632 0.04985583605604162 0.06291117688202612
0 0.8340794867978818 0.21343523954551458 0.03368532218833309 0.038837006920082205
0 0.7323883938079858 0.2901661773019556 0.020967116641249995 0.028952670950527094
0 0.7086411160725692 0.33796434874677433 0.0497103656913195 0.05666117688202608
0 0.4824201889264925 0.5337238122063779 0.03550239532659738 0.04983817391627667
0 0.7884786589099652 0.09353391642754072 0.036737587005972294 0.035839340912471006
0 0.4439200801690273 0.5782205701150434 0.03691942496187508 0.043651840912471054
0 0.4490063172512494 0.6279659021302657 0.0641001740119446 0.07129667984777566
0 0.2777651372553813 0.74187318771926 0.03677395459715278 0.037401840912470875
0 0.34658721922736047 0.7695087563886096 0.03528418977951393 0.04046317391627667
0 0.19057099572850617 0.89996687201566 0.033394381458888935 0.02633700692008247
0 0.41083612965593713 0.5241524940313199 0.027326219414791807 0.03389483893530461
0 0.294079161856666 0.8122347672630245 0.035720600873680654 0.059213173916276673
0 0.7665263512549302 0.3324836698875818 0.02085801386770818 0.024265170950527094
0 0.7909970615516663 0.45480699745418 0.03837282218833345 0.03902800790866543
0 0.73903451804868 0.4740955083285948 0.01925914627652787 0.022639003954332538
0 0.2960086038203814 0.6287365177573161 0.02874324905006951 0.027708505931498983