0 0.1862642320460191 0.07051679395477022 0.06592498184962739 0.05423651384016444
0 0.2727057260940907 0.11463952566598148 0.04082498789975162 0.03603034190105418
0 0.34240008167667674 0.2180245108372339 0.029823855386194253 0.024647172927693452
0 0.38911600039278343 0.2434582509514021 0.05813066256778665 0.05704317885919252
0 0.5689706302740621 0.4759166293928526 0.05022725897699054 0.04109984387822045
0 0.1435494912194013 0.1628608028520188 0.037718168617910844 0.03902800790866538
0 0.6116984857584523 0.515572036997507 0.04396816861791084 0.03928267589344294
0 0.6632882568356911 0.508783526123092 0.07383747579950324 0.07174234882113631
0 0.7638008203619953 0.6851139213704566 0.037718168617910844 0.03902800790866543
0 0.7993661365205781 0.6133689139560827 0.04084316861791084 0.039155341901054186
0 0.9194963084581385 0.7740597217510174 0.028315897540672097 0.03395850593149916
0 0.5513604285768599 0.549273216350991 0.032985216822512695 0.03102450692008212
0 0.8388871787732516 0.6672141555531258 0.06272725897699019 0.04160917984777566
0 0.3894705243968885 0.18252075095140213 0.02668067466803503 0.02139483893530465
0 0.5200619942444634 0.15611080676917044 0.040861349336070066 0.04228034190105419
0 0.5338108768562166 0.20944405380342093 0.02511817466803503 0.021331171939110227
0 0.64830308538911 0.6679502790888415 0.0298602168225127 0.03089717292769336