0 0.19903239763886785 0.02908481007413379 0.06131020472226432 0.05816962014826758
0 0.21722788573501117 0.11973211352484561 0.040879530054229285 0.04516865626060227
0 0.2978915575743758 0.21767605100364112 0.02675339754067192 0.03374008293962456
0 0.30772964500658917 0.27200888693849057 0.06131020472226432 0.0661904843909034
0 0.4812706423743105 0.5166790022774347 0.04406816256778647 0.05621528366526398
0 0.29911421087058443 0.013112580492553833 0.04239657825883114 0.026225160985107666
0 0.5075195249860638 0.5696576693378101 0.044031801131468026 0.04996528366526398
0 0.4869252238545956 0.6188044974681113 0.07860678903121965 0.08554068511654264
0 0.6289940283057135 0.768499418704838 0.04400453005422946 0.045277783665263985
0 0.5500150554330765 0.7837548856725463 0.042451120413308986 0.046785719962933216
0 0.6709128418320176 0.9474676668907394 0.03768180718159222 0.03255952885594056
0 0.5585780309379921 0.5202280990120574 0.03303066861791084 0.0386458377489479
0 0.59110314286529 0.8369964475607784 0.04725679508134384 0.06726191106992588
0 0.2500262293155446 0.2552777439247322 0.023601126463433174 0.028943455534962758
0 0.18839786202549366 0.3761557283156356 0.0455761204133089 0.04689484736759484
0 0.2350910548439013 0.4057688172457099 0.023592036104353474 0.027380955534962937
0 0.6445286455957644 0.6492310635326948 0.033003397540672094 0.033958337748947895