0 0.793138225388385 0.9753723117359308 0.07151543507002263 0.049255376528138585
0 0.7153727903183624 0.9189280574384879 0.044006865177646404 0.04127345318850324
0 0.6593517686067406 0.8037667248967709 0.03241439371369381 0.026637743102595125
0 0.6164536391610705 0.7695654652858326 0.06519266046291676 0.06108798620519007
0 0.46779985359570997 0.5061503392119793 0.055162688998963996 0.04653416327441153
0 0.8432965831224333 0.9045899977366926 0.04251713978475209 0.042754066033373304
0 0.4313143899896401 0.45903632179912474 0.05047518899896417 0.04628850180902226
0 0.3819500907754284 0.4533318764125376 0.08318068114108108 0.07917624491161739
0 0.3029046379227255 0.2621469544316987 0.04415241439185813 0.04439845318850324
0 0.26202923490340685 0.3215728640880656 0.04564213978475227 0.042917840343632996
0 0.16396195430044497 0.14030185266810494 0.03136131596343472 0.03749335594746528
0 0.49283193279371107 0.4412180580043149 0.03739299214211726 0.03313340456798421
0 0.23035754983338425 0.26068295171816525 0.06461046360606985 0.04858798620519007
0 0.6105525496239872 0.826927585932619 0.02765411910658777 0.024829581637205677
0 0.48324518692754015 0.821035032789544 0.045787688998963995 0.04604284034363317
0 0.47526571298238807 0.76684217774659 0.02609161910658777 0.0247476944820761
0 0.412500115796819 0.3060784181356516 0.032705492142117085 0.032887743102595034