0 0.811914749549774 0.8308252018337662 0.06183161465389268 0.04998671189493038
0 0.725680678428018 0.7963893260985972 0.03757524310259512 0.03313340456798421
0 0.6534548756236274 0.7027864902775199 0.029107645861557074 0.020223968792335612
0 0.6069450457954438 0.6834090485089773 0.055581614653892684 0.049659163274411534
0 0.42149330393604423 0.4757580800553261 0.0485946302577247 0.03526911465389251
0 0.8503398417024293 0.7368771279984765 0.03461401741285428 0.036094630257724705
0 0.37888640208159347 0.44137311397652396 0.042426517412854546 0.03650406603337366
0 0.3283950791508149 0.4533685029406761 0.07046298620519006 0.06602114767057934
0 0.2230535611721335 0.29294001526514796 0.03617651741285455 0.03617651741285455
0 0.19120269561372977 0.3655077340574835 0.03921963025772479 0.03477779172311406
0 0.06785480608375086 0.22160500508838266 0.026637743102595035 0.03256019448207601
0 0.4362385566495778 0.4025286199694179 0.0325601944820761 0.026637743102595125
0 0.15089527815544673 0.3169783808235517 0.057969630257724794 0.03576043758467105
0 0.6093430274780782 0.7417161934660232 0.025982645861557074 0.020060194482076098
0 0.48270528437548316 0.7795171658764033 0.03782090456798422 0.03782090456798422
0 0.46661661691720013 0.7297185617379605 0.022857645861557075 0.019896420171816587
0 0.3365428510862253 0.29789975294067605 0.026473968792335524 0.02943519448207601