0 0.8354107787432742 0.9033530735691212 0.07104201186299797 0.058250420691398117
0 0.7511830173745676 0.851833689166812 0.04371550790866543 0.03872753087881229
0 0.6873194941428631 0.743405075218474 0.03220500494291585 0.024346782132453625
0 0.6423279877170724 0.714209320203909 0.06322951186299797 0.05802310015828453
0 0.47429693482787255 0.4680199449727998 0.053281508897248565 0.04368781551854841
0 0.8804102609487771 0.8175686862638182 0.04065417490485999 0.04019910266556685
0 0.4342011754363324 0.4246025655850555 0.046967841901054186 0.041943459092057725
0 0.3834199254363324 0.4260801490502926 0.08111734882113648 0.07571070533113407
0 0.29150038638729703 0.2433789608079174 0.040654174904859806 0.04019910266556703
0 0.2535494002274615 0.3101860275801071 0.04384284190105418 0.041852530878812376
0 0.14257611364988404 0.13977189067051538 0.031088173916276586 0.03523881802583091
0 0.4948375865010277 0.3962442333734596 0.035584672927693364 0.03068771034569906
0 0.2175681378701718 0.25256975587249475 0.06428267589344294 0.045568564264907255
0 0.6392785835724593 0.7737434445770883 0.02908000494291585 0.024255853919208193
0 0.5107543355496256 0.7868692333734597 0.04553267589344294 0.04502299498543501
0 0.49918282418091914 0.7332357680131956 0.025891337946721472 0.02260242570596276
0 0.40446064281308763 0.2705970271843957 0.031024506920082295 0.03367631802583091