0 0.134375 0.1515625 0.0453125 0.05859375
0 0.17265625 0.23828125 0.03125 0.03515625
0 0.26875 0.3140625 0.01875 0.028125
0 0.28984375 0.3609375 0.046875 0.0515625
0 0.503125 0.55390625 0.03203125 0.0453125
0 0.22421875 0.11875 0.03359375 0.03203125
0 0.5390625 0.59765625 0.03359375 0.03984375
0 0.53046875 0.64609375 0.06015625 0.06640625
0 0.69375 0.7578125 0.03359375 0.03359375
0 0.6234375 0.7859375 0.03203125 0.03671875
0 0.77109375 0.91484375 0.03125 0.0234375
0 0.57421875 0.54375 0.025 0.03125
0 0.6734375 0.828125 0.03203125 0.05625
0 0.23203125 0.35625 0.01796875 0.0234375
0 0.2015625 0.478125 0.03515625 0.03515625
0 0.2515625 0.49609375 0.01796875 0.021875
0 0.68203125 0.64609375 0.0265625 0.025