0 1 0.5765340109375 0.94829294375 0.49702005 0.84734004375 0.3702305375 0.6828409609375 0.16322934375 0.565294878125 0.00928283125 0.552552115625 0.0064295265625 0.44488038124999996 0.005176651562500001 0.6735950468749999 0.3087547140625 0.969019771875 0.7291805078125 1 0.579699075 1 0.5765340109375
0 0.8594891503693424 0.16389689278322192 0.07225679508134383 0.06646134134309048
0 1 0.187074778125 0.9372774796875 0.09257558125000001 0.86526544375 0.07645095468749999 0.9735205046875001 0.2491539765625 1 0.2870910328125 1 0.187074778125
0 0.4137236921875 0.004814110937499999 0.388929034375 0.0045255984375 0.55906755 0.2726917515625 0.6889891609375 0.4615320484375 0.8400025078125 0.691559715625 0.94635415 0.8385434875 0.9614538453125 0.7656865578125001 0.7037216 0.39884817968749997 0.5508828796875 0.19445532031249999 0.4137236921875 0.004814110937499999
0 0.6941679875 0.4870005328125 0.6178546046875 0.36746547500000004 0.40041533593749995 0.0374790671875 0.3756577875 0.0043711734375 0.3074551296875 0.0035775640625 0.38097425937499996 0.1060551015625 0.49849236562500004 0.30427379375 0.5947592562499999 0.487315546875 0.7133645890625 0.6718872796875 0.9257474859375 0.9379718671875 0.9465603249999999 0.8375486828125001 0.8710876890625 0.7349847765625 0.6941679875 0.4870005328125
0 0.9128920718750001 1 0.920528453125 0.9631540125000001 0.7523267406249999 0.736175753125 0.5935655390625 0.5183036265625 0.48344921875 0.3095865765625 0.41408954062500003 0.19855506875 0.348113684375 0.079597465625 0.28712235937499997 0.003340971875 0.24332080937499997 0.00283129375 0.3049917140625 0.09425064375 0.357965275 0.15820454374999998 0.4080257234375 0.26144270000000003 0.47630015468750003 0.386124215625 0.5779608374999999 0.5599552671875 0.6928161578124999 0.7037507609375 0.8244571625000001 0.8842948796875 0.90441689375 1 0.9128920718750001 1
0 0.9004140984375001 1 0.8026222828125 0.8550942359375 0.676506175 0.6983614234375 0.5894027046875 0.5972472078125 0.454992934375 0.379618521875 0.374930053125 0.21930473749999999 0.3261364390625 0.1267687015625 0.2338384546875 0.00272095625 0.1955549578125 0.0022754875000000003 0.2418072484375 0.0627376859375 0.315583946875 0.16087043125 0.45231491718749994 0.43458310781250004 0.5391474171875 0.579047753125 0.6287845562500001 0.7015662093749999 0.7165196765624999 0.80803369375 0.778057865625 0.8895330328125001 0.80867035625 0.9015968781250001 0.8782434484375001 1 0.9004140984375001 1
0 0.438409484375 0.41757905468749995 0.34486775000000003 0.4400420921875 0.3472949265625 0.4787874515625 0.42878662187499994 0.6237934859375 0.5043367359375 0.704955759375 0.6264898484375 0.8555945703125 0.6744068203125 0.7673485921875 0.5896049390625 0.6719563640625 0.438409484375 0.41757905468749995
0 0.15427734375 0.0017951796875 0.0951079828125 0.00110668125 0.0622818921875 0.159494525 0.14068548593750002 0.2311017171875 0.18695618125 0.1928421171875 0.2654950203125 0.276410890625 0.2889206921875 0.26429390937499997 0.1701533796875 0.10573205000000001 0.17817220312499998 0.0502260765625 0.15427734375 0.0017951796875
0 0.3210646203125 0.512850625 0.34517845937499997 0.49741317656249995 0.26614930000000003 0.33212423593749996 0.2465796203125 0.3676788265625 0.3210646203125 0.512850625
0 0.9313924632082754 0.43815255279276694 0.05338862041330898 0.04593066534054522
0 0.9272084363754999 0.25608494012567606 0.02989657825883114 0.036282945337363426
0 0.8694095719141195 0.2577559807844946 0.04240566861791066 0.03799089600572696