0 0.4716675 0 0.3933325 0.0783325 0.2933325 0.2 0.13 0.3983325 0 0.55 0 0.6900000000000001 0.018332499999999998 0.67 0.2716675 0.3783325 0.6233325 0 0.4716675 0
0 0.0921875 0.22890625 0.0515625 0.06171875
0 0.1733325 0 0 0.1766675 0 0.24833249999999998 0.15 0.10333250000000001 0.24666749999999998 0 0.1733325 0
0 0.6599999999999999 0 0.3516675 0.3316675 0.18833249999999999 0.5183325 0 0.7266675 0 0.7633325 0.04 0.7116675 0.2616675 0.495 0.41500000000000004 0.3333325 0.6033324999999999 0.1433325 0.7283324999999999 0.005 0.7150000000000001 0 0.6599999999999999 0
0 0.7316675 0 0.6383325 0.10500000000000001 0.4383325 0.32333249999999997 0.33999999999999997 0.42000000000000004 0.06999999999999999 0.6933325 0 0.7733325 0.0033325 0.8483325 0.13999999999999999 0.6983325 0.305 0.5466675000000001 0.45999999999999996 0.4183325 0.6116675 0.2683325 0.8316675 0 0.7316675 0
0 0.8633325 0 0.8533324999999999 0.005 0.665 0.21833249999999998 0.49000000000000005 0.4133325 0.3133325 0.5599999999999999 0.2216675 0.6483325 0.1216675 0.735 0.0016675 0.8816675 0.0016675 0.9216675000000001 0.145 0.7733325 0.195 0.71 0.2833325 0.6416675 0.3883325 0.5516675 0.5333325 0.42000000000000004 0.6466675000000001 0.2816675 0.7916675 0.12 0.905 0 0.8633325 0
0 0.9099999999999999 0 0.7683325 0.1466675 0.645 0.2983325 0.5666675 0.4016675 0.3866675 0.5733325 0.25 0.6816675 0.1716675 0.7466675 0.0016675 0.9400000000000001 0 0.99 0.12833250000000002 0.8400000000000001 0.2066675 0.75 0.44000000000000006 0.5650000000000001 0.5599999999999999 0.45333249999999997 0.6583325 0.3433325 0.7416674999999999 0.2383325 0.8066675 0.1633325 0.8116675000000001 0.1316675 0.9333325 0 0.9099999999999999 0
0 0.505 0.6566675 0.6266675 0.55 0.6883325 0.4616675 0.8066675 0.315 0.7116675 0.28666749999999996 0.6383325 0.3866675 0.42666750000000003 0.5816675 0.4683325 0.6666675 0.505 0.6566675
0 0.3116675 0.9033325 0.265 0.8666674999999999 0.3283325 0.775 0.3116675 0.755 0.185 0.9 0.13 0.9033325 0.01 0.9974999999999999 0.265 0.9974999999999999 0.25833249999999996 0.9949999999999999 0.3116675 0.9033325
0 0.3816675 0.7633325 0.42000000000000004 0.775 0.5433325 0.675 0.5233325 0.655 0.3816675 0.7633325
0 0.340625 0.10546875 0.03515625 0.0453125
0 0.16640625 0.146875 0.0296875 0.0234375
0 0.18046875 0.20078125 0.03203125 0.03515625