0 0.9939279531249999 0.5276482984374999 0.9953457046875 0.40580698281250005 0.559893628125 0.7393376375 0.2228376171875 0.9800203312500001 0.37584885 0.9943118203125 0.523053490625 0.8906393218750001 0.7551244968749999 0.733907953125 0.8974678468749999 0.637973609375 0.99060955 0.5611083125 0.9939279531249999 0.5276482984374999
0 0.7015093838717786 0.9486764537403058 0.07260225334181776 0.06291815651766228
0 0.81525984375 1 0.958587984375 0.8839870859375001 0.9664593421875001 0.8046188765625001 0.8443069828124999 0.8987990203124999 0.72579805625 1 0.81525984375 1
0 0.6189587375000001 0.6574708640625 0.9957762125 0.36880929375 0.9966372734375 0.2948098796875 0.8496963718749999 0.40412986249999994 0.6239554234375 0.5887598296875 0.43261895156249996 0.738372928125 0.17445330312500001 0.956386009375 0.1481244078125 0.9730420000000001 0.1832728078125 0.976324915625 0.399508409375 0.8153837562499999 0.6189587375000001 0.6574708640625
0 0.5221555609374999 0.6611736390625 0.6372769796875 0.564518125 0.894918025 0.370123334375 0.996626571875 0.2957294953125 0.9978264234375 0.19261452031249998 0.715376253125 0.382479878125 0.5368394359375 0.5314698124999999 0.3813803484375 0.6862553140625 0.19961143750000002 0.84950638125 0.04749846875 0.963643378125 0.13368641718750002 0.9716934671875 0.197506628125 0.9257703953125 0.5221555609374999 0.6611736390625
0 0 0.959206946875 0.0162256953125 0.9607224515624999 0.1579798375 0.8656424109374999 0.2624630578125 0.766171871875 0.36785270625 0.67589026875 0.5454680546875 0.49950690781249996 0.7751865578125 0.3298114640625 0.9981138625 0.16791204843750002 0.9986471671875 0.12207994375 0.8951503531249999 0.20265807812499997 0.7047082421875001 0.3432531671875 0.5429067609375 0.45193583281249994 0.384916190625 0.5955619484375 0.276291475 0.7001071359375 0.192893878125 0.7888027609375 0.11901925937499999 0.8365174734374999 0 0.9313704515625 0 0.959206946875
0 0 0.9193633468750001 0.15072560625 0.8103501359375 0.22944503749999998 0.73214050625 0.361302059375 0.595175021875 0.56631534375 0.4177106015625 0.6865024328125 0.343374115625 0.8637989953125 0.2252184984375 0.998697528125 0.11775201093750001 0.998987771875 0.0928084484375 0.8846760937499999 0.179833878125 0.849886821875 0.1820459765625 0.761781246875 0.24481590937500003 0.6392561578125 0.3243982234375 0.5097127328125 0.41970669843749997 0.3760398796875 0.5382967671875 0.1508774796875 0.77213401875 0.0451148328125 0.8478205000000001 0 0.8795322703125 0 0.9193633468750001
0 0.5902332234375 0.34166529218749997 0.7062763796875 0.272400496875 0.685825359375 0.1667223765625 0.5144710859375 0.2799742703125 0.412301465625 0.3377877984375 0.2838582203125 0.45868772187499995 0.2691053625 0.497361484375 0.356579309375 0.551042134375 0.5902332234375 0.34166529218749997
0 0 0.770583396875 0.15673898749999998 0.657990584375 0.1368933515625 0.6379338859375 0.0309372234375 0.6972151484375 0 0.6488157421875 0 0.770583396875
0 0.146732415625 0.5387249749999999 0.1552389703125 0.581389875 0.287629690625 0.4390154953125 0.2681420171875 0.41534942968750005 0.146732415625 0.5387249749999999
0 0.8623218039067769 0.6917820800073471 0.05363407733927232 0.04405907220870695
0 0.7992389065484146 0.8758025560032421 0.028524989337999785 0.03453862646343318
0 0.7424349232177325 0.8559395078968359 0.04106135200509069 0.03773634933607006