0 0.48681909531249995 0 0.680108434375 0.29955869687500003 0.930426946875 0.7191761109375 0.9772362343750001 0.5641418109375 0.9420597 0.49972496718750004 0.851260596875 0.36741650625 0.70334495625 0.1514143859375 0.606802946875 0.004018085937500001 0.5912731578125 0 0.48681909531249995 0
0 0.8832241838505984 0.1568423212126419 0.07734623920022692 0.06806020401018138
0 0.9949525828124999 0.13290306875 0.976353390625 0.099633390625 0.9040036734375001 0.0809140515625 0.9909663390624999 0.24705413906249998 0.9949525828124999 0.13290306875
0 0.429190878125 0 0.5668665671875 0.2593775984375 0.6812834703124999 0.45583088906249997 0.8132751359375 0.6949168421875 0.8968354625 0.8304325 0.9192540031249999 0.7561813640625 0.7022429875 0.39233816718750003 0.5659577828125 0.17934251875 0.455425775 0 0.429190878125 0
0 0.3498859015625 0 0.40127016718749997 0.0841388984375 0.50216145 0.2897887140625 0.5828457640625 0.47932873125000003 0.6861403828125 0.671092528125 0.86602026875 0.9324937015625 0.8970726828125001 0.8296468203125 0.8408174796875001 0.7401284578125 0.684140715625 0.48195956406249996 0.617752409375 0.357781509375 0.427585721875 0.014776684374999998 0.41813065937499994 0 0.3498859015625 0
0 0.28521345781249996 0 0.3249896203125 0.0698433 0.372879821875 0.1366419453125 0.414072384375 0.24341943906250002 0.47178295625000005 0.37260755 0.558836359375 0.5529139062499999 0.662182734375 0.7029793390625 0.779138878125 0.89102255625 0.8369915859375 0.98985438125 0.8487427249999999 0.98971764375 0.858600353125 0.9570687671875 0.7197257625 0.7378163109375 0.5786873671875 0.5108975046875 0.4863329328125 0.2947603984375 0.4262207546875 0.179461475 0.37030817968749996 0.056179349999999996 0.3315609515625 0 0.28521345781249996 0
0 0.24010217968749997 0 0.263617503125 0.03582739375 0.329453953125 0.13810225625 0.44274855156250004 0.421317678125 0.5174852859375 0.5712333828125 0.5971628671875 0.6988498265625 0.6764269890625 0.8100396671875 0.7313757703125 0.89498695625 0.761414415625 0.908199759375 0.8106496765625 0.9901608968750001 0.83334208125 0.989896846875 0.7596689296875 0.8605928875 0.6460799140625 0.696998490625 0.5669509359375 0.5912871171875 0.45069558593750003 0.36533974687500004 0.38435979531250003 0.19946080625 0.3434415328125 0.103635846875 0.277499765625 0 0.24010217968749997 0
0 0.43019802812499996 0.40356258437500003 0.33277662812500003 0.4236943796875 0.33157017187500004 0.4632822015625 0.40081496093749996 0.6135914546875 0.470069325 0.6986110828125 0.580199978125 0.8558726218749999 0.637390878125 0.767295003125 0.5600631484374999 0.6674877359375 0.43019802812499996 0.40356258437500003
0 0.1159277859375 0 0.075649765625 0.13340247656249998 0.1446209125 0.20453606249999998 0.195388475 0.166889825 0.26745887343749997 0.254452559375 0.2924725171875 0.24279031562500003 0.1865431984375 0.07754874218749999 0.1999821765625 0.0211772640625 0.19163762499999998 0 0.1159277859375 0
0 0.301615678125 0.4972437046875 0.3276456296875 0.482215415625 0.26283526562500004 0.3112930921875 0.239524165625 0.34697346875 0.301615678125 0.4972437046875
0 0.9311333718775481 0.4397633618714605 0.05637897477225664 0.04907384667409058
0 0.94309520245492 0.2537622272040514 0.03406746515360979 0.036319308004454334
0 0.8845287343060854 0.2536627772120056 0.04673115626060209 0.04115225867281787