0 0.437464284375 0 0.330784915625 0.1388494609375 0.1567974984375 0.3566408484375 0.05002461406249999 0.4900418 0 0.5661930765625 0 0.6017425015625 0.02560185625 0.7323165656249999 0.338657275 0.2904449234375 0.5589114375 0 0.437464284375 0
0 0.14669594764709357 0.14105814504225683 0.0761727621748646 0.06893314437666671
0 0 0.2699347390625 0.0267345234375 0.23195188125000002 0.1336102578125 0.063324846875 0.0577992984375 0.0811373953125 0 0.1673854359375 0 0.2699347390625
0 0.59169630625 0 0.46796073125 0.16980064374999998 0.3061598640625 0.3847313875 0.03304573125 0.7702816718750001 0.047901845312500003 0.8460505125 0.1605474640625 0.6915318796875 0.3207565765625 0.44989944687500005 0.458479671875 0.2514600859375 0.61974386875 0 0.59169630625 0
0 0.6299739921875 0 0.626714540625 0.0043296609375 0.3960494265625 0.350973440625 0.3150490890625 0.47651274531250004 0.1276170125 0.7371789765625001 0.047698996874999997 0.8450159484374999 0.0681760890625 0.9494527984375001 0.29279504375 0.6694869156250001 0.41867012187499997 0.4756347859375 0.5212407781249999 0.2836487171875 0.6461481015625 0.0755830609375 0.7007923515625001 0 0.6299739921875 0
0 0.7189920109375 0 0.680723378125 0.0476026640625 0.6105060078125 0.17241453125 0.5368574749999999 0.28900464531250003 0.41953848281250006 0.5079248328125 0.25140039999999997 0.73697935 0.0733109296875 0.9756414109374999 0.0776529171875 0.9977863375 0.101243665625 0.99723725625 0.1744136125 0.8922662828125001 0.3138283671875 0.70245468125 0.435299640625 0.551156575 0.54338109375 0.368707046875 0.6160639734375 0.2379002046875 0.6695002015625 0.12966872499999998 0.725496446875 0.06235505 0.767950271875 0 0.7189920109375 0
0 0.7753618921875 0 0.7030603796875 0.096511153125 0.651074565625 0.193570484375 0.5656709296875 0.361666403125 0.4229200265625 0.5901716265625 0.3308954796875 0.6966384609375 0.197528853125 0.8615601484375001 0.10518059843750001 0.9971456234374999 0.12902250312500002 0.996590696875 0.1906600390625 0.9101117390625 0.22271724218750003 0.897163896875 0.287854240625 0.811455471875 0.3806021828125 0.6994002781249999 0.47552756093750004 0.570589146875 0.5677956281250001 0.418933528125 0.7136466609375 0.1319335578125 0.7917430484375 0.028736574999999997 0.81386191875 0 0.7753618921875 0
0 0.4218027484375 0.6680570734375 0.33224683125 0.7685309078125 0.3811253484375 0.8599443171875001 0.5102869578125 0.7014236109375 0.5900260687500001 0.6158965296875001 0.6767333859375 0.4637413375 0.679733609375 0.4233205203125 0.5824971328124999 0.40103835312499997 0.4218027484375 0.6680570734375
0 0.865720759375 0 0.8582287875000001 0.014921210937500002 0.8659142375 0.0726879078125 0.7401858953125 0.2394271640625 0.7644580750000001 0.2517746296875 0.8473418671875 0.16370254374999998 0.89511078125 0.2030260015625 0.940655640625 0.1613393140625 0.909021596875 0 0.865720759375 0
0 0.7830683374999999 0.34669031875 0.7631000625000001 0.3098627609375 0.678713625 0.48313264843750003 0.703662875 0.49893328906249995 0.7830683374999999 0.34669031875
0 0.06826739001918133 0.42870492182774295 0.053943206168510206 0.04811149810013902
0 0.07548737500164764 0.23877025284979161 0.03187729139585782 0.03666485182361114
0 0.1340402146932221 0.23975021818052072 0.04448638555165916 0.043205792553055566