0 0.45013499218749997 0.727089678125 0.0183331359375 0.3936197703125 0.0241011046875 0.5174603875 0.027462540624999997 0.5463015390625 0.119516703125 0.6226968562499999 0.2598317375 0.718487978125 0.4886013671875 0.8749772 0.65066605625 0.9904063093750001 0.7987686484375 0.9791516781249999 0.7881790953125 0.9710861234375001 0.45013499218749997 0.727089678125
0 0.31517589122798517 0.9281057775201464 0.07151543507002263 0.059774975799503235
0 0.06415262031249999 0.8611028046874999 0.2333432828125 0.99891341875 0.316777696875 0.9984280109375 0.175747053125 0.877460875 0.05513367500000001 0.7837201625 0.06415262031249999 0.8611028046874999
0 0.1620823546875 0.39590888281250003 0.01323395 0.28413821562499997 0.016632139062500002 0.3570986875 0.391196140625 0.646405396875 0.6076897046874999 0.8038301640625001 0.837189196875 0.9762320171875001 0.8738166453125 0.97344861875 0.8293562953125001 0.94489106875 0.574120646875 0.7283131375 0.3851592203125 0.5794442015625 0.1620823546875 0.39590888281250003
0 0.6231552765624999 0.6784577281249999 0.46906074062499997 0.5251640625 0.292580453125 0.3771191140625 0.0085562609375 0.18370634375 0.0132784546875 0.28509375000000003 0.1174450625 0.36204208125 0.37176787031249997 0.55562346875 0.48557319843749996 0.651654 0.8063749953125001 0.914701278125 0.885903809375 0.9725300906250001 0.9691428515625 0.966204578125 0.8030271234375 0.8404379171875 0.6231552765624999 0.6784577281249999
0 1 0.92439141875 0.8813261046875001 0.8291651124999999 0.8085394406249999 0.781469346875 0.725777609375 0.6937251484375 0.6181677375 0.5901259953125 0.46179662187500004 0.447650728125 0.3023069453125 0.33912109375 0.1143702703125 0.199044559375 0.00528459375 0.1134623484375 0.0074071234375000005 0.159033921875 0.2334122078125 0.324840878125 0.46011033125 0.49390803437499997 0.6361587828124999 0.6685992890625 0.7403741593750001 0.7582607625 0.843862709375 0.8568504062500001 1 0.9629518406249999 1 0.92439141875
0 1 0.8744634515625 0.9535224828125 0.84142196875 0.8491919484375 0.7659595593749999 0.6258417828125 0.534540728125 0.49358894375 0.41684615 0.3657553546875 0.3218816578125 0.2450271265625 0.24234264374999998 0.1581193484375 0.179751878125 0.1241869859375 0.17700777343750002 0.0039445140625 0.08469029375 0.005079653125 0.10906220468750001 0.1452992265625 0.22153523281249998 0.3200466859375 0.33954813125 0.43840780312499994 0.413941665625 0.641168096875 0.5901506078125001 0.7719643453125 0.7256990859375 0.849989940625 0.803157803125 1 0.912775196875 1 0.8744634515625
0 0.6450187484375001 0.5472764031249999 0.72933041875 0.49651533593749997 0.71429909375 0.45862359374999995 0.5871021078124999 0.3387696890625 0.486576215625 0.280764034375 0.3177016578125 0.1676248765625 0.29957398749999997 0.2701337015625 0.4138114609375 0.3395205640625 0.6450187484375001 0.5472764031249999
0 1 0.6440383656249999 0.9976129531250001 0.642904071875 0.9647738796875001 0.695078984375 0.860533875 0.63558045 0.841539678125 0.6547644140625 1 0.7697988484375 1 0.6440383656249999
0 0.7288740406249999 0.41670954687500006 0.7102899921875 0.43941257968749997 0.841698215625 0.5802345921875001 0.849260346875 0.5388534640625 0.7288740406249999 0.41670954687500006
0 0.15494890487683627 0.6758443616327102 0.05189213978475227 0.04091589149054773
0 0.21964075930111573 0.8567671087058439 0.02809076674922295 0.032967036104353295
0 0.27423621401584547 0.8376944009585175 0.04080909057054054 0.037727258976990544