0 0.737229540625 1 0.4282258703125 0.75386326875 0.018914325000000003 0.40609814999999994 0.023694365624999998 0.5087275390625 0.02783374375 0.5595505890625 0.1094229421875 0.63383390625 0.242969646875 0.7347372953125 0.46069358437499996 0.8995523390625 0.588403159375 1 0.737229540625 1
0 0.28975851426351446 0.9417955823846785 0.06660961124870504 0.05580571509696384
0 0.27872536718749996 1 0.1555701625 0.88424228125 0.04669896875 0.7911767125 0.0528757578125 0.867014975 0.20159362500000003 1 0.27872536718749996 1
0 0.80920186875 1 0.7905544359375 0.9866974078125 0.5490725296875001 0.7620731265625 0.369902753125 0.6069075749999999 0.1586506796875 0.416169390625 0.0138032125 0.29636050625 0.0172080625 0.369463990625 0.3735078609375 0.6722287734375 0.5792305359375 0.8372563515625 0.77590925 1 0.80920186875 1
0 0.9077729296875001 1 0.76844115 0.8838445875 0.5985805125 0.7164706921875 0.45355733593750003 0.5589862546875 0.2865288328125 0.40532724375000007 0.009139975 0.196238925 0.0138499859375 0.29736474375 0.11628214218749999 0.3807767078125 0.357657378125 0.5830334015624999 0.46534846874999997 0.6826675890625 0.7691756375 0.956099509375 0.823902803125 1 0.9077729296875001 1
0 0.984329209375 1 0.8451681265625 0.8773403296875 0.7758244984375 0.8269335999999999 0.6981191296875 0.7370988046875 0.59672655 0.6304709234375 0.44911514218750004 0.4833557328125 0.29730673125 0.3690048078125 0.1188366015625 0.22242946406250003 0.0058194218749999995 0.124945309375 0.0079701609375 0.1711225609375 0.230619521875 0.35124503125 0.44589524062499997 0.52814839375 0.6115949984375 0.7076405671875 0.7101526640625 0.8005510328125001 0.8076975281250001 0.9020842421875 0.9378573625 1 0.984329209375 1
0 1 0.9599478906250001 0.9151434234375 0.89332364375 0.8159897921875 0.8141854531250001 0.6061023750000001 0.5769655421875 0.48116259375 0.45526365 0.3597573734375 0.355869378125 0.24475455156249998 0.2718464734375 0.162149965625 0.2061857828125 0.1291587546875 0.20160095312499998 0.0044836359375 0.0962654609375 0.0056049875 0.12034133124999999 0.148226775 0.24600628593749999 0.31458876406249997 0.370423996875 0.4274588890625 0.4493196453125 0.6191514921875 0.6317975578125 0.7420628859375 0.770742409375 0.8155007062499999 0.8503278953125 1 0.9990233843749999 1 0.9599478906250001
0 0.6243664421874999 0.5904104593749999 0.7083010515625 0.54592728125 0.6949359937499999 0.5083056859374999 0.57499931875 0.3847947453125 0.478960628125 0.322812115625 0.31815880625 0.2034565390625 0.296992071875 0.3019045234375 0.40601211406250004 0.375708125 0.6243664421874999 0.5904104593749999
0 1 0.7221353578125 0.9648948781250001 0.703178825 0.9310988531250001 0.751949434375 0.8314896875000001 0.6883077453124999 0.8123164984375 0.7058480546875 0.9721027328125 0.83382384375 0.98014874375 0.8904649093750001 1 0.9131151125000001 1 0.7221353578125
0 0.7105746234375 0.46845775156249997 0.6916814578125 0.48943620625 0.8150098984374999 0.6335331640625 0.8237927484374999 0.59380516875 0.7105746234375 0.46845775156249997
0 0.1421043025194714 0.687860284495999 0.05018409057054059 0.038345479707460585
0 0.19883810772953914 0.8668307642034595 0.02809076674922304 0.033276150162155814
0 0.2527250870513747 0.8505978380667214 0.03910104135632882 0.03502956493480802