0 0.7046875 0.7054775978047416 0.053125 0.05872433664159917
0 0.6453125 0.583962162734719 0.0328125 0.02809076674922295
0 0.59765625 0.6356487872179905 0.0296875 0.024820217535011225
0 0.74921875 0.6473954241072587 0.0296875 0.024820217535011225
0 0.4484375 0.7326050622393812 0.0265625 0.0371746683207995
0 0.615625 0.7575794451997078 0.0453125 0.048985463606069854
0 0.12578125 0.7949208558720215 0.0546875 0.04629711124870504
0 0.30078125 0.4093216118678775 0.0578125 0.04331766046291676
0 0.64296875 0.24791550082406033 0.0171875 0.021113020678164496
0 0.43828125 0.639944527293193 0.0359375 0.026673815963434676
0 0.4515625 0.7765006114535928 0.046875 0.04749573821317572
0 0.0328125 0.328090766749223 0.0265625 0.030924668320799587
0 0.29140625 0.4565412142252424 0.0453125 0.04586046360606986
0 0.83046875 0.3418047036767632 0.0265625 0.03717466832079959