0 0.7662822647199066 0.4232251606447659 0.06326361600890866 0.06817167984777565
0 0.6887305240690422 0.536416227336949 0.03789998933799978 0.03590300790866543
0 0.6458066800604518 0.4714159684397005 0.03312158267027243 0.02789950692008212
0 0.8046004247294516 0.49506566855343126 0.0363011266709087 0.03271434091247105
0 0.5028641073758617 0.33362285528410807 0.031722714672181594 0.04189833992388783
0 0.6802896733768161 0.3478803093521715 0.0537613466740904 0.05685217787060939
0 0.17324823802513517 0.19212778608328587 0.06313634667409058 0.05723417984777566
0 0.3041293520846325 0.6355342292769344 0.06464430267345422 0.052610346843970035
0 0.6404775741167674 0.885845882964437 0.01900453866963616 0.022639003954332538
0 0.4789822593889065 0.42869793334499784 0.04098862667090888 0.03290534190105419
0 0.5117118487030438 0.2886923572612744 0.05530566534054504 0.055353344866803676
0 0.018582750755859533 0.6574769189733607 0.022293170671545227 0.03682883794672147
0 0.3011856180776328 0.5838762287826429 0.052162484006999674 0.05366351087441501
0 0.849143502108495 0.8334397604544854 0.036428396005727136 0.043651840912470874