0 0.6480303458182058 0.3397872670702181 0.05835101087441501 0.05188975292686617
0 0.5169912514456938 0.3913810624461497 0.029462006920082117 0.032976126463433175
0 0.56710665657889 0.44637308947531673 0.02302100593149916 0.028252265027114733
0 0.5899751066926207 0.2878747882456528 0.024710839923887916 0.031386355386194255
0 0.6588272884803817 0.6117895320973327 0.036956171939110403 0.02520907825883114
0 0.6963949085560563 0.43774804409938534 0.04865767589344294 0.04402271077238851
0 0.7025693823214212 0.9574383753832787 0.044415844866803764 0.05493293969514994
0 0.31047867730195566 0.7418254482793566 0.04141817885919252 0.05803975897699054
0 0.1639763393924152 0.36744709611461623 0.019386669961943916 0.01573408430895542
0 0.5610437044879929 0.6143463846548567 0.02490184091247105 0.03607385538619425
0 0.7057022884803817 0.6120622428697213 0.0456600098858317 0.047129530054229284
0 0.35915625783430327 0.7553930445903646 0.043970175893442945 0.04399543969514959
0 0.274868712928131 0.177422059813871 0.03864600593149907 0.028343168617910842