0 0.6491496419080497 0.646742027711987 0.05223520934118149 0.06021406203449331
0 0.6037655112587761 0.5208002659251626 0.033139764003817976 0.029653266749222952
0 0.5484962085853219 0.5733473771738676 0.028397720003181703 0.02474744292790554
0 0.7029473512492311 0.5864551910703878 0.031540901336727246 0.026455492142117086
0 0.3818257819064589 0.6709052355270886 0.026980670671545238 0.0371746683207995
0 0.5509388612349136 0.698946690656103 0.045839758672817865 0.04742296360606986
0 0.04146386390041367 0.7312649625726125 0.055178396005727014 0.044734611248705036
0 0.2693739719525931 0.336483193756475 0.05826703333863605 0.04175516046291676
0 0.6405960859723194 0.17395949917593967 0.015843176002545433 0.019477746071058545
0 0.383716093252731 0.5755563482235356 0.03622840133672715 0.026673815963434676
0 0.37972693256686824 0.7170717601341944 0.045839758672817865 0.04742296360606986
0 0.011180758633047 0.2470012785360473 0.012827264003818006 0.028707196856846907
0 0.253194441279457 0.38486718982753354 0.04580339600572696 0.04429796360606986
0 0.8237256646244564 0.2724033455374485 0.028579533338636054 0.04037244292790545