0 0.68359375 0.3234375 0.05234375 0.04765625
0 0.56484375 0.37265625 0.025 0.0296875
0 0.61328125 0.42265625 0.0203125 0.0265625
0 0.628125 0.2765625 0.021875 0.028125
0 0.70390625 0.57421875 0.0328125 0.0234375
0 0.73203125 0.4140625 0.0421875 0.040625
0 0.75703125 0.8921875 0.0390625 0.05
0 0.38828125 0.6953125 0.0359375 0.053125
0 0.23984375 0.35234375 0.0171875 0.0140625
0 0.6140625 0.57734375 0.021875 0.0328125
0 0.746875 0.57421875 0.040625 0.0421875
0 0.303125 0.95 0.028125 0.025
0 0.43359375 0.7078125 0.0390625 0.040625
0 0.334375 0.1765625 0.034375 0.025