0 0.3244122452754946 0.30415869127527556 0.05643353847458741 0.052547111248705036
0 0.44660719300590906 0.3524612965281245 0.027708337748947896 0.034049668320799496
0 0.3967907314804965 0.40486285856261783 0.024419646641955416 0.02921661910658795
0 0.3813963660567343 0.2553358935088059 0.024419646641955416 0.02921661910658786
0 0.30437259690425866 0.559411271506734 0.03686508293962447 0.028236315963434677
0 0.2752059081595188 0.3964403906133218 0.046785719962933126 0.04429796360606986
0 0.2500422832867458 0.88590530500518 0.043988102176918176 0.05352741439185813
0 0.6263071390070432 0.680575526264245 0.04097222958157989 0.0565068651776464
0 0.7775570926430895 0.3284393298216828 0.01767857332097762 0.014863020678164496
0 0.3952431335647475 0.5622215942945943 0.024637901451278844 0.03546661910658777
0 0.26056803320192784 0.5598864605056979 0.04376984736759475 0.04727741439185813
0 0.7135715591474614 0.9386555459089522 0.03061508293962447 0.027945217535011578
0 0.5798140849233591 0.6936962644774207 0.04366071996293304 0.04415241439185813
0 0.6813293894703794 0.1498113697302696 0.03686508293962447 0.028236315963434722