0 0.3145635115110732 0.35105123329091104 0.058176114363184796 0.0631727093411815
0 0.38478562880112416 0.4689921639481388 0.034556807181592396 0.031649989337999784
0 0.4313197403356385 0.4098529739417754 0.031395445745273774 0.025363626670908877
0 0.27275780659241716 0.4171671292966381 0.034538626463433086 0.028524989337999785
0 0.5774993278660477 0.2886126785885036 0.02990566861791084 0.03784544533736352
0 0.4032442164297293 0.2843898972788207 0.05029998184962743 0.05214430267345431
0 0.9081448189872532 0.1808519858768693 0.05809430113146803 0.04911020934118149
0 0.7559071707592102 0.6037456878978683 0.06120112041330898 0.04602157200827239
0 0.41415652887587895 0.8171114906110934 0.01886817466803503 0.020530676002545434
0 0.5952367945903646 0.3829439339195037 0.03766362646343317 0.02856135200509069
0 0.5709811622731991 0.2425916539226854 0.051853391490547907 0.05059998400699968
0 0.7618708244482022 0.5544542125636865 0.048719301131468204 0.04900112133990877
0 0.2121622368195971 0.7452381326384558 0.031486349336070064 0.04098862667090888