0 0.2588542109375 0.33820560781250003 0.27905096875 0.320825334375 0.2781415734375 0.29478366875 0.297974571875 0.2669867265625 0.2967923578125 0.23313256093749998 0.3072999640625 0.23616117343749998 0.3274967203125 0.21878090156250002 0.559267553125 0.2282248390625 0.5841270078125 0.1954317890625 0.5828538546875001 0.15897345624999998 0.5982060359375 0.151797625 0.5959325484375 0.0866934578125 0.5568700484375 0.085101784375 0.5380952437500001 0.06873400156250001 0.40614993125 0.0633576421875 0.3655836671875 0.043501465625 0.35786210625 0.045787296875 0.360920971875 0.0589142421875 0.30372024375 0.059183953125 0.30262897031249997 0.027933953125 0.27804487187500004 0.011329460937499999 0.09147135468749999 0.003727171875 0.091236771875 0.006318074999999999 0.076157409375 0.0213064046875 0.0025081703125 0.07182459687500001 0.006638584375000001 0.1901041671875 0.0326802515625 0.191165284375 0.06717099374999999 0.2107739015625 0.1234954046875 0.2598772453125 0.2588542109375 0.33820560781250003
0 1 0.29582839375000003 0.94107971875 0.21517741875000002 0.8879960515624999 0.184409353125 0.7453373046875 0.045972934375 0.746883275 0.0902437671875 0.7289269265625 0.0973134859375 0.748826084375 0.220345990625 0.73365578125 0.23273015312499998 0.6943204625 0.22332597812500002 0.6564070984375 0.1801737484375 0.5850942640625 0.1486629 0.5538442640625 0.1473895609375 0.51021000625 0.1638148296875 0.39599043125 0.16956258125 0.3590774 0.15505618593749998 0.3620205421875 0.313804240625 0.381613803125 0.35360952343749996 0.7502646328125 0.6338779328124999 0.7829696640625 0.6768179375 0.8090113296875 0.6778790546875 0.8176422859375 0.7016348890625 0.868576484375 0.7453176781249999 0.908184621875 0.7625343531250001 0.962872121875 0.7647626984375 1 0.6507224 1 0.29582839375000003
0 0.166195484375 0.3656355875 0.07226360468750001 0.3566072359375 0.0345651984375 0.3940780609375 0.0225447 0.422193334375 0.0327216265625 0.49022000312499997 0.0890460375 0.539323346875 0.1257771890625 0.5486214109375 0.1980572796875 0.5333633718749999 0.23015051718750001 0.409848934375 0.20589456093749997 0.3854564296875 0.166195484375 0.3656355875
0 0.9631993921875001 1 0.9719908531250001 0.8769540875 0.9471892609375001 0.8369365828124999 0.8939237140625 0.8009601828124999 0.8704862140625 0.800005178125 0.8682458046875 0.8103157328125 0.8450811234375 0.8171732281249999 0.797842365625 0.8048465515625001 0.7569941546875001 0.826586265625 0.746395609375 0.8209534859375 0.7392196859375 0.838864315625 0.7473380828125 0.9224098734374999 0.7560599781249999 0.948769875 0.772139675 0.962427378125 0.7646909328125 0.972525709375 0.76565035625 1 0.9631993921875001 1
0 0.550289434375 0.641332334375 0.5492891 0.6126864999999999 0.518551659375 0.5516234390625 0.49950403593750003 0.5274431578125001 0.4236194453125 0.5139492515625 0.42598387187500003 0.5816575859374999 0.4342510703125 0.5949967546875 0.42925769375 0.6754075859374999 0.4710153015625 0.6797095390625 0.49408904375 0.670247878125 0.53082019375 0.679545940625 0.550289434375 0.641332334375
0 0.17256125 0.5479272546875 0.1439154171875 0.5467600265625 0.136466675 0.5568583578124999 0.1355903578125 0.6062314125 0.1533069671875 0.666763915625 0.1819528015625 0.66793114375 0.21662542187499997 0.6927480953125 0.2732805125 0.6768533859375 0.263012646875 0.6062225515625 0.24387408437500002 0.579438103125 0.17256125 0.5479272546875
0 0.500967365625 0.792749821875 0.5101439578125 0.8321306578125001 0.498123459375 0.86024593125 0.50209171875 0.8994145437500001 0.63248193125 0.9099284609374999 0.6383847015625 0.8555592953125 0.6113427 0.8258523453125 0.5528688203125001 0.789663721875 0.5134425625000001 0.77765538125 0.500967365625 0.792749821875
0 0.28700408125 0.8464425546875001 0.337028884375 0.8640836765625 0.380935959375 0.8554709062500001 0.378389653125 0.782554240625 0.3639137890625 0.740357015625 0.3163112734375 0.7176136734375 0.27007285 0.733932828125 0.26453383750000004 0.7987186609375 0.28700408125 0.8464425546875001
0 0.3940725140625 0.71038035625 0.4040344828125 0.6977839703125001 0.3886740046875 0.48131979999999996 0.3622685796875 0.46984201875 0.328505353125 0.4710667328125 0.31315317187499997 0.4782425625 0.3086723546875 0.49886367343750004 0.319907475 0.5227256203125 0.31821270468749996 0.5486611734375 0.300711053125 0.5687517265625 0.3196677375 0.590327840625 0.3080109953125 0.6288597828125 0.3940725140625 0.71038035625
0 0.5602844828125 0.70415066875 0.5584078328125 0.724877890625 0.578546728125 0.780308171875 0.5919313203125001 0.791255396875 0.65739924375 0.8043248546875 0.6857722609375 0.7976795828125 0.688343346875 0.7223709734375 0.6608466484375 0.6796431890625 0.579753725 0.6659370625000001 0.5602844828125 0.70415066875
0 0.7620590093749999 1 0.7532739328125 0.9434554296875 0.7106978703125 0.9157159765625 0.6671545546875 0.9347454125000001 0.67560363125 0.9532929125 0.6589204343749999 0.996820965625 0.6605870125 1 0.7620590093749999 1
0 0.8014137890624999 0.758183775 0.78433375625 0.7158804375 0.73933540625 0.69324320625 0.713293740625 0.692182090625 0.7009094828125 0.7098806984375 0.69194785 0.7511229171875 0.7098463374999999 0.8168637546875 0.7233218671875 0.830415146875 0.7883350953125 0.830463771875 0.7879713374999999 0.8200471046875 0.8033235187500001 0.812871275 0.8014137890624999 0.758183775
0 1 0.9471614015625001 0.9795636140624999 0.9448746437500001 0.9720239328125 0.952368809375 0.960367190625 0.9909007515624999 0.967059675 1 1 1 1 0.9471614015625001
0 0.508655846875 0.71504926875 0.4662616640625 0.6925181499999999 0.3825976515625 0.7541206296875 0.3858383953125 0.772455909375 0.3656416390625 0.7898361828125 0.39286551875 0.8247514656250001 0.5000001109375 0.8395187109375 0.51247530625 0.82442426875 0.510929334375 0.7801534359375 0.525372121875 0.7469359390625 0.508655846875 0.71504926875
0 0.540823540625 0.9660042734375001 0.5240163265625 0.9315134359374999 0.45224879375000004 0.88698175625 0.424330478125 0.9066478609375 0.4235451 0.9586250812499999 0.44519688906250005 0.9829114750000001 0.5339204343749999 0.9917276062499999 0.540823540625 0.9660042734375001
0 0.21253314531249998 0.5755605953125 0.3091601296875 0.5872992265625 0.31515384062499996 0.5355342296875001 0.28253974843749996 0.49519838906249997 0.2167990046875 0.47431643125 0.195965671875 0.47346753750000004 0.1859127625 0.4834597578125 0.1963625078125 0.559298925 0.21253314531249998 0.5755605953125
0 0.0535797421875 0.34284361875 0.10251327031249999 0.329234740625 0.125041375 0.3041480796875 0.1164104203125 0.2803922453125 0.08452384375000001 0.2608897375 0.04815645 0.2620083421875 0.027959693749999997 0.27938861406250004 0.0295966046875 0.32626361406250004 0.0535797421875 0.34284361875