0 0.288077490625 0.2758905859375 0.310817425 0.2506468546875 0.313529428125 0.21757567656250001 0.32354339374999996 0.22148940156250002 0.345448865625 0.20642141718749998 0.5729013187499999 0.2368991828125 0.6011697765624999 0.2072524734375 0.6040903937500001 0.171637359375 0.6200501125 0.16606022812500001 0.6252655 0.102461809375 0.5869308171875 0.09732510625 0.5702929921875 0.0796643578125 0.4408061 0.0623136046875 0.4030806953125 0.0392553125 0.39520514218749997 0.0407719078125 0.3967177125 0.053834039062500005 0.3402848953125 0.0488441453125 0.34278828125 0.018316901562499998 0.3397668625 0.0158248953125 0.09550953906250001 0.004448428125 0.039127646875 0.034955799999999995 0.0298005140625 0.1486943921875 0.057912615625 0.1524613078125 0.089675696875 0.1747206734375 0.139589175 0.22770291875 0.2640858640625 0.3163979375 0.28599133593750004 0.301329953125 0.288077490625 0.2758905859375
0 1 0.34364728125 0.95087598125 0.2592555609375 0.9020578421875 0.22442331875 0.7772480203125001 0.0765328609375 0.77370155625 0.1197797875 0.755186190625 0.12501446875 0.760715134375 0.2466341796875 0.744338184375 0.257299184375 0.7066293484374999 0.244530671875 0.674188159375 0.1990334265625 0.6074805015625 0.1618040578125 0.5768127546875 0.1576946953125 0.531906471875 0.1696806578125 0.41862360781249996 0.1647887453125 0.383887646875 0.14727480625 0.3686064546875 0.3021125046875 0.383366740625 0.34266868437500003 0.714767040625 0.6494078984375 0.7420969390625001 0.69422025 0.7676533937500001 0.6976447171875 0.773442790625 0.7215674890625 0.81866220625 0.76877696875 0.8557451984375 0.7891772890625 0.9094137531250001 0.796368671875 1 0.60008811875 1 0.34364728125
0 0.16957923749999998 0.3345970921875 0.0779932296875 0.317181134375 0.0365293140625 0.3502034828125 0.021456315625 0.3764745546875 0.0236992484375 0.443644253125 0.073612725 0.4966264984375 0.108765915625 0.5090525640625 0.1817843 0.5008335171875 0.2275768828125 0.3835188046875 0.2064536109375 0.357541353125 0.16957923749999998 0.3345970921875
0 0.8876585218749999 1 0.9055545781250001 0.9064428484375 0.8856830015625 0.8652017750000001 0.837282090625 0.8252816624999999 0.8142812812500001 0.8221996390624999 0.8108911750000001 0.832032940625 0.78726451875 0.8365827296875 0.7420973609375 0.8202429406249999 0.6993294921875 0.8376592234375 0.6895241421875 0.8312015625000001 0.6803968968749999 0.8479817781250001 0.678832490625 0.93007265 0.684413271875 0.956539359375 0.69870406875 0.9713137234375001 0.69020266875 0.98046213125 0.688600465625 1 0.8876585218749999 1
0 0.5167306421875 0.6383031140625001 0.5190254125 0.6103198109375 0.49571146875 0.548042346875 0.479699490625 0.522749790625 0.40642023125 0.502643084375 0.400996228125 0.5687854437500001 0.40762008749999995 0.5825324671875001 0.3934860703125 0.6603671671875 0.4341677828125 0.6683902515625 0.458003053125 0.6612965265625 0.4931562453125 0.67372259375 0.5167306421875 0.6383031140625001
0 0.15497615 0.51267266875 0.12686405 0.50890575625 0.1183626515625 0.5180541625 0.11184331249999999 0.566046515625 0.1223790296875 0.6266117421875 0.1504911296875 0.63037865625 0.18183698125 0.6577258968749999 0.239521490625 0.6474521703125 0.2374871734375 0.5777385328125 0.22168380937499998 0.5499020390625 0.15497615 0.51267266875
0 0.4507537703125 0.7812040046875001 0.45529147343750004 0.8203903968749999 0.440218475 0.84666146875 0.4396448890625 0.8851629640625 0.5670099343749999 0.90737318125 0.579057796875 0.8549778484375 0.5557961109375 0.8235700734375 0.5022839125 0.7829650671875 0.46478369218750004 0.767652615625 0.4507537703125 0.7812040046875001
0 0.23362841875 0.8138354 0.280933990625 0.8356055109374999 0.3252144265625 0.8312513609375 0.33105566249999996 0.7600211296875 0.32161528281249996 0.7176059046875001 0.2772825859375 0.6910903703125 0.22982065937499999 0.7027338859375 0.21693833437499999 0.765304965625 0.23362841875 0.8138354
0 0.354786415625 0.6911880265625 0.366052075 0.67983813125 0.3757002265625 0.467664034375 0.3509782328125 0.4540638203125 0.3175462265625 0.45215594687499994 0.30158650625 0.45773307656249995 0.294806290625 0.4773996796875 0.3031513328125 0.501664896875 0.2985095328125 0.52676181875 0.2789510890625 0.5447161859375 0.29517168437499997 0.5674648062500001 0.279264221875 0.6039116250000001 0.354786415625 0.6911880265625
0 0.51939080625 0.7003849390625 0.5151662359375 0.7203939859374999 0.5286748296875 0.7762137874999999 0.5406185953125 0.78810176875 0.6036752703125 0.8068386859375 0.63241321875 0.8029737906250001 0.6435743578124999 0.7298845171874999 0.6213557515625 0.685757059375 0.542965203125 0.6649654609375 0.51939080625 0.7003849390625
0 0.6841877937499999 1 0.6822748562500001 0.9511090375 0.643470684375 0.9201905203124999 0.5983557859374999 0.9347204203125001 0.6045624140625 0.95355531875 0.58312643125 0.994405115625 0.58532965 1 0.6841877937499999 1
0 0.7509637312499999 0.7751369703125001 0.73896770625 0.7323793015625 0.69719065625 0.7062062109375 0.6716342015625 0.70278174375 0.6573956640625 0.7188770671875 0.643835234375 0.75821026875 0.6539537203125 0.8238633703125 0.66568886875 0.8382952875 0.7297886234375001 0.8443125203124999 0.730623084375 0.8341367734375 0.7465828046875 0.8285596453125 0.7509637312499999 0.7751369703125001
0 0.967643078125 1 0.9685965640624999 0.9883728234375001 0.9408122875 0.9806082921874999 0.905241865625 0.9732701 0.8969490812500001 0.9798745703125 0.8881652015625001 1 0.967643078125 1
0 0.46723481875 0.7062556875 0.4280134140625 0.68042504375 0.338461721875 0.7327227187500001 0.339557059375 0.7508727234375 0.3176515875 0.76594070625 0.340496040625 0.8024363515624999 0.444443046875 0.8266524203125 0.4584729671875 0.8131010328125001 0.46201943125 0.7698541078125001 0.48006530625000005 0.738837609375 0.46723481875 0.7062556875
0 0.47020853906250004 0.9535556406250001 0.45758666718749996 0.9184297828125001 0.391922084375 0.868480728125 0.36214105937499996 0.8850653093749999 0.3554131046875 0.9356015984375 0.3739807296875 0.9612366031249999 0.4604554453125 0.9779676687500001 0.47020853906250004 0.9535556406250001
0 0.191224678125 0.543248740625 0.2851577171875 0.5635510828125 0.2969969640625 0.5136996859375 0.26945845 0.4714312734375 0.20702762031250002 0.44506254375000004 0.1865824578125 0.4423229703125 0.1755254125 0.45112892968749996 0.17714249843750002 0.5259304390625 0.191224678125 0.543248740625
0 0.0611467890625 0.3020643234375 0.11095574687500001 0.2933071921875 0.1360427125 0.27094984375000003 0.130253315625 0.24702707343750002 0.1010458765625 0.225110153125 0.06505822343749999 0.22285983437499998 0.0431527515625 0.23792781875000002 0.039397671875 0.28371868125 0.0611467890625 0.3020643234375