0 0.7580688265625 0.7917927390624999 0.73375614375 0.809668778125 0.7336307703125 0.821050715625 0.6988746375 0.8139905015625001 0.663867759375 0.8296941671875 0.637132271875 0.8242632328124999 0.6128195875 0.8421392703125001 0.648099565625 0.9802955921875001 0.8686209296875 0.9738790749999999 0.969946921875 0.581493284375 0.9680897249999999 0.577788859375 0.9785856781250001 0.5371431906249999 0.911746959375 0.5235658578125 0.8995279328124999 0.538194846875 0.8620982500000001 0.5305915406249999 0.8203448124999999 0.5506284390625 0.7580688265625 0.7917927390624999
0 0.4095280375 0.2019546828125 0.43149078750000003 0.21497165625 0.424493484375 0.24206876875 0.4588735046875 0.283274796875 0.6350127125 0.7126104671875 0.6702178328125 0.7397248453125 0.8340040390624999 0.7701438281249999 0.8304325171875 0.729492403125 0.8719148406249999 0.6124374828125 0.9025250953124999 0.5701740421875 0.9109218578125 0.5376575078125 0.900405534375 0.4585212796875 0.8674249765625 0.41189582968750005 0.869900284375 0.3696208796875 0.8874664093750001 0.35607807812500003 0.9877883421875 0.3905904421875 0.9916130078125001 0.25914519999999996 0.9680286203125 0.21844316406250003 0.9526141875 0.1582749125 0.8526516828125 0.04385785625 0.6520613656250001 0.0031107937499999998 0.389195125 0.0409725109375 0.374500790625 0.097876446875 0.3800461328125 0.141780675 0.4095280375 0.2019546828125
0 0.545465734375 0.98328193125 0.5555467171874999 0.9331717546875 0.547327828125 0.888724434375 0.5295634609375 0.8594491921875 0.39143689843749996 0.8713166703124999 0.353129609375 0.9433869312500001 0.351734515625 0.974473903125 0.41393516874999997 0.9871090796875001 0.545465734375 0.98328193125
0 0.10151352031250001 0 0.051803109375 0.1925040046875 0.053193818749999996 0.19801490156249998 0.11201189062500001 0.2099629546875 0.124805278125 0.2040061953125 0.133974640625 0.222979928125 0.15861093906249998 0.23653999531249997 0.24276503749999997 0.259338403125 0.2635790703125 0.25501092187499996 0.26103089218750003 0.2430858921875 0.2962885140625 0.20461835156250002 0.2981894625 0.1536711734375 0.31250768125 0.13091305312499998 0.32390160625000003 0.130375715625 0.3301991796875 0.1059883140625 0.309437646875 0.044733876562500004 0.2756319875 0.012200076562499999 0.14452932031250001 0 0.10151352031250001 0
0 0.32448456875 0.563975559375 0.3159624359375 0.6078740328125 0.4009416375 0.6165807921875001 0.4122101921875 0.6274253921875 0.48172245937499997 0.6415458171874999 0.4913204390625 0.5607918187500001 0.47215661249999996 0.5369360000000001 0.41836202343749995 0.49463802812499996 0.3889529859375 0.48866400312499997 0.3432519140625 0.50219529375 0.3414763375 0.5417605296875 0.32448456875 0.563975559375
0 0.24681451875 0.8647535062499999 0.2391174875 0.8945603312499999 0.2964107265625 0.9233097453125 0.347907884375 0.9309188078125 0.3607012703125 0.924962046875 0.368398303125 0.8951552234375001 0.35788198125 0.8160189921875001 0.33604460468749997 0.7916200812499999 0.265957978125 0.7688274265625 0.231849071875 0.824639421875 0.24681451875 0.8647535062499999
0 0.1456075453125 0.50482443125 0.17851523125 0.4972499 0.21651927343750002 0.5135254328125 0.2360592171875 0.5032354359375 0.23586097499999997 0.4604173953125 0.21649890468750002 0.3937435359375 0.1940871703125 0.36067239687499997 0.13584345625 0.3573965703125 0.10620404531250001 0.49396831875 0.1456075453125 0.50482443125
0 0.136802534375 0.756850596875 0.20574044531250002 0.762298796875 0.23705042812500002 0.717325646875 0.22825718281250001 0.6642060984375 0.1889790515625 0.6419680484375 0.11411968750000001 0.6267614359375 0.091530078125 0.6706541546875 0.094276496875 0.7253972281250001 0.136802534375 0.756850596875
0 0.326551628125 0.7412102421875 0.3701535109375 0.7358080859375 0.38664378906249997 0.7591208125 0.41293028906250007 0.7444975796875 0.44036550781250006 0.7472188015625 0.4616285265625 0.762945484375 0.484416378125 0.7618708109375001 0.4966354046875 0.7472418234375 0.5084054453125 0.7125586687500001 0.504708553125 0.6832891828125 0.28490319531249997 0.6300833046875 0.2687365296875 0.6382066828124999 0.326551628125 0.7412102421875
0 0.253552471875 0.43549265468750004 0.30479888593750004 0.4658655953125 0.32688700625 0.4675006296875 0.37258807968749996 0.4539693390625 0.3835855203125 0.36779591875 0.347806040625 0.3320093125 0.2688736671875 0.32167902812500004 0.25315598906250003 0.349856571875 0.24635692812499999 0.4197717265625 0.253552471875 0.43549265468750004
0 0.1042623578125 0.30535169687499997 0.120878009375 0.317282484375 0.1541618125 0.2755621390625 0.1386220078125 0.226775825 0.053193818749999996 0.19801490156249998 0.0500537828125 0.199278284375 0.026029714062499997 0.29231170156249997 0.05391391875 0.3150870890625 0.1042623578125 0.30535169687499997
0 0.26675410624999996 0.2100262625 0.2465873046875 0.27722595 0.256456396875 0.2934899734375 0.319096734375 0.3233255734375 0.3646724375 0.3211762234375 0.386885928125 0.31142931875 0.39388323125 0.28433220625 0.38439025312499997 0.23392236875 0.34581185468750003 0.20897460781250002 0.2896673296875 0.197569646875 0.277448303125 0.21219863593750002 0.26675410624999996 0.2100262625
0 0.149700921875 0.61973 0.1774597546875 0.653887325 0.20177243906250003 0.6360112875 0.21978755 0.6425226515625 0.30971736562499996 0.5666795140625001 0.29952465781250004 0.5189793875000001 0.27164045468750003 0.4962040015625 0.2326859390625 0.5054020546875 0.187235609375 0.49616946874999995 0.167695665625 0.5064594640625 0.149700921875 0.61973
0 0.07451794375000001 0.5730872828125 0.1036033671875 0.5476252046875 0.0797193 0.46577350937500006 0.0491615484375 0.4424550296875 0.020326868749999998 0.44515322968750004 0.0018831390625 0.538369596875 0.0203472375 0.5649351265625 0.07451794375000001 0.5730872828125
0 0.36400167968749997 0.8685954484374999 0.43943540312499996 0.8924742875 0.45292851875 0.8838078171875001 0.45852635937499997 0.8621301265625 0.4573047734375 0.7905856921875001 0.42559830468750004 0.7499227578125 0.37002813749999997 0.747190025 0.3521587671875 0.8490786218749999 0.36400167968749997 0.8685954484374999