0 0.095 0 0.0925 0.02 0.0775 0.034999999999999996 0 0.09 0 0.2 0.03 0.2 0.0625 0.21749999999999997 0.11499999999999999 0.2625 0.2425 0.3325 0.2625 0.315 0.2625 0.29 0.28250000000000003 0.2625 0.28250000000000003 0.22999999999999998 0.2925 0.2325 0.3125 0.215 0.5349999999999999 0.215 0.5599999999999999 0.1825 0.5599999999999999 0.14750000000000002 0.575 0.13999999999999999 0.575 0.0775 0.5375 0.0775 0.52 0.0625 0.3933325 0.0625 0.355 0.045 0.34750000000000003 0.0475 0.35 0.06 0.29500000000000004 0.0625 0.29500000000000004 0.0325 0.24500000000000002 0 0.095 0
0 0.735 0.6375 0.76 0.6375 0.7675 0.6599999999999999 0.8150000000000001 0.7 0.8525 0.7150000000000001 0.905 0.7150000000000001 0.9974999999999999 0.45499999999999996 0.9974999999999999 0.32 0.9025000000000001 0.1875 0.8525 0.16 0.72 0.0325 0.72 0.075 0.7025 0.08249999999999999 0.7175 0.2 0.7025 0.2125 0.665 0.205 0.63 0.16499999999999998 0.5625 0.1375 0.5325 0.1375 0.49000000000000005 0.155 0.38 0.16499999999999998 0.34500000000000003 0.1525 0.34249999999999997 0.305 0.36 0.34249999999999997 0.705 0.5974999999999999 0.735 0.6375
0 0.1075 0.54 0.1775 0.5225 0.2125 0.4025 0.19 0.38 0.1525 0.3625 0.0625 0.35750000000000004 0.025 0.395 0.0125 0.4225 0.02 0.4875 0.0725 0.5325 0.1075 0.54
0 0.7150000000000001 0.9125 0.7075 0.9225 0.7075 0.9775 0.735 0.9925 0.7725 0.9949999999999999 0.8925000000000001 0.9875 0.9099999999999999 0.8225 0.8875 0.7849999999999999 0.8375 0.7525000000000001 0.8150000000000001 0.7525000000000001 0.8125 0.7625 0.79 0.77 0.745 0.76 0.705 0.7825 0.6950000000000001 0.7775000000000001 0.6875 0.795 0.6925 0.875 0.7 0.9 0.7150000000000001 0.9125
0 0.43499999999999994 0.6525000000000001 0.4575 0.6425 0.4925 0.65 0.5125 0.6125 0.5125 0.585 0.485 0.5275000000000001 0.46749999999999997 0.505 0.395 0.495 0.395 0.5599999999999999 0.4025 0.5725 0.395 0.65 0.43499999999999994 0.6525000000000001
0 0.19 0.675 0.24500000000000002 0.6575 0.2375 0.5900000000000001 0.22000000000000003 0.5650000000000001 0.1525 0.5375 0.125 0.5375 0.11750000000000001 0.5475 0.11499999999999999 0.595 0.13 0.6525000000000001 0.1575 0.6525000000000001 0.19 0.675
0 0.5825 0.8675 0.5900000000000001 0.8150000000000001 0.5650000000000001 0.7875 0.51 0.755 0.4725 0.745 0.45999999999999996 0.76 0.46749999999999997 0.7975 0.45499999999999996 0.825 0.4575 0.8625 0.5825 0.8675
0 0.34249999999999997 0.825 0.34249999999999997 0.755 0.32999999999999996 0.7150000000000001 0.28500000000000003 0.6950000000000001 0.24 0.7125 0.2325 0.775 0.2525 0.82 0.3 0.835 0.34249999999999997 0.825
0 0.2925 0.5725 0.27999999999999997 0.61 0.36 0.6849999999999999 0.37 0.6725 0.3625 0.465 0.3375 0.45499999999999996 0.305 0.4575 0.29 0.465 0.28500000000000003 0.485 0.29500000000000004 0.5075000000000001 0.2925 0.5325 0.275 0.5525 0.2925 0.5725
0 0.61 0.765 0.6375 0.7575000000000001 0.6425 0.6849999999999999 0.6174999999999999 0.645 0.54 0.635 0.52 0.6725 0.5175 0.6925 0.5349999999999999 0.745 0.5475 0.755 0.61 0.765
0 0.635 0.9925 0.6975 0.9925 0.7075 0.9775 0.6975 0.8949999999999999 0.6575 0.8699999999999999 0.615 0.89 0.6224999999999999 0.9075 0.605 0.95 0.62 0.9800000000000001 0.635 0.9925
0 0.735 0.7849999999999999 0.735 0.775 0.75 0.7675 0.75 0.7150000000000001 0.735 0.675 0.6925 0.655 0.6675 0.655 0.655 0.6725 0.645 0.7125 0.6599999999999999 0.775 0.6725 0.7875 0.735 0.7849999999999999
0 0.9974999999999999 0.9974999999999999 0.9974999999999999 0.9075 0.985 0.8949999999999999 0.95 0.89 0.915 0.8875 0.9075 0.8949999999999999 0.8949999999999999 0.9324999999999999 0.9275 0.9775 0.9574999999999999 0.9974999999999999 0.9974999999999999 0.9974999999999999
0 0.4575 0.805 0.47000000000000003 0.79 0.47000000000000003 0.7474999999999999 0.485 0.7150000000000001 0.47000000000000003 0.6849999999999999 0.43 0.665 0.34750000000000003 0.7275 0.35 0.745 0.32999999999999996 0.7625 0.355 0.795 0.4575 0.805
0 0.4925 0.925 0.47750000000000004 0.8925000000000001 0.41 0.8525 0.3825 0.8724999999999999 0.38 0.9225 0.4 0.945 0.485 0.95 0.4925 0.925
0 0.29 0.52 0.26 0.48250000000000004 0.1975 0.465 0.1775 0.465 0.1675 0.475 0.175 0.5475 0.19 0.5625 0.28250000000000003 0.5700000000000001 0.29 0.52
0 0.11499999999999999 0.305 0.1075 0.28250000000000003 0.0775 0.265 0.042499999999999996 0.26749999999999996 0.0225 0.28500000000000003 0.0225 0.32999999999999996 0.045 0.34500000000000003 0.0925 0.32999999999999996 0.11499999999999999 0.305