0 0.9213052796874999 1 0.9257289609375 0.996713259375 0.94115435625 0.9972182609375 0.96177499375 0.8375616562499999 0.939453353125 0.7905036421875 0.9090909937499999 0.7857119124999999 0.9187848734375 0.7306459453125 0.931110234375 0.73516365 0.9346172968750001 0.7279995125000001 0.9218986812500001 0.6865475609375 0.9383969703125 0.5588085078125 0.9254951421875001 0.5387646015625001 0.9303794703125 0.5009473671875 0.8671245531249999 0.49096459843750007 0.8575802296875 0.5048935578125 0.822157475 0.49930320781250004 0.7860086984375 0.5193236578125 0.7570283437499999 0.7437059109375 0.7367119890625 0.7610799296875 0.7379396984375 0.7715638359375 0.705047140625 0.7663727953125 0.67461 0.7821495703125 0.6493080328125 0.7781564609375 0.6289916796874999 0.7955304765625 0.6832304703125 0.9352897734375001 0.7219359515625 0.9954214953125 0.7236708468749999 1 0.9213052796874999 1
0 0.8245163468750001 0.7209137453125 0.816424071875 0.68362110625 0.8408722234375 0.574287796875 0.8641191750000001 0.534223440625 0.868026640625 0.503969653125 0.8489862671875 0.4315062140625 0.8130618265624999 0.38982115781250004 0.810355565625 0.350805990625 0.8249602796875 0.33767565 0.9419257968749999 0.37157015000000004 0.9517957406249999 0.3551200390625 0.9948090859375001 0.3619083234375 0.883027015625 0.20792258125 0.861707290625 0.15310718437499998 0.759200515625 0.0546085484375 0.5587247109375 0.0229698453125 0.3281613921875 0.0663314640625 0.3213233328125 0.11927559218749999 0.3316201828125 0.1594886890625 0.3659165125 0.21377949218749998 0.38771141875000004 0.224936734375 0.3844552 0.250148225 0.4210308828125 0.286790984375 0.634175125 0.675439234375 0.6698487234375 0.6990769390625 0.8245163468750001 0.7209137453125
0 0.543986040625 1 0.5802449296875001 0.9730600921875 0.5869069265625 0.8815001078125 0.57407988125 0.8408877 0.5542387062499999 0.8146035640625 0.42823055312499997 0.83073273125 0.4014017609375 0.8985297250000001 0.40443364375 0.9350237437500001 0.44313912499999997 0.9951554640625 0.46063462031249996 1 0.543986040625 1
0 0.257518453125 0.173519478125 0.2680396390625 0.1520270703125 0.27848605000000004 0.1511031640625 0.28141664843749997 0.128412825 0.255036528125 0.0727988046875 0.2200141734375 0.0441188046875 0.0533065671875 0.035544251562500004 0.030966926562500004 0.2085103484375 0.0367665953125 0.22357459999999998 0.092430925 0.2323594359375 0.103528578125 0.2263932328125 0.11422582968749999 0.24351668124999998 0.1385509328125 0.255073234375 0.2188659859375 0.2728934765625 0.237554228125 0.2681252046875 0.23379632187500002 0.2572419890625 0.2617780453125 0.220497403125 0.257518453125 0.173519478125
0 0.3301993828125 0.55029023125 0.327519628125 0.591027925 0.40693259375 0.5958431125 0.4186067109375 0.6054031125 0.484391828125 0.6157851937500001 0.4837140796875 0.54107463125 0.4632216609375 0.5198327921875 0.408608978125 0.4829160078125 0.3807768125 0.4785235890625 0.340218884375 0.4927031171875 0.34325076718749997 0.529197134375 0.3301993828125 0.55029023125
0 0.2940553453125 0.8301377625 0.2904735046875 0.8578704015625 0.3467142984375 0.8821814421875 0.395113659375 0.887247196875 0.4062113125 0.8812809937500001 0.40979315312500003 0.8535483546875 0.39075278125 0.7810849171875 0.3677301671875 0.7594437671875001 0.3003917203125 0.7410989296875 0.2755166609375 0.7937690296875 0.2940553453125 0.8301377625
0 0.15822078125 0.5025685984375 0.18768105625 0.49435527187500006 0.22465714062500003 0.5079083796874999 0.24146643124999997 0.4976985 0.23622997343750002 0.4582840234375 0.21050110000000002 0.39762770625 0.185925153125 0.3680238 0.13181415624999998 0.3672017203125 0.12059345156250001 0.49405778749999996 0.15822078125 0.5025685984375
0 0.1798443609375 0.7349370671875 0.24407614843749997 0.737356390625 0.26764872031250003 0.694770884375 0.2532683421875 0.64619571875 0.214413303125 0.6272010015625 0.14356779375 0.6160203 0.1279114328125 0.6572825890625 0.1369057953125 0.7075802828125 0.1798443609375 0.7349370671875
0 0.35302416718749996 0.7133897484375 0.392605228125 0.706773665625 0.41056745 0.7276161937500001 0.4330883765625 0.7131626375 0.45871596718749996 0.7146345968750001 0.4801852484375 0.7283129890625 0.5010780687499999 0.726465178125 0.510622390625 0.7125362156249999 0.517385671875 0.680160590625 0.5105211046875 0.6533518578125 0.30149163749999996 0.61264561875 0.287538165625 0.620733659375 0.35302416718749996 0.7133897484375
0 0.24960698125 0.43466977656249994 0.30046175937499997 0.46070334375 0.32102895625 0.4613766828125 0.3615868828125 0.447197153125 0.3615603765625 0.36744429218749997 0.324333446875 0.33584383125 0.250306496875 0.329306115625 0.2391340640625 0.355840821875 0.2411143046875 0.4204667890625 0.24960698125 0.43466977656249994
0 0.02283963125 0.31141550156250003 0.0512482609375 0.3313341234375 0.096540959375 0.320474365625 0.1132754703125 0.3308329859375 0.13905261875 0.29116794218750003 0.11896060156249999 0.24683644999999999 0.0367665953125 0.22357459999999998 0.028524760937499997 0.227418965625 0.018560728125000002 0.3045661234375 0.02283963125 0.31141550156250003
0 0.23517358906250002 0.22658889062499998 0.22450284375 0.289218303125 0.23552571718749998 0.3038206015625 0.2968269046875 0.3289302625 0.33861254218750003 0.3252346390625 0.35795202812500004 0.315424071875 0.3612082484375 0.29021258125 0.3465022484375 0.2441585640625 0.30797283124999997 0.2226426984375 0.254838696875 0.2142571734375 0.24529437656250003 0.22818613281250003 0.23517358906250002 0.22658889062499998
0 0.1548803015625 0.028694426562499997 0.1562009796875 0.0054546578125 0.06603376718750001 0.00230595 0.1067317828125 0.0416760234375 0.1463128453125 0.035059940625 0.1548803015625 0.028694426562499997
0 0.1755582640625 0.608206284375 0.2051946015625 0.6386088125 0.22551095625 0.6212347968749999 0.24289671093749998 0.6265511218750001 0.3168971546875 0.5533359765625 0.30186553125 0.5098031078124999 0.273456903125 0.489884484375 0.23861061249999999 0.4998203390625 0.19559726718749998 0.49303205625 0.1787879765625 0.5032419359375 0.1755582640625 0.608206284375
0 0.10070400625 0.5680950124999999 0.12452742187500002 0.5435568609375 0.09283606562499999 0.4690968671875 0.0618972375 0.44877893437500005 0.03561840625 0.452349271875 0.029607653125 0.5388669578124999 0.04977445 0.562629946875 0.10070400625 0.5680950124999999
0 0.40260296406249996 0.8292607734375 0.47500180312499996 0.8484042328125 0.4864250796875 0.8399168796875 0.48903005468750005 0.8197476874999999 0.4794592265625 0.7539237890625 0.44541373906250004 0.7176803406250001 0.3938329375 0.717257571875 0.389375515625 0.8117380140625 0.40260296406249996 0.8292607734375
0 0.6702718062499999 1 0.67581594375 0.9727076968749999 0.6620120296875001 0.9396587343749999 0.640217125 0.928501490625 0.611984559375 0.947198725 0.5906165609375 0.9927046890625 0.5941791484375 1 0.6702718062499999 1