0 1 0.049698251562500004 0.991012765625 0.033435090625000004 0.8723135453124999 0.021631845312500002 0.86960666875 0.04484025 0.8476843374999999 0.0765723796875 0.795050696875 0.12611958125 0.7076621375000001 0.25046938750000003 0.7232684265625 0.272890203125 0.749000425 0.2754489484375 0.7748995125 0.2988932609375 0.8083511140624999 0.30221963125 0.8045748578125 0.312278603125 0.82018114375 0.3346994171875 0.793413153125 0.5642047546875 0.8238571125 0.5933182390625 0.8598819125 0.59690048125 0.8657969281250001 0.6131403765625 0.9301269265625001 0.6195372390625 0.9346383859375 0.580856565625 0.9521829343749999 0.56434083125 0.9674217390625 0.4336852484375 0.9900457515625 0.39593698437499997 0.9883748421874999 0.387944975 0.9752080812499999 0.38924431406250004 0.9792516875 0.332256784375 1 0.3343199609375 1 0.049698251562500004
0 0.788066228125 0.69932125625 0.8334481234375 0.6673132875000001 0.8698739484375 0.60050269375 0.8734831156249999 0.5695581515625 0.8605837031249999 0.5239289328125001 0.8635245171875001 0.409442121875 0.8806012109375001 0.3746195328125 0.7239367796875 0.35643247499999997 0.6832334343750001 0.37064533593750004 0.3792616203125 0.700408340625 0.3344812546875 0.7272588875 0.3314736140625 0.7530460015625 0.3074125234375 0.7584792671875 0.26052681093749996 0.80338079375 0.2405761515625 0.840526221875 0.234260109375 0.8946791671875 0.42142449375 0.9837231828125 0.47523652656250004 0.9890741578125001 0.71189823125 0.983565796875 0.7775060546875 0.9460899859375 0.8118265328125001 0.897330371875 0.9590002171875 0.7737082562500001 0.9152558171875 0.7693583890625 0.9096415671875 0.7505397828125 0.7868965859375 0.75398595 0.7758351703125 0.73723430625 0.788066228125 0.69932125625
0 0.6876112421875 0.15456527343749998 0.7035851421875 0.062243404687500004 0.669498603125 0.0197246125 0.642697225 0.0040164328125 0.574891734375 0.0050998296875 0.5222580921875 0.054647032812499996 0.5103277984375 0.0899813734375 0.5199188078125 0.16397642031249998 0.6392217078125 0.2123603609375 0.66508738125 0.19145482656249999 0.6876112421875 0.15456527343749998
0 0.18884482656249998 0.6814736234375001 0.19519428125 0.671670525 0.178084175 0.66214326875 0.09514024843749999 0.6591127046875 0.06850595781249999 0.6642900953125 0.053835375 0.67848299375 0.0444448671875 0.669723359375 0.003872865625 0.6656889500000001 0.0050281015625 0.8642571609375 0.123010984375 0.8888339843749999 0.16431585937499998 0.8694636984375 0.20378273593750001 0.8212158328125 0.20648961093749998 0.798007428125 0.1964975765625 0.7944052171875 0.19148485312500002 0.770429190625 0.207191403125 0.7250358796875 0.18884482656249998 0.6814736234375001
0 0.38698124375 0.500312296875 0.4152864421875 0.503126915625 0.47777844218750004 0.48064620312499995 0.503042590625 0.46489809062500004 0.52205754375 0.391138953125 0.45515434531250004 0.3844862140625 0.44138605625 0.3909429765625 0.36251915 0.37527473125 0.3551337265625 0.4162782421875 0.3627196515625 0.4405101453125 0.35078935625 0.47584448437500004 0.38698124375 0.500312296875
0 0.5074872484374999 0.13665405625 0.51079565 0.10828822812500001 0.5014051421875 0.0995285953125 0.4528151078125 0.09208826718749999 0.39182692812500003 0.101675421875 0.38851852343750004 0.13004125 0.3614497921875 0.1612616296875 0.3728453875 0.21978440781250003 0.443224075 0.2189568859375 0.471061421875 0.20346465 0.5074872484374999 0.13665405625
0 0.241478490625 0.431062753125 0.20197820156250001 0.43496077031249997 0.175176821875 0.41925259062500003 0.1362780578125 0.41799318437500005 0.11609346093749999 0.5464170171875 0.16922836875 0.5595265171875 0.20054120625 0.536554021875 0.2406096125 0.483148734375 0.2554138703125 0.44549155625000003 0.241478490625 0.431062753125
0 0.2046851 0.21088869843750002 0.183531384375 0.258348971875 0.1887111984375 0.3032105671875 0.2607607953125 0.31037505468750004 0.303435815625 0.3015754890625 0.3294351640625 0.25720567656250004 0.3168365171875 0.20899774531249998 0.253408809375 0.194864746875 0.2046851 0.21088869843750002
0 0.3307050453125 0.335590521875 0.3423679890625 0.3471847421875 0.5568458734374999 0.36068619687500003 0.5701463140625 0.33592257812500004 0.5714830453124999 0.3021434515625 0.5655680281250001 0.2859035578125 0.5455839578125 0.2786991390625 0.5212221031250001 0.2867111140625 0.4957908671875 0.28157365625 0.47731061406249997 0.261475678125 0.4546196703125 0.2774796640625 0.41752548906250003 0.2607479890625 0.3307050453125 0.335590521875
0 0.32432215468750003 0.5019074421874999 0.3040373171875 0.4972817328125 0.24789477187500003 0.50995935 0.23609815312500002 0.5218294078125 0.21828625468750001 0.5852737015625 0.22269745156249998 0.6144071531249999 0.296718721875 0.6269849390625 0.34089755781250003 0.605291815625 0.360514040625 0.526375253125 0.32432215468750003 0.5019074421874999
0 0.073953121875 0.6622231328125 0.10449734375 0.6235224921875 0.0890247296875 0.5776373984375 0.07011004062500001 0.5835824109375001 0.0284709890625 0.5611815625000001 0.0033203812499999997 0.570725128125 0.0038615609375 0.6637459203125 0.073953121875 0.6622231328125
0 0.2529074734375 0.73479904375 0.2958832546875 0.7234207671874999 0.32158184218749997 0.6816296671875001 0.32458948125 0.65584255 0.3080809015625 0.6411578703124999 0.268112759375 0.6267490296875 0.2019781765625 0.6358244359375 0.18760835781250002 0.647438621875 0.182662459375 0.7121622875 0.1929552578125 0.7131857859374999 0.198870275 0.7294256781249999 0.2529074734375 0.73479904375
0 0.042707090625 0.9460641796875 0.0487223640625 0.9231847562500001 0.0555062578125 0.88733866875 0.0486889515625 0.8788349109375 0.0115947734375 0.8621032328125 0.0050375328125 0.865878434375 0.0054825046875 0.9423626328125 0.042707090625 0.9460641796875
0 0.3174714328125 0.4490538359375 0.34286925468749996 0.40984144687499996 0.28846446718749996 0.3183470984375 0.270151303125 0.31913468749999996 0.254545015625 0.296713871875 0.218085778125 0.3191746203125 0.19546165625 0.4238783 0.2093970359375 0.438307103125 0.253141434375 0.44265697187499997 0.2847884515625 0.4614556109375 0.3174714328125 0.4490538359375
0 0.067737365625 0.4476982828125 0.1029935484375 0.43555238437500005 0.15228537343749998 0.37002116093750004 0.1350081765625 0.33960833749999997 0.08384494218750001 0.331912134375 0.058280031249999996 0.35023895625 0.0429076578125 0.4374034046875 0.067737365625 0.4476982828125
0 0.4772437890625 0.172775984375 0.4583959234375 0.26742069218750003 0.5089576296875 0.28027431875 0.551164796875 0.253167896875 0.57669629375 0.190491228125 0.5791024046875 0.169861534375 0.5700126625 0.158523190625 0.494487571875 0.1588389625 0.4772437890625 0.172775984375
0 0.7185564906249999 0.0454717953125 0.7282811734375 0.09600256406249999 0.7513062984375 0.12176971406249999 0.775367390625 0.11633645156250001 0.79698895625 0.0871830328125 0.7986264515625 0.0508251953125 0.7830201640625 0.02840438125 0.736702565625 0.023798639062499998 0.7185564906249999 0.0454717953125