0 1 0.08714161249999999 0.8104110078125 0.0505788359375 0.8056233640625001 0.08174160312499999 0.7484380875000001 0.06803942187499999 0.7530504031249999 0.055559720312500005 0.7455969765625 0.0514484640625 0.7026705828125 0.06188686718750001 0.5700514453125 0.036310889062500004 0.549335365625 0.0483587734375 0.510073378125 0.040786987499999997 0.5000991203125 0.10570942187500001 0.5146070046875 0.11652882812500001 0.5090214203125 0.152885390625 0.530009465625 0.1916929125 0.7629639187499999 0.236618840625 0.7811108531250001 0.25883540625 0.791979684375 0.2582576515625 0.786793071875 0.2920173171875 0.8033441265624999 0.324621471875 0.7993544234375001 0.3505904453125 0.8175013578125 0.3728070125 0.9621632796874999 0.325837959375 1 0.303833196875 1 0.08714161249999999
0 0.312409371875 0 0.2063686625 0.0704533859375 0.1496306734375 0.08892354375 0.060760795312500004 0.17620521875 0.02243751875 0.42565142656250005 0.0628304875 0.636364090625 0.11779726718750001 0.6469645890625 0.159453075 0.6389549921875 0.2155684484375 0.6069955625000001 0.227011578125 0.5851378453125 0.2531862359375 0.5901857015624999 0.290979346875 0.5546927734375 0.6928845875 0.35946967500000004 0.7171914015625 0.324049715625 0.7389111203125001 0.1651341921875 0.7002717484375001 0.17105167968749999 0.5866991359375 0.13845351875 0.544995009375 0.11169388124999999 0.513585421875 0.105636453125 0.4385251734375 0.12057310937500001 0.39549712812500004 0.1550564671875 0.35503823125 0.1552753734375 0.3413282890625 0.139262171875 0.375784684375 0.0202367125 0.358659334375 0.008912521875 0.36002859531250003 0 0.312409371875 0
0 1 0.434851609375 0.90694248125 0.422142065625 0.8648877046875001 0.43274856093749997 0.83773978125 0.4515775671875 0.8552337296875001 0.5832956375 0.9257299781249999 0.61560791875 0.9635714109375 0.6148842265625001 1 0.5936983953125 1 0.434851609375
0 0.26145555 0.7468631734375 0.2231668296875 0.7154145265625 0.174456565625 0.7167159734374999 0.1520962828125 0.7043822093750001 0.1510747 0.6934898359375 0.12751750781249999 0.6889467640625 0.06998157968749999 0.712610715625 0.040439834375 0.747021103125 0.035147954687499997 0.86259260625 0.03716800625 0.91216819375 0.2277184046875 0.948916378125 0.23649575 0.8917846375 0.23023923281249997 0.8798826906249999 0.24793888125 0.8699269203125001 0.2597809796875 0.845472303125 0.27778295937499997 0.763381159375 0.2727233546875 0.7436885234374999 0.26145555 0.7468631734375
0 0.5648883031249999 0.6663413703125001 0.607166725 0.67182104375 0.61168240625 0.5898028703125 0.6215296546875 0.578332740625 0.63190288125 0.5108134093750001 0.55440049375 0.5065622140625 0.5324875015625 0.5264007890625 0.49451906250000005 0.5805767859375 0.49013039062499997 0.60914265625 0.5050855624999999 0.6521344015625 0.54292699375 0.651410709375 0.5648883031249999 0.6663413703125001
0 0.8554270015625001 0.7223725828124999 0.8842191265625001 0.727925225 0.9091002375 0.6712253015625 0.9140632046875 0.6213794671875 0.9078066890625 0.6094775203125 0.8790145640624999 0.6039248781250001 0.8039543171875 0.618861534375 0.7816423546875 0.6412970078125 0.7630177609375 0.7098988765625001 0.8178092156250001 0.7391824437500001 0.8554270015625001 0.7223725828124999
0 0.5164196296875 0.8414889984375 0.507720975 0.8103992 0.5215579265625 0.772960096875 0.51086441875 0.7548547859375 0.4700065515625 0.7576705875 0.40723569218750005 0.7803249671875 0.3766723625 0.8038429812500001 0.3761463828125 0.8598921828125 0.5078176125 0.879937671875 0.5164196296875 0.8414889984375
0 0.7573534875 0.8344769796874999 0.7594753453124999 0.7680401906250001 0.71515375625 0.7407757671875 0.664847609375 0.7524648015625 0.6453767578125 0.7914912296875001 0.6342055906249999 0.8642043562499999 0.6771066265625 0.8831732999999999 0.7292322984374999 0.8771828453125 0.7573534875 0.8344769796874999
0 0.733953675 0.653490828125 0.7268509015625 0.612013440625 0.748364921875 0.5947717609375001 0.7332344234375 0.570463084375 0.7346066609374999 0.543989325 0.74866725625 0.522636390625 0.7466240859375 0.5008516421875 0.7321162015625 0.4900322359375 0.6984881171875 0.4808731234375 0.6707175796875 0.48621285625 0.6297506515625 0.700240975 0.6382256640625 0.71524460625 0.733953675 0.653490828125
0 0.4454277734375 0.7422351421875 0.47212840937499995 0.6912337984375 0.47270270625000005 0.6699538328125 0.45774753281249997 0.6269620890625001 0.3750102140625 0.621701321875 0.34245203125 0.658203821875 0.336116828125 0.7345234140625 0.363712040625 0.74786675 0.43074456562499996 0.7500988015625001 0.4454277734375 0.7422351421875
0 0.3385285953125 0.8767020437499999 0.297223440625 0.8473455078125 0.25135428593750003 0.865237909375 0.2277184046875 0.948916378125 0.320638440625 0.9668362703125 0.3394231734375 0.941046721875 0.32788340625 0.8933659687500001 0.3385285953125 0.8767020437499999
0 0.229646990625 0.74340264375 0.2946846640625 0.7586191828125 0.3097668453125 0.7481586250000001 0.33544589375 0.68626490625 0.33135955625 0.64269540625 0.3210650203125 0.621993196875 0.2948903625 0.616945340625 0.24720168125000003 0.6291391609375 0.2251133640625 0.667660803125 0.21673498750000003 0.7221956484375001 0.231242871875 0.733015053125 0.229646990625 0.74340264375
0 0.6259059046875 0.8305176578125 0.6572671734375 0.80180585 0.6391202421875 0.779589284375 0.6445304968750001 0.7619157890625 0.5681283828125 0.6803354265625 0.5230571703125 0.693034034375 0.5025647328125 0.7211680874999999 0.5130829140625 0.7579564671875 0.50630041875 0.8021037218749999 0.516993928125 0.8202090343749999 0.6259059046875 0.8305176578125
0 0.5847457046875 0.9054688328125 0.5591453421875 0.8791410109375001 0.4820902421875 0.9070621531249999 0.46119883437500003 0.9377931046875 0.465061528125 0.965276434375 0.55485330625 0.9772453546875 0.5793837625 0.957911565625 0.5847457046875 0.9054688328125
0 0.8538614921875001 0.6097693953125 0.8732840265625 0.53597373125 0.8644100437500001 0.5235669984375 0.84347031875 0.5195287125 0.7752408843749999 0.5250873515625 0.737846740625 0.5579833828125 0.7377197328125 0.6114356859375001 0.8357628765625 0.6223220656249999 0.8538614921875001 0.6097693953125
0 1 0.3363703453125 0.9668239140624999 0.34812749374999996 0.9553807843750001 0.3699852140625 0.9749482734375 0.40049725625 1 0.41381867968749997 1 0.3363703453125