0 0.642855646875 0.082594421875 0.5637877609374999 0.162131446875 0.5031695578125001 0.1664090359375 0.3931024078125 0.186279365625 0.25866323125 0.32709840625000003 0.2645739671875 0.3692638453125 0.590492878125 0.2359977921875 0.9859665484375 0.0570332859375 0.7614257156249999 0.0174892875 0.642855646875 0.082594421875
0 0.8358153439525827 0.812633820704271 0.07279551285158128 0.06339286660488845
0 0.7627996552075584 0.7103471236068286 0.095434516805914 0.08290675843752063
0 0.7573255880210835 0.7872097239696483 0.08899351581733086 0.0780010036281972
0 0.911576689313678 0.8671005766947207 0.09855951680591417 0.08301588584218215
0 0.930434118667162 0.9266839078202468 0.051782675893442945 0.04549603847458741
0 0.8004972678688592 0.848291067709046 0.05672484387822045 0.051909729581580064
0 0.8510211912908442 0.8786035610856242 0.035648339923887565 0.03245040145127902
0 0.9497332639145266 0.824302952285284 0.035521005931499164 0.029325401451279022
0 0.870352170036306 0.7770038555506613 0.07196784190105418 0.043080366604888454
0 0.6876895672608369 0.6910638994675443 0.09371019072219049 0.11717263103285873
0 0.6236469718997416 0.6361879157096131 0.08411501482874754 0.07314981252120453