0 1 0.1331490015625 0.9385928234375 0.2126275265625 0.701406153125 0.5101486734375 0.51865046875 0.7591481359375 0.555193278125 0.7755924859375 0.7073277578125 0.6958517484375 0.7465753953125 0.60503600625 0.7622312890625 0.5532367765624999 0.8487712374999999 0.5054603265625001 1 0.3453245796875 1 0.1331490015625
0 0.2334382887963712 0.1422840234657618 0.05016513605166182 0.062196163111827296
0 0.31174279671393 0.23341652865684645 0.06638116943775678 0.08341871572854576
0 0.2410438518076372 0.2160400418816133 0.06302884890464337 0.0754242052052021
0 0.1998923514119258 0.061557668232324836 0.06647209765100212 0.08654371572854583
0 0.15217626543940618 0.029921260382169364 0.03560253087881238 0.044189615756780674
0 0.19503501834240006 0.16266514192396558 0.04198892319868044 0.04924113680346807
0 0.1779097028238516 0.1101925893072471 0.02425585391920828 0.029490078925077733
0 0.2460399257059629 0.039287826082480305 0.022738818025830908 0.030961573663405885
0 0.2717960951437196 0.12034040500755802 0.03150606426490725 0.06422909997176514
0 0.31378868151195066 0.3037290286568465 0.10043792069139794 0.07448333148532651
0 0.35016410220334865 0.3744811444136272 0.05664245658477522 0.07037268415851469