0 0.5133325 0.725 0.55 0.7366675 0.6966675 0.6383325 0.7316675 0.5433325 0.745 0.49000000000000005 0.8283324999999999 0.4316675 0.9974999999999999 0.2205 0.9974999999999999 0 0.9800000000000001 0.0166675 0.905 0.13 0.6833325 0.45499999999999996 0.5133325 0.725
0 0.2078125 0.14921875 0.0453125 0.0546875
0 0.2875 0.2296875 0.05859375 0.0734375
0 0.21796875 0.22265625 0.0546875 0.06796875
0 0.17109375 0.0734375 0.05859375 0.0765625
0 0.12265625 0.04296875 0.03203125 0.053125
0 0.1703125 0.175 0.03671875 0.04296875
0 0.15078125 0.125 0.021875 0.0265625
0 0.21484375 0.04609375 0.0203125 0.028125
0 0.24453125 0.1234375 0.025 0.06015625
0 0.29296875 0.29921875 0.09140625 0.06171875
0 0.33203125 0.36484375 0.05 0.06328125