0 1 0.042700203125 0.874467734375 0.0225963640625 0.63263233125 0.15689259375 0.5559482109375 0.23244079687500002 0.49931002500000005 0.2374221734375 0.396010096875 0.25776739531250004 0.265412125 0.39143387500000004 0.26931824375 0.43070549218750004 0.5780242656250001 0.3009712890625 0.9532667734375 0.1274373796875 1 0.10658384218750001 1 0.042700203125
0 0.784375 0.8354551481248645 0.0640625 0.06116987336031983
0 0.7203125 0.7403750214851843 0.0859375 0.07794129353213641
0 0.71328125 0.8133997636832682 0.08125 0.07613313206674732
0 0.853125 0.8849771132991556 0.0890625 0.07966756784239593
0 0.87265625 0.9355160238600335 0.0609375 0.040693599050060314
0 0.75 0.8692879155377191 0.05 0.047932888964152195
0 0.796875 0.8965188008838265 0.0328125 0.028282130257724702
0 0.890625 0.8447305715760415 0.03125 0.026637743102595125
0 0.81796875 0.8016633242895749 0.0671875 0.04258364767057934
0 0.6515625 0.7236655563108935 0.08125 0.10894563206674697
0 0.59375 0.6743516310506943 0.075 0.06799308344622794