0 1 0.8098999203125 0.9957095062500001 0.808296165625 0.6013460359375 0.6545712484374999 0.277146825 0.541700203125 0.273789865625 0.58296440625 0.4123771828125 0.7129229921875 0.5204413375 0.72662230625 0.57957924375 0.72769133125 0.660901015625 0.8009345906249999 0.888331996875 0.910382 1 0.884601409375 1 0.8098999203125
0 0.8069717410143253 0.0821105070019401 0.06926092068857237 0.061721239200226805
0 0.7417410998146655 0.18529255990449775 0.09173612141421188 0.07967263103285882
0 0.7320907921027844 0.11053809656498662 0.08532243030721923 0.07476687622353535
0 0.8769370114327455 0.03241561888232321 0.09642362141421187 0.06483123776464642
0 0.7706150895630465 0.048963190304384355 0.054761911069925694 0.04873016587924909
0 0.8179885973675948 0.01680296553212783 0.03379464664195524 0.02927083774894797
0 0.916664199544513 0.06498251598761476 0.03535714664195524 0.02932540145127882
0 0.8432738287632734 0.11369532369949584 0.07011409255827132 0.04146330290255769
0 0.6705481460938012 0.2073337402117171 0.08663195916315977 0.1122668762235353
0 0.6107391256753811 0.2641765064537859 0.08041667549789597 0.06835318511654283