0 0.020886797451992373 0.225 0.025220175893442963 0.04375
0 0.03430731030357364 0.2859375 0.03083350593149905 0.028125
0 0.014234890835921315 0.27265625 0.0084783448668037 0.0546875
0 0.02418023520843343 0.325 0.023785009885831744 0.046875
0 0.03662849707143152 0.38125 0.04409750988583174 0.046875
0 0.13172743285070623 0.471875 0.0522920118629981 0.05625
0 0.13994054498053443 0.21328125 0.10037668479069155 0.0859375
0 0.05164334342110999 0.44296875 0.07043451680591398 0.0796875
0 0.16792894072219058 0.1140625 0.06144151878308031 0.0890625
0 0.09471959239534576 0.04296875 0.049392504942915874 0.0234375
0 0.255099971368269 0.259375 0.06230368182494202 0.071875
0 0.21094540615896049 0.3453125 0.06055018083635879 0.0671875
0 0.16950466406762593 0.3828125 0.07882001977166349 0.09375
0 0.09463860973273237 0.5203125 0.06899935079830274 0.0828125
0 0.2328442638773455 0.4609375 0.08963018577927473 0.090625
0 0.340009459542452 0.5984375 0.07923119665368965 0.1421875
0 0.21840371497965944 0.62421875 0.09957818874502422 0.1046875
0 0.08538562653864633 0.6 0.11775518577927471 0.090625
0 0.2655280657779621 0.70703125 0.16638368676785795 0.0953125
0 0.10200673524561447 0.7203125 0.11223469764227278 0.146875
0 0.07947788885875498 0.26328125 0.05098417984777566 0.0625
0 0.13979064775600353 0.30546875 0.06536501482874764 0.0703125
0 0.1603696749792219 0.8296875 0.06986151384016441 0.065625
0 0.4733750578692968 0.66953125 0.029271005931499162 0.028125
0 0.47106579996063136 0.63203125 0.032523339923887916 0.03125
0 0.46422418684222 0.8859375 0.0800350098858317 0.046875
0 0.2829595993897901 0.86640625 0.07748301285158128 0.0609375
0 0.2751816611018764 0.36875 0.07780134783255317 0.06875
0 0.8209756166528146 0.553125 0.0748673488211363 0.0734375
0 0.9033862100367436 0.60078125 0.09250051779449749 0.084375
0 0.6608339541052445 0.57265625 0.1383462114824372 0.2125
0 0.9439886468046014 0.69609375 0.06810801285158127 0.0609375
0 0.920572345929749 0.85 0.10279603064607841 0.1453125
0 0.8798134002646425 0.7125 0.06144151878308009 0.0890625
0 0.9525943256637938 0.75390625 0.07298651384016423 0.065625
0 0.8424911082870385 0.90859375 0.07518568380210837 0.08125
0 0.8264111690477229 0.8015625 0.07693918479069169 0.0859375
0 0.7312273671471061 0.55546875 0.07040002471457925 0.1171875
0 0.5259111729648744 0.425 0.07107118676785795 0.0953125
0 0.6919990183631508 0.87734375 0.06204901384016459 0.065625
0 0.43234556228073995 0.2953125 0.050220175893442943 0.04375
0 0.40714133794672147 0.021875 0.08590300790866542 0.0375
0 0.5104201882507325 0.10234375 0.05372717787060921 0.053125
0 0.5132640039543327 0.01875 0.04527800790866543 0.0375
0 0.5146513849044222 0.24453125 0.048212006920082116 0.0328125
0 0.3973737015966055 0.165625 0.10216467787060939 0.053125
0 0.695315019351734 0.88203125 0.0664818458553869 0.059375
0 0.5796157876033416 0.5734375 0.04553267589344294 0.04375
0 0.25557610973273237 0.5203125 0.0758568458553869 0.059375
0 0.37078059296399946 0.8359375 0.06207818874502422 0.1046875
0 0.44825174657713995 0.37890625 0.06849001482874754 0.0703125
0 0.08710599954288947 0.39296875 0.0560191897336074 0.109375