0 0.32388669101235507 0.98203125 0.0479206744523216 0.0359375
0 0.37950019351963754 0.96015625 0.02742631802583091 0.0296875
0 0.3732418333322231 0.98671875 0.061710389812585656 0.0265625
0 0.42140654869248706 0.97734375 0.05288095909205772 0.0453125
0 0.47253713967957156 0.9625 0.05347199247815269 0.065625
0 0.543641598375918 0.85546875 0.05935827962517113 0.053125
0 0.29467290096234267 0.8640625 0.09348923871722885 0.0984375
0 0.5306762486133447 0.946875 0.08710284639736088 0.09375
0 0.19640288552293647 0.84296875 0.09083560015828458 0.0609375
0 0.12365335880075919 0.9203125 0.056233279625171176 0.053125
0 0.3257744852855097 0.7515625 0.07364810015828453 0.0609375
0 0.4127803917911426 0.78828125 0.07213106426490726 0.0625
0 0.45447379829677564 0.825 0.09763116943775678 0.0796875
0 0.5937923625616829 0.8875 0.08637542069139795 0.06875
0 0.5197745378719343 0.76015625 0.09634145407749273 0.0890625
0 0.638421586301724 0.64921875 0.14303459765100204 0.0828125
0 0.6784592160851798 0.76328125 0.11072220282385174 0.1
0 0.6752469510414849 0.89453125 0.09876777210332381 0.11875
0 0.7520270967265652 0.7140625 0.109415767088759 0.1625
0 0.7854342932822107 0.86875 0.15175637978345585 0.1140625
0 0.35092891264082515 0.91796875 0.06395485141192578 0.05
0 0.38277229453585193 0.8578125 0.07373902837152997 0.0640625
0 0.8820759610706148 0.80703125 0.06923338479802084 0.0703125
0 0.6892901013454188 0.51796875 0.030551318025830908 0.0296875
0 0.6542475116119755 0.521875 0.03215928213245363 0.03125
0 0.8977474590255508 0.51328125 0.05383570533113406 0.078125
0 0.9020354569139798 0.6875 0.06789820533113407 0.078125
0 0.427345345472924 0.725 0.07414820533113406 0.078125
0 0.5329358351145898 0.1921875 0.07869931301126591 0.0734375
0 0.5688756836235218 0.11171875 0.09169941818411545 0.090625
0 0.5725248355103012 0.34453125 0.21672816191590946 0.1453125
0 0.6542987065847753 0.0671875 0.06918792069139794 0.06875
0 0.8046624194377567 0.0796875 0.14835859514371955 0.1046875
0 0.6779240746897485 0.12734375 0.09088106426490725 0.0625
0 0.7086224937317939 0.0546875 0.06927884890464338 0.071875
0 0.8700122862890887 0.15078125 0.08655727711788899 0.075
0 0.7698902658351177 0.1734375 0.08816524122451135 0.0765625
0 0.5471551109788372 0.278125 0.11776181301126591 0.0734375
0 0.4484234089464085 0.4828125 0.09740384890464338 0.071875
0 0.8609591982049981 0.29609375 0.07061402837152997 0.0640625
0 0.3356171835570147 0.5796875 0.048329851411925785 0.05
0 0.06345267854244976 0.6234375 0.07759145407749284 0.0890625
0 0.1424151013454188 0.51796875 0.05775031551854846 0.0515625
0 0.0558100116119755 0.521875 0.05448892319868044 0.046875
0 0.277966156439126 0.5046875 0.03730142319868044 0.046875
0 0.21729073238251573 0.62109375 0.06384720282385156 0.1
0 0.8647517879384413 0.2921875 0.06284699247815269 0.065625
0 0.5841503087881239 0.421875 0.04663095909205772 0.0453125
0 0.5737118801126602 0.734375 0.06307431301126591 0.0734375
0 0.8613900733696003 0.60625 0.10655152837152997 0.0640625
0 0.4146909181176085 0.55859375 0.0753924565847754 0.0671875
0 0.47471575362790974 0.903125 0.10797763605166182 0.059375