0 0.8764459381117676 0.031224703214550918 0.05492560217691818 0.05218066534054513
0 0.8741592410143253 0.10002924721518727 0.03384921034428636 0.030069308004454332
0 0.9060987217770317 0.07464743921073291 0.05218254809323426 0.06308180267345423
0 0.9143130150609424 0.13082471387655112 0.061339293283910835 0.05694089067472694
0 0.9203745313030112 0.1924980105426875 0.07389385698624196 0.05864884134309043
0 0.848068000084818 0.31526389588641435 0.060049611795565026 0.06473520934118149
0 0.7399280847537231 0.06094966056655006 0.11281251324684387 0.09971019334818114
0 0.9273537068009071 0.2580684665420512 0.1032738221398514 0.09491360534690844
0 0.6754365096186469 0.008754645289638374 0.0633730192372937 0.01750929057927675
0 0.6435466472749276 0.1433541752466858 0.07314981252120453 0.08206816000954502
0 0.7203026094333124 0.21514681190327717 0.07147818511654283 0.07892497867599957
0 0.7758631286706061 0.23951046522918662 0.09121033175849824 0.10726815467854492
0 0.9032292152384276 0.3505741398790965 0.08145338584218251 0.09622156667727229
0 0.7432812963639537 0.3360223859007318 0.10360120435383653 0.10428860534690845
0 0.6890997717691825 0.5078161172422314 0.09758930653075489 0.15576019867918128
0 0.819940544001701 0.4945701352244141 0.11670140507947586 0.12162155601527207
0 0.9399417422378609 0.42821733454014216 0.12011651552427835 0.10777723201781733
0 0.8053547435462141 0.5916542205601868 0.18227184137714508 0.12082267202418073
0 0.9529340601589518 0.5515093838717786 0.09413187968209655 0.16379087468172654
0 0.8199256088003402 0.0912815032225051 0.060267866604888455 0.07098520934118144
0 0.7751513113400781 0.15198319322886844 0.07465774881887377 0.08052384134309047
0 0.9569296564302382 0.6797707438733694 0.08236112141421188 0.07748974801081765
0 0.5836260764858385 0.6208075605904126 0.033958337748947895 0.03319430800445442
0 0.5705705157787326 0.5826626705920035 0.033958337748947895 0.03319430800445424
0 0.6762302718540004 0.833097927912186 0.08801092068857255 0.06037497334499946
0 0.8485839322909537 0.7552803685550961 0.08844743030721958 0.07287497334499946
0 0.664771861247411 0.2587791805776859 0.09028274881887377 0.08070565467854492
0 0.19032994427185349 0.616005165977092 0.08575893992586625 0.08533861067790856
0 0.12729672013256915 0.6909875319860006 0.10656251324684392 0.09963746801399935
0 0.3588517657787326 0.5851262412874112 0.17073911905195924 0.2378283586887262
0 0.12319455189106732 0.7973284386537278 0.07756449400955026 0.07431020401018137
0 0.2044222484403555 0.9300313033100011 0.12349704210278442 0.1373192813494537
0 0.19339792448640564 0.7933852786441828 0.07375001324684391 0.09925566000954511
0 0.13706856813313614 0.858910828652137 0.08230655771188111 0.07592724801081766
0 0.3055953680404689 0.9624614479630926 0.08677580290255768 0.06973179201145392
0 0.2810913866447904 0.865050645965956 0.0893204495445131 0.09787497334499946
0 0.2808631750345598 0.5899415579646835 0.08728672359113024 0.12908861067790872
0 0.4365972759455337 0.3943006992759572 0.0849057680561673 0.10563292934436319
0 0.44476450624490377 0.8967535372772298 0.07293155771188112 0.07581816000954511
0 0.4794965601589518 0.23514332793604842 0.056542665879249124 0.053761346674090583
0 0.32756449400955023 0.06965578262254749 0.06155754809323426 0.0631908906747269
0 0.37865082277282347 0.21208818328295687 0.05454365626060227 0.04124316534054513
0 0.4652653906515056 0.09618991593732107 0.11328373920022691 0.06847837468172657
0 0.4426390110542272 0.9030308092775481 0.07589286660488845 0.07116702267663584
0 0.4400099965414389 0.5591717212762753 0.05336310217691818 0.052162484006999674
0 0.7432837855641805 0.40323715790105 0.08526786660488846 0.07127611067790855
0 0.7500100230351269 0.7525195425684591 0.07585815027015244 0.11489884134309047
0 0.4958879411918106 0.3240512866009121 0.07783731252120454 0.08212270401018137
0 0.8628174916472975 0.2228673105506417 0.06971727767481432 0.11795111600890866