0 0.005340201614357807 0.6353985894391219 0.010680403228715614 0.05204717887824373
0 0.0871380494236087 0.5504271251693421 0.054255160462916716 0.06051477611928178
0 0.08964650351916587 0.8160488031430748 0.10258565260503387 0.09422139077317411
0 0.021222066792004245 0.5744168238352897 0.04244413358400849 0.08633364767057934
0 0.11616615405728514 0.9192490462456698 0.06366870181924558 0.09529921189493074
0 0.20745474173234157 0.7752334526226764 0.0627954065339753 0.07654921189493055
0 0.16461873242671668 0.6860580879687839 0.06421235731976357 0.07350609905006031
0 0.12350573490791603 0.6439624412027156 0.08263702564056316 0.10096935775648763
0 0.050404336850996136 0.4983799462910984 0.07282537799792801 0.0911030348257091
0 0.18968085256676184 0.5683316774079058 0.09335620181924557 0.09685506784239592
0 0.3023714052956302 0.4356187539567289 0.08340331306795061 0.15088747060135788
0 0.17946259822353566 0.4009837251239136 0.10509422249740999 0.11461577792830405
0 0.05205043962039115 0.41577548620519006 0.1041008792407823 0.10145403663473136
0 0.22870492700725195 0.3189834526226764 0.17177230024766904 0.10719942559888347
0 0.06228156038186346 0.293815277023793 0.1179238622821623 0.15581398801421234
0 0.02958445285721209 0.7604295669378847 0.053056533498446 0.06824538896415203
0 0.09170561724907025 0.7213947224103802 0.06584763192686945 0.07515048620519008
0 0.12444342018282639 0.1866479081860289 0.07500430810555185 0.07095430913596856
0 0.44002126261539376 0.3723485492978876 0.031070217535011223 0.031243355947465367
0 0.4374570347413004 0.41058885572032267 0.032705492142117265 0.032887743102594943
0 0.4354751195208726 0.1504768713241549 0.08038101282028158 0.05253185775648759
0 0.2502995988427082 0.15800168701884418 0.08110875889134013 0.06815685775648758
0 0.23133535153330453 0.6660598484842335 0.08139985731976358 0.07440685775648763
0 0.7927930440469252 0.5161416514001657 0.07693068114108108 0.07884869629109836
0 0.8777887822601009 0.4736066706220424 0.09626287799792799 0.09233134215265544
0 0.6290045258499601 0.4848463065339768 0.14612594499481996 0.22587418249628843
0 0.9213633079006641 0.3787788495002863 0.0718065334984459 0.06922803482570909
0 0.9013697932183558 0.21953332428551559 0.10847608767505648 0.15376016508343388
0 0.8557939658823817 0.3573298954072718 0.06352315260503402 0.09217421189493055
0 0.9319412429706866 0.319813285275935 0.07656680810555158 0.07103619629109836
0 0.8221767528954841 0.15429674864120363 0.07736732878371626 0.08822369629109832
0 0.803837667701627 0.26219445782260076 0.08063787799792799 0.09151247060135788
0 0.7015687305646898 0.5074450028250751 0.07435364474715093 0.12391553482570909
0 0.48767955087135073 0.6270227611928181 0.07482452564056316 0.10055992198083885
0 0.6677054226640257 0.17517805743848794 0.06570208271265762 0.07202548620519007
0 0.38941537117801167 0.7526601690401628 0.05367296360606986 0.048014776119281774
0 0.46454799607556774 0.9555195754171694 0.0541823858558109 0.05895227611928178
0 0.47135242183996545 0.8094258254171693 0.050111315963434676 0.03847600180902226
0 0.3504534168775667 0.882971788782438 0.10738016046291676 0.06329893939369349
0 0.6718299964853433 0.17069527532631232 0.0669007096771285 0.06429487336031983
0 0.546301187760619 0.4781625373120999 0.04742296360606986 0.04768722749876275
0 0.21432128763678443 0.5101030975797223 0.0794007096771284 0.06494997060135788
0 0.33865146939703805 0.1947414484388049 0.06595894789030421 0.11100609905006031
0 0.408225337265281 0.6682818470138954 0.06911818114108108 0.07843926051544958
0 0.038931681764762895 0.6269995912481442 0.05992727171162173 0.11536605042954129