0 0.2916798505331425 0.9900706900324213 0.05038180800445433 0.019858619935157407
0 0.35053722986955144 0.977784821545006 0.03163180800445433 0.034267992142117266
0 0.3439872378660517 0.9942145345319033 0.06749658267027261 0.011570930936193236
0 0.39644007586732427 0.9861858647633618 0.05677725867281787 0.027628270473276473
0 0.4505372298695514 0.9729881017359376 0.05706816000954511 0.05402379652812463
0 0.5269008298854598 0.868748077540862 0.0631727093411815 0.06072348428423453
0 0.2618479945496872 0.8743815316364192 0.09967383068109026 0.11083480024766885
0 0.5124923372056422 0.9568194462354196 0.09333292401336309 0.08636110752916082
0 0.15737867055223256 0.8507556329603266 0.09767497867599957 0.07326202564056317
0 0.08922755987432396 0.9304388248547749 0.03968066534054513 0.054944365177646406
0 0.2952882978994592 0.7547796610820893 0.08046929734245412 0.07089900496239884
0 0.3870576272279139 0.7950108629013348 0.07736247867599957 0.07231595574818712
0 0.4319337752228233 0.8346213265074047 0.104143154678545 0.09230312406898662
0 0.5804343625477781 0.9032900514860142 0.09309656667727229 0.0824187018192454
0 0.5022922758991409 0.7667660465236154 0.10114542401336309 0.1030950748547749
0 0.6287104199156858 0.6507130150920839 0.15263519867918127 0.0992466368892682
0 0.6702882978994592 0.772245566787495 0.11847837468172653 0.11639559553293921
0 0.6655360685471419 0.9119437675732833 0.1061783693507266 0.1330008986760923
0 0.7490587352403224 0.720415547142788 0.11920562802354447 0.1788955955329392
0 0.7838684452180507 0.8861882504097757 0.16084768801718105 0.13398550992479769
0 0.3213588072088239 0.9326521040099948 0.06940452800763604 0.059452082712657985
0 0.3557070825509599 0.8693730080627706 0.07738066000954502 0.07387845574818712
0 0.8870303552275957 0.8206424871752092 0.0743465666772721 0.08154540653397505
0 0.6834899212683212 0.5109998517336831 0.031613626670908876 0.032705492142117085
0 0.6451450366009122 0.5146856238595896 0.03477498933799979 0.035976041356328994
0 0.9055103719366848 0.5088338459427149 0.05721361067790838 0.08543238585581073
0 0.9080433839115496 0.6942084197640325 0.07127611067790837 0.08608735731976366
0 0.40347351523714076 0.7277698589723934 0.07754429201145392 0.08794095574818712
0 0.520265951981228 0.16258796877335638 0.08375792934436319 0.0851070541766104
0 0.5580119473265458 0.07601692204034402 0.09803860534690845 0.10451202564056317
0 0.5605898652928201 0.3247091331652145 0.2299794960216353 0.17000009263745514
0 0.6482193239974546 0.04895146194893082 0.07231135200509069 0.040847631926869445
0 0.8074306919955457 0.07043697187372827 0.15701361600890848 0.07290246071058573
0 0.6742727466581823 0.0939386302697304 0.09454997867599957 0.07311647642635144
0 0.7061136399984091 0.04461287241184755 0.0752727200031817 0.026930681141081148
0 0.8764165019891823 0.12055044188993894 0.08846361067790838 0.08688787799792799
0 0.7721829879853643 0.14383593051739943 0.09631247334499946 0.0903767510334573
0 0.5340551846355923 0.253904327540862 0.1259454293443632 0.08707196856846862
0 0.4267950259389119 0.4701221788647696 0.10248974801081764 0.08441784946188076
0 0.8667767779678652 0.27721781885440966 0.07423747867599957 0.0721704065339753
0 0.3067905139242762 0.5724038087247244 0.05063634667409058 0.057016287427387444
0 0.029521678628274494 0.6133561786598818 0.05904335725654899 0.09502570967712849
0 0.10123140459900312 0.5034225605867512 0.061610209341181485 0.06065070967712849
0 0.019084165300774225 0.506487594499482 0.03816833060154845 0.053600188998963995
0 0.24598083060154846 0.4914042117440431 0.04122498400699968 0.05345463978475244
0 0.17965530191759468 0.61572781554915 0.07000451201463571 0.11101458271265763
0 0.8707284813017289 0.27349350537217426 0.06800566000954475 0.07344180810555194
0 0.5721353452816842 0.4073225800220614 0.04900112133990895 0.05069351282028158
0 0.5596689712365045 0.7397348196829792 0.06813292934436319 0.08437930810555194
0 0.8660655165897762 0.6070508680686213 0.11333634134309065 0.0771147717116218
0 0.3906751652610033 0.5512972502048878 0.08054202267663584 0.07714900496239885
0 0.45283607387814195 0.9192339210068867 0.11640679734245403 0.07257282092583353