0 0.20703125 0.9328125 0.03828125 0.040625
0 0.265625 0.91640625 0.02265625 0.02578125
0 0.25 0.96484375 0.05 0.06171875
0 0.30234375 0.946875 0.04296875 0.046875
0 0.35546875 0.93671875 0.040625 0.0578125
0 0.44921875 0.846875 0.05 0.04296875
0 0.20546875 0.80703125 0.07421875 0.08515625
0 0.41640625 0.93203125 0.06953125 0.0796875
0 0.1140625 0.76875 0.08046875 0.046875
0 0.025 0.8296875 0.05 0.0453125
0 0.259375 0.7046875 0.06328125 0.05
0 0.3359375 0.75625 0.06015625 0.05078125
0 0.36796875 0.8 0.084375 0.06328125
0 0.490625 0.8875 0.075 0.05703125
0 0.446875 0.75 0.0796875 0.075
0 0.5859375 0.665625 0.13046875 0.0578125
0 0.59921875 0.7828125 0.0921875 0.084375
0 0.56796875 0.909375 0.07578125 0.1046875
0 0.68203125 0.74921875 0.07734375 0.14765625
0 0.68046875 0.90546875 0.13203125 0.08984375
0 0.24765625 0.8703125 0.05703125 0.040625
0 0.2921875 0.81875 0.06171875 0.053125
0 0.78828125 0.86328125 0.05703125 0.06015625
0 0.66328125 0.54765625 0.025 0.025
0 0.628125 0.54453125 0.02578125 0.02578125
0 0.8671875 0.5828125 0.03828125 0.0703125
0 0.8328125 0.7515625 0.05234375 0.0671875
0 0.36328125 0.6984375 0.059375 0.0671875
0 0.58203125 0.20390625 0.06484375 0.0625
0 0.634375 0.13203125 0.07421875 0.078125
0 0.5875 0.35859375 0.19296875 0.1078125
0 0.72734375 0.10546875 0.0546875 0.0578125
0 0.8703125 0.14609375 0.13203125 0.08046875
0 0.7375 0.16796875 0.0796875 0.04765625
0 0.7828125 0.10390625 0.05703125 0.0625
0 0.91953125 0.22734375 0.07265625 0.06171875
0 0.8171875 0.2296875 0.075 0.06328125
0 0.57734375 0.2890625 0.10703125 0.053125
0 0.43671875 0.46796875 0.08515625 0.05703125
0 0.878125 0.365625 0.0578125 0.05234375
0 0.30703125 0.540625 0.03828125 0.04296875
0 0.03125 0.53203125 0.0625 0.078125
0 0.13203125 0.44375 0.04765625 0.04453125
0 0.046875 0.43203125 0.046875 0.03828125
0 0.26640625 0.45703125 0.028125 0.0421875
0 0.18203125 0.55859375 0.04296875 0.0921875
0 0.88203125 0.36328125 0.05078125 0.05546875
0 0.58203125 0.43515625 0.03828125 0.03828125
0 0.5046875 0.73515625 0.05 0.065625
0 0.81171875 0.665625 0.09609375 0.04609375
0 0.3875 0.5359375 0.06328125 0.05546875
0 0.37109375 0.8796875 0.1 0.040625