0 0.910915064080849 0.8453088538340701 0.03590278366526398 0.043949987899751616
0 0.9123982077275794 0.7804696490136099 0.03223214664195524 0.028306807181592397
0 0.9339383910300239 0.7451952243455748 0.026636911069925873 0.047020445745273774
0 0.9351759980162655 0.6873872695251148 0.04382441106992587 0.047120439695149584
0 0.8711085527329218 0.576063950145078 0.055198420688572725 0.05968407220870695
0 0.784144232955323 0.829643468099059 0.10478175843752062 0.09277837334017498
0 0.9374676735141614 0.6217622695251147 0.06689981252120454 0.08162270472226432
0 0.7262920382201333 0.9205866306668454 0.0642113221398514 0.09410452400410492
0 0.6859001951137078 0.7575735462596944 0.06511905771188112 0.0753636143631848
0 0.7548982209744235 0.6829684559988106 0.06657243030721922 0.07224770472226431
0 0.8074155857652133 0.6553247241491832 0.08474207694917482 0.10047269867214012
0 0.9232538952911931 0.5367060134749905 0.07498513103285873 0.08948065651766246
0 0.7684200623515685 0.5641639138443328 0.09551588584218233 0.0958488311856975
0 0.7052901236916467 0.403626389643836 0.08643355172143127 0.14891019867214011
0 0.832524746286985 0.4060105253788472 0.1069990228654909 0.11153746369925469
0 0.9392633304077357 0.45850374542281375 0.09244544954451328 0.09739315046753827
0 0.8115525365756708 0.31318267594458127 0.17240576805616747 0.1056692587805987
0 0.9536209854872117 0.33813215808879626 0.07409724282842375 0.15352497579950325
0 0.8596179481089326 0.7932741760427771 0.05390873920022656 0.06748748184962743
0 0.813117459541678 0.7380872271742452 0.06662699400955034 0.07381020472226432
0 0.9524082042690185 0.21628897434557492 0.07583830290255733 0.06917724687674198
0 0.5955282324919868 0.3035041906771083 0.030724210344286185 0.0298602168225127
0 0.5856249536360463 0.3410541876520462 0.03234127404661713 0.0314318071815924
0 0.6708630823066524 0.09217126005714496 0.08143353847458741 0.050463608313060515
0 0.8429265660645836 0.15287643501976758 0.0819791754978958 0.06608860831306052
0 0.6984225316815295 0.6450235492847565 0.08219743030721922 0.0723386083130606
0 0.21614826733837714 0.3416415575743758 0.07929068511654283 0.0785704275949013
0 0.14974450653860394 0.274854033373879 0.09847719473518964 0.09117951190385672
0 0.38117306661273775 0.35786547951193637 0.15149804573098152 0.22271131303532474
0 0.13847467904127503 0.17259664178513537 0.07265873920022684 0.06759656615858275
0 0.2076016796742472 0.05032673204601912 0.10979664065150559 0.10065346409203824
0 0.20727924274360587 0.17063416598563216 0.06566469473518968 0.0909886143631847
0 0.14679809972984753 0.11318528034881689 0.07745536660488854 0.07074883723582163
0 0.2994543629766914 0.014861409837312111 0.07609127404661713 0.029722819674624222
0 0.2864608004554869 0.09518873839073091 0.08285219473518968 0.0910886083130605
0 0.3053645347615723 0.35908761192729777 0.07613096878180681 0.12229315651766245
0 0.468757368249351 0.5338825579671592 0.07687501324684387 0.09886474687674215
0 0.4427033659719163 0.04975754284184876 0.06651786660488845 0.07068520472226433
0 0.5213590346767543 0.6827649646812134 0.05319941106992569 0.04717498184962743
0 0.45911197270370396 0.9666632417103805 0.0943154843909035 0.06147383118569749
0 0.3856695274203602 0.8553944644848217 0.05514385698624169 0.05812157220870695
0 0.3575866782386668 0.9438211602300957 0.04878472958157998 0.05496021077238851
0 0.4257365106301371 0.7145649314055303 0.051309528855940555 0.03779089149054791
0 0.5166119925739698 0.8187024646812133 0.10837798439090332 0.0615556444174139
0 0.4405505889300743 0.04430242838046818 0.06937004809323426 0.06289088544042357
0 0.4602330840359329 0.3753706211988758 0.04689484736759475 0.0455761204133089
0 0.7644071741471337 0.5001377752806514 0.08030754809323426 0.06295451795398073
0 0.7472866838505985 0.16280594692362427 0.06788195916315995 0.10974770472226432
0 0.5306373201561169 0.596009853244895 0.07142362141421188 0.07696247579950324
0 0.8922990172535592 0.6626417995793441 0.061741086567821665 0.11283634328594587