0 0 0.14250000000000002 0.34249999999999997 0.21000000000000002 0.6925 0.305 0.9974999999999999 0.40499999999999997 0.9949999999999999 0.29 0.8425 0.24500000000000002 0.5825 0.1775 0.3625 0.12250000000000001 0.175 0.0775 0 0.05 0 0.14250000000000002
0 0.8671875 0.8015625 0.265625 0.2921875
0 0.25078125 0.6734375 0.3578125 0.20234375
0 0.53984375 0.6546875 0.2203125 0.1203125
0 0.04609375 0.68515625 0.0921875 0.1046875
0 0.3171875 0.85859375 0.26015625 0.17265625
0 0.66953125 0.85859375 0.2203125 0.2328125
0 0.66484375 0.69375 0.075 0.0578125
0 0.50859375 0.85234375 0.1078125 0.1203125
0 0.0734375 0.925 0.1328125 0.1046875
0 0.521875 0.9625 0.08515625 0.075
0 0.50475 0.34750000000000003 0.76725 0.41 0.9974999999999999 0.4925 0.9974999999999999 0.40499999999999997 0.68475 0.3025 0.45975 0.2475 0 0.1375 0.00475 0.23500000000000001 0.12975 0.2525 0.31475 0.29500000000000004 0.50475 0.34750000000000003
0 0.13203125 0.4109375 0.26015625 0.2375
0 0.396875 0.4515625 0.25 0.17734375
0 0.61953125 0.45625 0.2046875 0.10234375
0 0.859375 0.5453125 0.26015625 0.1
0 0.73828125 0.14765625 0.1921875 0.125