0 0.650134559375 0 0.717610240625 0.29618878125000003 0.7822795515625 0.6682361921875 0.813294409375 0.9726152234375001 0.9107685171875 0.969211353125 0.9035363468750001 0.8541940015625 0.875006478125 0.6554182109375 0.839248721875 0.42198809531250003 0.7943955640625 0.145889034375 0.766138428125 0.0020949546875 0.7422100375 0 0.650134559375 0
0 0.21905754005001246 0.11712301261387173 0.34124008010002493 0.23424602522774346
0 0.29234821984610343 0.7210019476455966 0.2661899189755383 0.4042063834799293
0 0.33998277164110535 0.4229439043616857 0.1586094365265156 0.247480179126093
0 0.261539803707052 0.9254091946503717 0.11973348997087019 0.09159227767481397
0 0.11466583755536523 0.6349255823066524 0.20068928793844135 0.29889883538669526
0 0.14713237892552591 0.27248758049255384 0.26209814937949705 0.26358138347992954
0 0.3110728584715548 0.2894419235989794 0.07120506175762475 0.08677580290255768
0 0.13237486012090743 0.43723212677168954 0.14118259263643712 0.13136410580511537
0 0.05057355997525813 0.8780332307627063 0.05395537727617326 0.13768353847458742
0 0.0379428985215672 0.41706844891154093 0.05268238229073818 0.09393353847458741
0 0.5622406468750001 0 0.615903221875 0.20903474531250002 0.655326240625 0.48727543124999995 0.6913959203125 0.6893283796875 0.71757395625 0.8852812265625 0.7217427984375 0.9758122765625 0.8160557875000001 0.9725187953125 0.754726975 0.543084778125 0.7194535375 0.3044629875 0.650130865625 0 0.5622406468750001 0
0 0.552644525335522 0.851116000463336 0.2841550058059877 0.2705952753125615
0 0.537216787476223 0.5896700689749904 0.22220057508545993 0.28716272721932723
0 0.5539255996960661 0.3576016134400276 0.13775136724704334 0.22802085099579195
0 0.48346102084968245 0.12248509129232703 0.14192204169936495 0.24497018258465406
0 0.885891002045064 0.2631124811412245 0.16091608260730722 0.21946430653075472