0 0.702539134375 0.222105628125 0.9959386968749999 0.2093966046875 0.9976090296875 0.11370334062500001 0.896144890625 0.1141710765625 0.6995419859374999 0.130739446875 0.468432834375 0.15239953281250002 0.194817003125 0.1805203921875 0.041222115625 0.201392271875 0.0190353546875 0.316355534375 0.3334049859375 0.26413258281249996 0.702539134375 0.222105628125
0 0.1129776923720878 0.738660496865868 0.2259553847441756 0.34455400626826405
0 0.7038331485438933 0.7036379594437147 0.39997627516050827 0.2763885005686809
0 0.4183280710271834 0.6407801624253469 0.2449694009729347 0.16501197663298636
0 0.904563805605908 0.7466027901814228 0.10363528896022559 0.12111389342673622
0 0.6008194224898806 0.8786217352792705 0.29592397483619665 0.22086323955076423
0 0.24796320373946878 0.8267027446816664 0.2672728693163095 0.27954725531833374
0 0.2860104488682048 0.6602594738801039 0.08719208279171564 0.07387521751493065
0 0.41163023742468885 0.8455403976077079 0.13055234496658025 0.1420446424768059
0 0.834625632311839 0.9504921628065965 0.1510363944801128 0.06286628875333342
0 0.37938870739291675 0.9478120656357287 0.09823867694751698 0.08037979065319475
0 0.907398703125 0.297710903125 0.9943786671874999 0.2987706765625 0.995981228125 0.206960040625 0.577774084375 0.24191090312500002 0.34165586875 0.2628019765625 0.0190351 0.31635685625 0.0020555140625 0.4043385421875 0.23807253125 0.35858399531249996 0.5132192296875 0.3358927921875 0.7137871625 0.3121412046875 0.907398703125 0.297710903125
0 0.8580741838506711 0.45717792069038127 0.2721240105500115 0.2890313580918752
0 0.6003571412369973 0.4577098232351731 0.28827511606989875 0.23005640159486127
0 0.37675204586337996 0.427772322569583 0.22742734496658024 0.14429943313000013
0 0.13080216639750547 0.48046613715847214 0.26160433279501094 0.1546927256830557
0 0.31769028612085204 0.09803157760357613 0.21843417451188502 0.16595622758291687