0 0.0416985171875 0 0.037390215625 0.046314740625 0.0396356515625 0.08193227812500001 0.0700551515625 0.2927253046875 0.10818126718750001 0.5401838015625 0.156005203125 0.8327802156249999 0.1827862734375 0.9680723546875001 0.30792734374999997 0.9746541093750001 0.23787628437500002 0.6697316984375 0.1689237046875 0.2756113296875 0.1407283625 0 0.0416985171875 0
0 0.7698957633767947 0.8502801536438955 0.3483021863754999 0.25742564191745
0 0.691659738292535 0.20657114265486323 0.2617930355151783 0.41314228530972646
0 0.6405911002198328 0.5204885046396874 0.15616922852997775 0.2600893065307547
0 0.721684102459328 0.014981354180275852 0.11742384933607006 0.029962708360551704
0 0.8887842022863774 0.2853049396714122 0.21739762002052565 0.3122172909216581
0 0.8513735432346323 0.6740326229738564 0.27810786104353513 0.2752827753125615
0 0.6710138775435877 0.6615847305930702 0.0723931504675381 0.0915724303072194
0 0.8625570038106289 0.49711545890870584 0.14450449980360816 0.1347073606144388
0 0.9612415061483202 0.04844729121535824 0.07709883118569749 0.09486112141421194
0 0.9671172387835144 0.5153346908525386 0.059947692622015936 0.10051092068857255
0 0.139721503125 0 0.19830118125 0.4079718609375 0.2359109015625 0.66098168125 0.30793241875 0.9746543750000001 0.40355173750000006 0.9796834421874999 0.346319709375 0.7588335703125 0.304285571875 0.4637524234375 0.2658268703125 0.24974733750000003 0.237914971875 0.0418754375 0.23598276875000002 0 0.139721503125 0
0 0.40951537968488694 0.10546377159954641 0.28409424063022615 0.21092754319909282
0 0.43068535597536944 0.3505108544543529 0.2220214875069681 0.3014434820286507
0 0.41284282924078985 0.597958773328827 0.13419423458010193 0.2421379146981227
0 0.4879236007108121 0.8499726519146151 0.13435786104353512 0.2702629146981227
0 0.06934840105671339 0.7100173515439461 0.13869680211342678 0.22996529691210785