0 0 0.215531315625 0.28379596406249996 0.24280401718750003 0.663439228125 0.30662604375 0.9712467374999999 0.3750233203125 0.9614128281250001 0.254810115625 0.8174192515625001 0.22733019375 0.535664596875 0.1831719359375 0.29744005625000003 0.1480472765625 0.094570196875 0.1200969546875 0 0.11470063281250001 0 0.215531315625
0 0.8489071659332492 0.814261321425834 0.25137940517037727 0.34615287385944454
0 0.2269804277962472 0.7434824687492017 0.4153198883644634 0.27035670611576423
0 0.5316798566554397 0.6927070976426394 0.25480419961943923 0.1620324469977085
0 0.03234300811863014 0.7740200346692709 0.06468601623726028 0.12038654160312508
0 0.3130094752110585 0.9101582096311459 0.3043877055509382 0.17968358073770824
0 0.6827290676064044 0.8771586990397399 0.2694980523949081 0.24568260192052022
0 0.6681611847163295 0.7209074456665283 0.08880251482874754 0.07231271751493065
0 0.5159580616749053 0.905824693482327 0.13385502965749527 0.1436071424768059
0 0.07411145988801934 0.9811051828456598 0.12034167490485978 0.03778963430868032
0 0.5350171263899222 0.9873961229095141 0.09527800790866543 0.025207754180971875
0 0 0.30767959375 0.061710799999999996 0.31016206562500004 0.26171114375000004 0.3357277703125 0.46788363750000006 0.37135729375 0.7518581296875 0.40995828437500004 0.9787669796875 0.46695343593749994 0.97124699375 0.37502644375 0.6549985015625001 0.3047930546875 0.4114680453125 0.270193753125 0 0.21379836718749998 0 0.30767959375
0 0.11665696490529731 0.475529289703264 0.23331392981059462 0.285433579406528
0 0.3623263146778358 0.4924856260436462 0.29491454646340926 0.22696776918604195
0 0.5992188196207516 0.47453963231191026 0.23522652866891214 0.14128353590354195
0 0.8466403062748789 0.5436396969007994 0.2696651956651063 0.14364612290951406
0 0.6982863082892262 0.1351154160312506 0.22511669961943923 0.16134146276527797