0 0.5766651031250001 0 0.684265171875 0.222389503125 0.8349643953125 0.5799711828125 0.9545525218750001 0.9309445984375 1 0.9248267796875 1 0.7407624875 0.9993780078125001 0.7386756906249999 0.9248951078125 0.5462729046875 0.8351689421874999 0.3208343375 0.7264779124999999 0.054763804687499994 0.70197279375 0 0.5766651031250001 0
0 0.1550321439692207 0.14170646371091128 0.30888222116625164 0.26033707257817745
0 0.3562886993921323 0.7433956811827462 0.26637177540202905 0.40897314937949714
0 0.33478680628084145 0.4343843940357277 0.15874582884638358 0.25128501834239997
0 0.3732274614663262 0.9493274324363874 0.1242391335443795 0.08479620031656906
0 0.1509275979802065 0.6993287470970062 0.22109271615168674 0.3014956185006845
0 0.12289690855069706 0.3271726022698556 0.23406407759274242 0.2644047954602888
0 0.27634851748447026 0.3070693877675216 0.0728584899708701 0.08954588479802066
0 0.1301280500126353 0.49507315610992164 0.14279055674305985 0.1321713054894186
0 0.1221052306666561 0.9449056715493278 0.11398359514371963 0.1079154515702104
0 0.0355513359060126 0.49626123456059384 0.04491534639736087 0.09497753087881229
0 0.4803661578125 0 0.5622523 0.1581122609375 0.6659981562499999 0.4275475359375 0.7487909703125 0.62153075625 0.82026599375 0.8116393875 0.8566661718749999 0.9416922187500001 0.905961403125 0.9374855921874999 0.9597427359375 0.9302459296875 0.778462346875 0.460991396875 0.6880224593750001 0.230250796875 0.5766524343749999 0 0.4803661578125 0
0 0.6528574740027386 0.8317234291376823 0.2899791084715549 0.30818353919208263
0 0.5713500950772126 0.5565164921489483 0.2255074315119508 0.29225701082055267
0 0.5340162649771878 0.3214655422280905 0.13793322367353406 0.2335064849563052
0 0.41053198620994646 0.11377168032481641 0.1365071159934022 0.22754336064963282
0 0.8449357299417402 0.1505630426903089 0.1610524749271754 0.22325094655564542