0 0.017173050000000002 0 0.019376423437500002 0.1262568453125 0.06363623125 0.29724405 0.1283745703125 0.537937684375 0.2076341234375 0.8223297625000001 0.2566350609375 0.9780690468750001 0.38190027031249996 0.9751528734375 0.27076789843750004 0.6557231390625 0.15952327187499998 0.2729935515625 0.10069858125 0 0.017173050000000002 0
0 0.8186801532091879 0.8182336454724346 0.34558025214770643 0.2927306154744322
0 0.6682531122790434 0.18271634104618809 0.25665495024782725 0.36543268209237617
0 0.6528040111928182 0.4791773927004244 0.151918783355371 0.2534119682887946
0 0.8724293571906607 0.22894436134215485 0.2153128980092635 0.30383617349399666
0 0.8704369496262295 0.6172179060663655 0.259126100747541 0.2653798892225424
0 0.6975510244218011 0.6152745164203001 0.0699650192218769 0.08663472099021767
0 0.8701209859780474 0.43909290606636553 0.1424065852552502 0.13135495776545092
0 0.940561923620519 0.017328017523956525 0.11887615275896195 0.03465603504791305
0 0.9728930246489437 0.4487192640718128 0.054213950702112615 0.1014252630835923
0 0.0995195734375 0 0.20303409218750001 0.40106260625 0.26786845625 0.6472585671875 0.381902071875 0.97515283125 0.4777528015625 0.972921428125 0.387728821875 0.735293496875 0.31392246562500004 0.4480221859375 0.2525108734375 0.24027848125 0.2021977203125 0.0377809640625 0.1962306828125 0 0.0995195734375 0
0 0.3779789150834339 0.09460059748210355 0.2778328301668678 0.1892011949642071
0 0.42619616632662927 0.32702887670364744 0.21942718792335542 0.29317168927901227
0 0.4358865061044355 0.5717421372269911 0.1322680246489437 0.23513240514873246
0 0.5371435481662339 0.8291458425733677 0.1336534622336149 0.2912913998870607
0 0.10378773631673173 0.7094135263789465 0.14419481456303554 0.2249229472421071