0 0.11743021129059288 0.3197779422050654 0.04905566534054513 0.055098676882026076
0 0.3771468252307774 0.7711944980600147 0.04433180267345431 0.051782675893442945
0 0.22495290463877401 0.21473229794628396 0.02212953866963625 0.02276633794672147
0 0.2506148812858203 0.3603777203796858 0.03170453333863606 0.040335839923887826
0 0.2525762759389119 0.4605050543720745 0.030069308004454332 0.03402217292769336
0 0.37985584392904875 0.5383819980600146 0.02049431333545453 0.016452670950527094
0 0.31345977928072966 0.4004562337255587 0.026889764003817974 0.029207338935304604
0 0.11425975795672927 0.32355685821267655 0.03633748933799978 0.035839340912471054
0 0.20263355665181887 0.1176835430033681 0.0638817813494538 0.12129667984777566
0 0.3345818959659561 0.26453332117798856 0.017351132001908985 0.014762836958138337
0 0.33886940662795634 0.29909932216657176 0.01736931333545444 0.016325336958138335
0 0.1736745109375 0.17544382187500002 0.1546998890625 0.06396170625 0.1322745171875 0.06739921875 0.1864408734375 0.3370997421875 0.20650468281249998 0.46297553125 0.218652190625 0.613632621875 0.2053144375 0.7681989 0.20670910625 0.874749040625 0.2201081953125 0.84219341875 0.2290456234375 0.6633428265625 0.2237057328125 0.4742039765625 0.2046047953125 0.3232243984375 0.1736745109375 0.17544382187500002