0 0.2470230506574446 0.9005597099995626 0.05047518899896399 0.0457236768820259
0 0.7423418970189534 0.7367173162722537 0.04862159057054054 0.039410009885831696
0 0.14950373366055256 0.7655851907221906 0.01962329528527027 0.019514003954332716
0 0.3034463709641055 0.7726376398473381 0.03880994292790545 0.02965300790866543
0 0.40733550433871696 0.793245911596168 0.03085189371369381 0.02620967292769354
0 0.5019501834128836 0.681695599352609 0.01493579528527036 0.01932300296574958
0 0.35153496050118876 0.7168943172236558 0.029143844499481996 0.02302100593149916
0 0.2502935998716563 0.9038120439919514 0.03277826674922295 0.03408583992388756
0 0.0707794201783172 0.7662762574143738 0.07235018899896399 0.046615014828747546
0 0.21341422228801302 0.6644802885547438 0.013300520678164496 0.017696835969555024
0 0.2486796341986718 0.6682565459691177 0.014790246071058633 0.01619800296574958
0 0.4181410625 0.82645295625 0.25984893750000004 0.8114841078125 0.10357472968749999 0.809375890625 0.03753856875 0.8059681328125 0.0385745 0.8282099890625 0.272221015625 0.8332828765625001 0.404645459375 0.8415193046875 0.5618445765625 0.863543628125 0.7203050765625 0.9125923859375 0.8306960796875 0.9355472718750001 0.7984766999999999 0.9143587109375 0.6144106703125 0.8642639109375001 0.4181410625 0.82645295625