0 0.7845689054437521 0.7480275612856851 0.05235343262956001 0.048315673635170954
0 0.2928098737871269 0.6627227239739895 0.04914661201270878 0.04344616311182729
0 0.857199656254531 0.611119824510452 0.020667056006354302 0.021495568401734035
0 0.7123411237871269 0.638287811215098 0.038018197240056395 0.03187162628012423
0 0.6181138368554959 0.671091876915409 0.03174092370110611 0.02994510523343692
0 0.5120059330398922 0.5797149899707664 0.014389782467404189 0.01956904735504672
0 0.6592667167251124 0.5937712427427767 0.028561376623205348 0.026638094710093263
0 0.7821433348269011 0.752851569178193 0.033412517856907444 0.03628611049510884
0 0.9424922739492828 0.5983475377493361 0.09314207386326175 0.060056810438639016
0 0.7829729979747004 0.5264710797015366 0.012800008928453722 0.017915542093374804
0 0.7500650405883742 0.5338509401966455 0.014362508928453721 0.01800654735504672
0 0.48178219687499996 0.7560400281249999 0.627140128125 0.7149480500000001 0.751061525 0.689864928125 0.987608296875 0.6516768546875 0.9879867421874999 0.6299956703125 0.9069645671875 0.6455229828125 0.7596388265625 0.66809050625 0.6122417265625 0.7028074625 0.4322276953125 0.763641378125 0.26549454375 0.8342153359375001 0.23808116250000003 0.858044671875 0.339088409375 0.822268934375 0.48178219687499996 0.7560400281249999