0 0.25 0.82734375 0.0453125 0.03984375
0 0.71640625 0.6578125 0.0421875 0.03515625
0 0.165625 0.70625 0.01875 0.01875
0 0.3078125 0.70703125 0.034375 0.025
0 0.403125 0.72265625 0.02734375 0.0234375
0 0.49609375 0.61484375 0.01328125 0.0171875
0 0.3546875 0.65390625 0.025 0.02109375
0 0.25234375 0.83125 0.02890625 0.03046875
0 0.0703125 0.7109375 0.109375 0.040625
0 0.22890625 0.61015625 0.01015625 0.015625
0 0.26171875 0.6125 0.01328125 0.01484375
0 0 0.7697375 0.276315 0.7644725 0.398685 0.767105 0.54342 0.78158 0.6881575 0.8210525000000001 0.7894725 0.8381575 0.7605275 0.8197374999999999 0.592105 0.7802625 0.4118425 0.7526325 0.26579 0.7447375 0.12105250000000001 0.7486849999999999 0 0.7473675 0 0.7697375