0 0.11120531778077254 0.703654289703264 0.04936480032431154 0.0542523953265972
0 0.378394186690045 0.2620350598392364 0.04462275324641087 0.051018292553055566
0 0.21791719359319908 0.8139943372903126 0.02225682954530477 0.02238414627652787
0 0.24546726948505584 0.6684824687492016 0.03193183847375849 0.039789851823611146
0 0.24877527597787763 0.5685188363403821 0.030260244317957152 0.03350348423243048
0 0.3774417926169691 0.49570154502159747 0.020612508928453722 0.017660278685347208
0 0.30941672118933916 0.6316741061920141 0.027053423701106104 0.02874324905006951
0 0.10814850162814837 0.6996753045209029 0.03656479139585782 0.03677395459715278
0 0.1975171444867035 0.908089176196146 0.05974892126547413 0.11228310087368065
0 0.32889164976170926 0.769683252468542 0.017432961850553142 0.014462543502986236
0 0.3333979176186167 0.7353991714464934 0.017487508928453722 0.017587543502986237
0 0.1809508359375 0.689585653125 0.125549059375 0.9479007234375001 0.1477376171875 0.9523432828124999 0.166231884375 0.851439334375 0.199041246875 0.704379265625 0.22000088125 0.553550878125 0.22757843906250003 0.363731540625 0.2206886328125 0.1835829328125 0.20760475937499998 0.15024013125 0.20495739687499998 0.257249128125 0.21655297812500002 0.4131998890625 0.202584509375 0.5640296 0.1809508359375 0.689585653125