0 0.8579107545523466 0.271875 0.046767351411925874 0.05
0 0.6571919698461034 0.73046875 0.040426423198680436 0.046875
0 0.7394897119950515 0.17578125 0.020903533386094963 0.0203125
0 0.7319763918576496 0.3203125 0.029170674452321778 0.0359375
0 0.7418491485215671 0.41796875 0.02898881802583091 0.0296875
0 0.6271621743858147 0.50390625 0.019159176959604098 0.0140625
0 0.6754141547897733 0.36328125 0.024210389812585477 0.0265625
0 0.861907932765592 0.275 0.035329746239076344 0.0328125
0 0.7499749194377567 0.0796875 0.05336434389007856 0.115625
0 0.6387599377801567 0.23125 0.01755121285298138 0.0125
0 0.6381749160725445 0.26484375 0.017596676959604096 0.0140625
0 0.792405859375 0.2931532859375 0.8131879109375 0.025425746875 0.790771734375 0.023469565625 0.7855324625 0.133920990625 0.77291839375 0.2806992390625 0.772295115625 0.42986742187500004 0.789753440625 0.6155660546874999 0.8199859421875001 0.79028245625 0.837039928125 0.8213439515625 0.8256217109374999 0.7168334765625 0.793985896875 0.5661936953125 0.7878252109375 0.4177795953125 0.792405859375 0.2931532859375