0 0.8236385913991102 0.23000065703600053 0.046006012820281585 0.050220175893442943
0 0.6024226393749768 0.7271488655526882 0.04124573821317572 0.04846667490485963
0 0.7022238178254616 0.14137585022964907 0.01962329528527036 0.019514003954332716
0 0.6905135682397463 0.29234810121823224 0.029944365177646405 0.04020850593149907
0 0.6990280814743126 0.39415068175057993 0.028017992142117087 0.03233233893530461
0 0.5766564677444083 0.49348878996325646 0.01940497146395277 0.014826503954332715
0 0.6297001927230177 0.3423918635755219 0.0246746683207995 0.027517504942915848
0 0.8266180421848983 0.23299832304361176 0.03434076674922295 0.03414950692008221
0 0.7147666672873422 0.04953780184484509 0.05389559553293921 0.09907560368969018
0 0.5945525589341214 0.20970403897467332 0.017696922249741044 0.011637836958138336
0 0.5936963802742395 0.2448284554765761 0.016279971463952592 0.01469916996194387
0 0.7573546734375001 0 0.75076823125 0.09337885625 0.734037278125 0.24750453437500003 0.7297626390625 0.40295693125 0.7434716171875 0.5947102859375 0.7707793859375001 0.7737842859375 0.7878233812500001 0.804487771875 0.7784457375 0.696724196875 0.749088421875 0.5428674703125 0.7462645484375 0.3888585671875 0.7540730984375 0.2585882 0.7800265390625001 0 0.7573546734375001 0