0 0.2628842207784562 0.3026145787133162 0.03352513154179624 0.04088260523343701
0 0.47034811028334733 0.281996783777344 0.04133763154179633 0.04133763154179624
0 0.3292743312029778 0.4131495312876824 0.03968412628012441 0.03968412628012441
0 0.8580147102551126 0.3341625834102907 0.029581084186749606 0.026638094710093263
0 1 0.773968078125 0.7916137703125 0.8305063 0.8097333828125001 0.86521850625 1 0.8194102328125 1 0.773968078125
0 0.2771823296875 0.5952708531249999 0.2705347421875 0.568837234375 0.160500403125 0.601264109375 0.17660726875 0.6321185796875 0.2771823296875 0.5952708531249999
0 0.3652404652344356 0.602886865474432 0.03288809471009326 0.02994510523343692
0 0.31040104679034924 0.6238294260542455 0.023331084186749607 0.026274073663405773
0 0.6793884522920175 0.3953899677946844 0.045388094710093266 0.03067314732681181
0 0.7287136181052679 0.37334763879901944 0.02351309471009344 0.029399073663405863
0 0.039133720566694646 0.5114835315700311 0.021662168373499168 0.051092063140062295
0 0.06009793892607638 0.5773283394484214 0.0570382262518895 0.07028167889684286
0 0.20119962301400393 0.7140155393213645 0.026638094710093263 0.029581084186749606
0 0.41550723379146143 0.46333081278712634 0.030127115756780752 0.036013094710093264
0 0.9363686814570915 0.37597762806391427 0.12726263708581698 0.13953147881213823
0 0.3608190047675617 0.5403413628435961 0.033252115756780755 0.03619510523343692
0 0.8078745572431059 0.7298853361117138 0.039866136803468066 0.04280912628012441
0 0.7723735453125 0.49565493437499997 0.8403456703125001 0.47856970312499997 0.9123482859375001 0.46919513437499993 0.90212789375 0.4461968625 0.8370432953125 0.44312653125 0.7559632578125 0.45736905468750005 0.740041040625 0.47653891406250004 0.7723735453125 0.49565493437499997
0 0.5893455390625 0.6040601921875 0.5644595671875 0.5855072890625 0.508912684375 0.5887152125 0.5061743187500001 0.6125875828125 0.44401273437500005 0.6356692109375001 0.4351958984375 0.692421296875 0.4525569 0.7085536796875 0.5132367546875 0.69461993125 0.534893575 0.6795866671875 0.507534928125 0.7367880609374999 0.5492507796874999 0.75846513125 0.631587559375 0.729500721875 0.62558715625 0.6734795984375 0.65039719375 0.6901726984375001 0.6646075859375 0.6745789171875 0.6435979484375001 0.660024678125 0.6686000875 0.6359844609375 0.6408670359374999 0.593139403125 0.5893455390625 0.6040601921875
0 0.6691434015625 0.4674745890625 0.6625716453125 0.44289817343750004 0.5024975390625 0.477097959375 0.507587565625 0.510822253125 0.6691434015625 0.4674745890625
0 0.6982493625 0.453004640625 0.6788327765625 0.47746724374999994 0.6139757703125001 0.47997111875 0.49485900781250003 0.5172707562500001 0.50344340625 0.54570230625 0.7238154031249999 0.4882773625 0.7240101109375 0.4475442453125 0.6982493625 0.453004640625
0 0.744564559375 0.450950071875 0.8857176062500001 0.40791098437500006 0.87557304375 0.386769915625 0.7342683390625 0.4260946 0.744564559375 0.450950071875
0 0.903293796875 0.611130459375 0.8106633999999999 0.6152395984375 0.77061643125 0.6344365734374999 0.7998312125 0.6681337515625 0.8287855125 0.6499494 0.8587992421875 0.6577760796875001 0.8890431718749999 0.6711771625 0.8882845609375 0.6525973421875 0.8727820421875 0.6366080921874999 0.903293796875 0.611130459375
0 0.74383409375 0.56943801875 0.6667794421875 0.591393409375 0.6945124921875 0.6342384703125 0.7314443453125 0.6296228515625 0.7543907921875 0.6461750234375 0.7770768671875 0.6108482640624999 0.8557649078124999 0.5834593953125 0.8852501187499999 0.5782780578125 0.8971772281250001 0.5977024578125001 0.924725734375 0.5905257890625 0.9241592265625 0.5312126515625 0.8296651374999999 0.5351782593750001 0.80375273125 0.5369242515625 0.8044355124999999 0.5536468703125 0.74383409375 0.56943801875
0 0.3785587835655825 0.6978731417827913 0.07066111049510884 0.03681673151356133
0 0.5557575913733857 0.7992899705666947 0.026456084186749607 0.026456084186749607