0 0.7585811562230749 0.27962027962143976 0.03775453005422946 0.0444045649348082
0 0.5449226563212706 0.21105369155471831 0.04557612041330898 0.04610343262955983
0 0.6802657795632501 0.3798054659044475 0.04243293969514959 0.04292388555165925
0 0.1400806202169172 0.17742734496658025 0.03299430718159235 0.031822744317957154
0 0.003947878125 0.6785825328125 0.147616659375 0.74617055 0.1691395875 0.71382064375 0.0036684515625 0.630553184375 0.003947878125 0.6785825328125
0 0.8215887390625 0.64415415625 0.8407207281250001 0.6153996703125 0.7293993578125 0.556577559375 0.7204116671875 0.5828231749999999 0.8215887390625 0.64415415625
0 0.628258893730043 0.571065665580136 0.03611930718159222 0.03187729139585791
0 0.6839185412707149 0.6048463762128731 0.02674430718159222 0.03171365016215581
0 0.32035899355709235 0.28212630194586935 0.05019998789975162 0.03524775324641087
0 0.27094480083688055 0.2476734354689336 0.026744307181592396 0.03171365016215581
0 0.9803743429913583 0.5498993721523879 0.039251314017283434 0.056986385551659066
0 0.9511378575274936 0.6149789013733813 0.07855224687674216 0.07480117694751698
0 0.7892923633812261 0.7246424533225458 0.02830680718159222 0.03174092370110611
0 0.5874970174630015 0.41255769033690226 0.03303066861791084 0.03807274431795715
0 0.0754004966803503 0.20442049310014115 0.0992647226762452 0.14390573295387146
0 0.6380378938282388 0.5063991935833132 0.037718168617910844 0.038154564934808025
0 0.16053103824565282 0.6043034906645092 0.044031801131468165 0.049201159090609535
0 0.08535985625 0.285574846875 0.0729474078125 0.3074100359375 0.14673598593749998 0.333469921875 0.21573789687499997 0.366714478125 0.2507309859375 0.3539353328125 0.23577612343749998 0.3302287734375 0.152978675 0.297014784375 0.08535985625 0.285574846875
0 0.342843475 0.643862025 0.4257688234375 0.6928103796875 0.47067941874999997 0.6794572015625 0.4469161953125 0.6132585203125 0.4681370046875 0.6339154546875 0.529841225 0.6622095781249999 0.5490984 0.6491890796875001 0.5444934578125 0.5876390984375 0.4819842921875 0.549410078125 0.481051765625 0.5237381140624999 0.4238064421875 0.5078575625 0.3965667109375 0.5217232578125001 0.3441029484375 0.49865457031249993 0.3119803609375 0.5373745140625 0.3359464890625 0.568238265625 0.3130380734375 0.5787804624999999 0.326505840625 0.5983481390625001 0.3535187734375 0.5864172765625 0.342843475 0.643862025
0 0.48863007812500003 0.44228469375 0.4965863453125 0.4080363125 0.3336061546875 0.33608040625 0.32484494375 0.36039389375 0.48863007812500003 0.44228469375
0 0.50129258125 0.45192018125000005 0.38095755 0.3859377953125 0.314018490625 0.36869876874999996 0.2958680609375 0.338650028125 0.26963617968750003 0.327115684375 0.26659208749999996 0.36991067499999997 0.49014075 0.479826384375 0.50129258125 0.45192018125000005
0 0.260726209375 0.302292384375 0.1175840546875 0.2291860828125 0.1053980859375 0.24908914218749997 0.248087278125 0.3260596984375 0.260726209375 0.302292384375
0 0.20649858281250003 0.5127675093749999 0.16657245468749998 0.4835976203125 0.071010890625 0.4584169625 0.1005659203125 0.49203055625000003 0.08324400937500001 0.5053195125000001 0.0809782546875 0.52464891875 0.1133539296875 0.517397321875 0.145047128125 0.515944440625 0.1735710515625 0.5415525625 0.20649858281250003 0.5127675093749999
0 0.24743224062500002 0.516540065625 0.2852955203125 0.529704428125 0.31741810625 0.49098448437500003 0.2394022203125 0.45058235937499996 0.17792719375 0.42035648593749997 0.1799664671875 0.40295920937499996 0.15328162343750001 0.3952891234375 0.0557793671875 0.3698392484375 0.050466809375 0.43196326249999994 0.07841258437500001 0.44570165937499995 0.0923070234375 0.42800189218750007 0.12241662499999999 0.440082409375 0.20169041562499998 0.4865551671875 0.2223596828125 0.52874285 0.24743224062500002 0.516540065625
0 0.6069520411725191 0.6683400860348312 0.07523634933607007 0.0419341298696164
0 0.4159503121515621 0.7345303275134146 0.028306807181592397 0.03174092370110611