0 0.3008186323182551 0.7592057451387599 0.04749662628012441 0.03987472749876275
0 0.24247332422810325 0.5574219171195989 0.04960515785015547 0.049331614653892686
0 0.40233490066351935 0.6744412415207153 0.04464464206513981 0.04439845318850324
0 0.22625314490773735 0.1672815959978426 0.03307010523343701 0.032887743102595034
0 0.6767043578124999 0 0.7479695796875 0.1465036625 0.7803660375 0.122638878125 0.7251137203125 0 0.6767043578124999 0
0 0.5983546515625 0.6945478515625 0.5724077484375 0.705667578125 0.6253402390625 0.8086101125 0.6541361484375 0.7873965765625 0.5983546515625 0.6945478515625
0 0.5901225979762137 0.6061848072154046 0.034905621018452494 0.0376571302577247
0 0.6214034190793709 0.6575082898025502 0.031143584186749607 0.02655585594746519
0 0.3218023213855058 0.3320667130265843 0.037196163111827295 0.050239017412854546
0 0.29011197660482535 0.2877744804394389 0.03279708944842143 0.028200243102595036
0 0.5547949588242584 0.9452849287667021 0.05485409997176518 0.03247166327441171
0 0.6189330535343517 0.913884442561512 0.0773507262518894 0.07103619629109836
0 0.7337298428557162 0.7482008095902538 0.03297909997176518 0.03132524310259512
0 0.43817296110215853 0.5806569419956851 0.040973610495108656 0.034859678878243726
0 0.2530879316688531 0.08097892582602606 0.15671897881213823 0.14996677973732644
0 0.5269400585136749 0.6211790434205946 0.04115562101845249 0.03798467887824373
0 0.6417416370152296 0.1478433627333286 0.04786064732681172 0.0461247274987628
0 0.4076835109375 0.223277984375 0.3780092703125 0.1591782421875 0.355530296875 0.089771896875 0.33374766562499997 0.10382294843749999 0.34221686406249996 0.1685532578125 0.3713135140625 0.2460734859375 0.39383408750000004 0.258470659375 0.4076835109375 0.223277984375
0 0.5516400421875 0.385108603125 0.537039075 0.4128587171875 0.550249875 0.4670972578125 0.575243546875 0.46567803906250005 0.6100355546875 0.5230112046875 0.6698652234375 0.5219128234375 0.6833251406249999 0.502003228125 0.6581878984375 0.4445527328125 0.6388895812500001 0.42578488906249995 0.7024911015625 0.44289885625 0.71729401875 0.3980082796875 0.6728611109375 0.3217893859375 0.616427390625 0.3373775375 0.6291328468749999 0.31002333125 0.610588728125 0.29869749375 0.599400225 0.3219337640625 0.5702590609375 0.3014206546875 0.531230796875 0.33617200468749997 0.5516400421875 0.385108603125
0 0.39718843593750003 0.3299696 0.37313438906249996 0.34069397343749996 0.4368213609375 0.49269043593750006 0.47053017031250005 0.4818487328125 0.39718843593750003 0.3299696
0 0.37713831249999996 0.30375658906249997 0.40571575312499997 0.3186871265625 0.4198661796875 0.3822308234375 0.4794221765625 0.493291346875 0.5070741203125 0.47991627968749995 0.4087805734375 0.27244979687500004 0.3669336890625 0.27928828906250003 0.37713831249999996 0.30375658906249997
0 0.3667597359375 0.25842524375 0.2973776703125 0.1266184484375 0.2774878984375 0.1402741453125 0.3430842453125 0.2728716453125 0.3667597359375 0.25842524375
0 0.5028421015625 0.0742052734375 0.523599253125 0.164867965625 0.550455140625 0.2010574546875 0.5798286390625 0.166423434375 0.5559927984375 0.1410011296875 0.5586678468749999 0.1100442765625 0.5670238609375 0.077898203125 0.548087321875 0.081853390625 0.5344425 0.0999050484375 0.5028421015625 0.0742052734375
0 0.48851679531250003 0.2386947125 0.524811890625 0.3109129984375 0.5638401546875 0.27616165000000004 0.552508084375 0.24052820625 0.565401625 0.21503659375 0.5250884765625 0.19875614218749998 0.4829243328125 0.12586448125 0.47234115625 0.09767415 0.49015051249999997 0.0825564203125 0.4778649453125 0.05662088125 0.417081784375 0.0674171671875 0.4380243703125 0.15994300625 0.44444327499999997 0.18520201249999999 0.4614869578125 0.181642175 0.48851679531250003 0.2386947125
0 0.6853286821629633 0.5762715779076195 0.04655575256024882 0.07721095318850324
0 0.7587948161944211 0.3847148417024294 0.03132559471009344 0.02968085594746528