0 0.25479965790104997 0.7427042356393632 0.039462489337999784 0.03642217887824373
0 0.2353609565961396 0.5321828154675468 0.041097714672181596 0.04275406603337366
0 0.3640297545751406 0.6937078929208809 0.03951703333863614 0.041109678878243724
0 0.28820742998091 0.15581506727656896 0.026907945337363515 0.031079581637205766
0 0.8130913171874999 0.28914882343750004 0.7610000125 0.05693653125 0.715587084375 0.0513764359375 0.7787118046875 0.301570721875 0.8130913171874999 0.28914882343750004
0 0.54346430625 0.7754433578125 0.5173254218750001 0.7777876359375 0.5487067140625 0.8925134343750001 0.5792654734375 0.881471075 0.54346430625 0.7754433578125
0 0.5517024772438223 0.6886906015364511 0.030069308004454242 0.03436835594746519
0 0.5721235179026408 0.7476085781307028 0.026835220003181705 0.024829581637205854
0 0.3477898732893202 0.34264335990419414 0.03177725867281787 0.04695024310259503
0 0.32650576662954717 0.2907156897323776 0.029960220003181704 0.024993355947465278
0 0.458104281866688 0.9936592260284247 0.051980670671545326 0.012681547943150661
0 0.5254917765356879 0.97802758197589 0.06800566000954511 0.04394483604821993
0 0.6613758272199598 0.8703267831282284 0.02999658267027261 0.02811835594746519
0 0.41340359325273096 0.6157776447299032 0.034720445337363515 0.031489017412854634
0 0.3281608153246368 0.08129974615481277 0.13742836935072641 0.1352491824962884
0 0.49001099924414043 0.683112308908826 0.03475680800445424 0.034614017412854636
0 0.6793222313017286 0.26855624321413674 0.0442227146721816 0.042917840343632996
0 0.44797002499999994 0.26662118281249997 0.43149355 0.19622689531249998 0.4226538671875 0.1230677828125 0.39988635 0.129522071875 0.396478040625 0.1937871265625 0.410071778125 0.2767649390625 0.4289078421875 0.295704828125 0.44797002499999994 0.26662118281249997
0 0.553949509375 0.4662518390625 0.53548644375 0.48801693906250004 0.53833245 0.543805921875 0.5618880500000001 0.5503871765625 0.5843189640625 0.61596850625 0.6403046390625 0.6339096234375 0.6563341453125 0.6192410578125 0.642927225 0.5566119015625001 0.6282088 0.532634165625 0.6845308078125 0.5690975 0.7061760625 0.531090884375 0.678053284375 0.44448430781250003 0.62270360625 0.44140485468749996 0.6393298703125 0.41941486875 0.6240148984375 0.40275599375000004 0.6095225265625 0.42130999999999996 0.5859300484375 0.39254853437500004 0.5434645625 0.4132222453125 0.553949509375 0.4662518390625
0 0.41954745468750004 0.364785715625 0.39524280156249997 0.367354565625 0.42808504999999997 0.532157784375 0.46141369687499995 0.53254110625 0.41954745468750004 0.364785715625
0 0.40542835781250003 0.3334868734375 0.4294702265625 0.3567587875 0.431567178125 0.4216978734375 0.467707246875 0.5462481218749999 0.4958300859375 0.542299421875 0.44040442031250004 0.3137461140625 0.4001858859375 0.30697207656250003 0.40542835781250003 0.3334868734375
0 0.403667740625 0.28707000625 0.36198810312499996 0.139665828125 0.341054815625 0.1463446921875 0.379065990625 0.2932997234375 0.403667740625 0.28707000625
0 0.5627476390624999 0.1550064375 0.566268878125 0.2478401703125 0.58499209375 0.2907892703125 0.6184335890625 0.2671633859375 0.6006460328125 0.23541539843749998 0.6085477578125 0.2068152453125 0.6219549546875001 0.17888656249999998 0.6036049484375 0.1766398953125 0.5877275265625 0.1894823390625 0.5627476390624999 0.1550064375
0 0.5206578703125 0.306938171875 0.54189055 0.3871565953125 0.584356034375 0.366482884375 0.5800123421875 0.32898898593750003 0.5964886703125 0.3088305578125 0.561738515625 0.28055033749999997 0.53515030625 0.1978288859375 0.5302049281250001 0.167653221875 0.549453503125 0.15892335156249998 0.5425267375 0.1303524234375 0.4839579875 0.121334278125 0.48732672031249996 0.21599925468749998 0.4889007328125 0.24206490781249998 0.505416509375 0.24408700312499998 0.5206578703125 0.306938171875
0 0.6462700899109132 0.6905197744218011 0.03675566000954511 0.07219590456798422
0 0.747397879933185 0.5316571087725404 0.026871582670272433 0.027954581637205676