0 0.6899779379045656 0.15072934532047405 0.04300570616851011 0.049085953188503326
0 0.4652779468330194 0.17970859565915834 0.05087275324641087 0.05262038896415202
0 0.6554547077900679 0.2784349434660232 0.04769320616851012 0.049331614653892505
0 0.07676664610167072 0.32127413444159625 0.03810001785690749 0.03634029172311397
0 0.3033815796875 0.8066949593749999 0.0739635078125 0.798760984375 0.086283734375 0.8443382484375 0.29542159375 0.8459076265625001 0.3033815796875 0.8066949593749999
0 0.8848346046875 0.4628492296875 0.8919109796875 0.42799422500000006 0.7663013359375 0.42108642031250004 0.767733078125 0.44927311718749996 0.8848346046875 0.4628492296875
0 0.6769144707757115 0.47749324118203107 0.0412795649348082 0.03962906603337366
0 0.741962772317839 0.4858136742441463 0.030260244317957152 0.03436835594746519
0 0.28278086688067755 0.34175597354203396 0.05383411201270878 0.043409163274411536
0 0.22394165503012448 0.3307642418593996 0.03028751785690744 0.03593085594746537
0 0.9760927159077429 0.3810564959317294 0.04781456818451417 0.07942855042954129
0 0.884650878648505 0.5518403867049038 0.03185001785690744 0.03601274310259513
0 0.5808189464259822 0.3480314704898162 0.038209112012708955 0.04259029172311406
0 0.044127469964932615 0.37772220827688596 0.07772735389503399 0.16018058344622813
0 0.6625013689092724 0.41334553200063395 0.04292388555165907 0.04439845318850324
0 0.25478787499505706 0.7091824909548885 0.050900026785361166 0.0541828889641522
0 0.0654767453125 0.4453972421875 0.0620730515625 0.47095945625 0.1405046453125 0.4635470625 0.21716224843749998 0.46484632656249997 0.2449711515625 0.43801852812500003 0.22219564374999998 0.42243355468750005 0.1327050578125 0.427066896875 0.0654767453125 0.4453972421875
0 0.4389876984375 0.667473190625 0.534472371875 0.6773771187500001 0.5713006734375 0.6457724406249999 0.524458103125 0.594550215625 0.55192885625 0.604625253125 0.619943490625 0.6044567890625 0.633011284375 0.5841398640625 0.6057418734375 0.5290294109375 0.5332682359375001 0.5203287859375 0.5228144296874999 0.496919778125 0.46358633437499996 0.506692228125 0.4434019375 0.53120938125 0.3859417796875 0.5322691453124999 0.3704914265625 0.58192584375 0.4043293125 0.60029170625 0.3869366515625 0.6198729281250001 0.406782184375 0.6322559625 0.42747786562499995 0.6096302359375 0.4389876984375 0.667473190625
0 0.49945661250000006 0.4181367015625 0.4940764296875 0.38296969375 0.3154656359375 0.3859907421875 0.3163868109375 0.41228865781249996 0.49945661250000006 0.4181367015625
0 0.51484385625 0.42165328906250005 0.3781684515625 0.411962759375 0.30940772499999997 0.424624115625 0.281288884375 0.4045250703125 0.25255880625 0.4050549515625 0.26570367968749997 0.446045734375 0.514880703125 0.4523062234375 0.51484385625 0.42165328906250005
0 0.2349944453125 0.38584720625 0.07442439687499999 0.37931103906249997 0.0705101390625 0.40298447187499997 0.23210131875 0.4132982 0.2349944453125 0.38584720625
0 0.26309422968749996 0.60424979375 0.215029184375 0.5942854234375 0.11665405468750001 0.6118316796875 0.156722265625 0.6303557859375 0.14555654843750002 0.6500934140625 0.1506643546875 0.66898915625 0.17810021250000002 0.6484078078125 0.2070658171875 0.633496253125 0.2431848734375 0.6450374015625 0.26309422968749996 0.60424979375
0 0.3026143125 0.5902295375 0.34278248125 0.5862332875 0.358232834375 0.536576590625 0.2705101859375 0.532497246875 0.201987653125 0.5307761234374999 0.1973904109375 0.5137691609374999 0.169681465625 0.5180766046875 0.06939892187499999 0.5362037749999999 0.0876489359375 0.5960911078125 0.11879770625 0.5968717406249999 0.125125321875 0.5745104390625 0.1576697015625 0.572827478125 0.2488302203125 0.5819983484375 0.283826759375 0.6122769984375 0.3026143125 0.5902295375
0 0.6942849772685332 0.5766743696307335 0.07899775324641087 0.05409435775648745
0 0.5411890251572128 0.7207596415661438 0.03182274431795697 0.034450243102595125