0 0.26015625 0.2890625 0.0296875 0.0375
0 0.4609375 0.25390625 0.0375 0.0375
0 0.3203125 0.38984375 0.03515625 0.03515625
0 0.83125 0.275 0.02734375 0.025
0 0.9974999999999999 0.673215 0.748215 0.7589275 0.764285 0.7910725000000001 0.9974999999999999 0.7178575 0.9974999999999999 0.673215
0 0.15 0.5839274999999999 0.164285 0.6125 0.2625 0.5696424999999999 0.2571425 0.5446424999999999 0.15 0.5839274999999999
0 0.34765625 0.5703125 0.03046875 0.0265625
0 0.29296875 0.59453125 0.02109375 0.025
0 0.65703125 0.34765625 0.04296875 0.0265625
0 0.70546875 0.32265625 0.02109375 0.0265625
0 0.0234375 0.50703125 0.04609375 0.04609375
0 0.05 0.56953125 0.0640625 0.0609375
0 0.18515625 0.68984375 0.0234375 0.0265625
0 0.40078125 0.43203125 0.0265625 0.03203125
0 0.925 0.30859375 0.15 0.12265625
0 0.02265625 0.975 0.0234375 0.02890625
0 0.3453125 0.5109375 0.03046875 0.03203125
0 0.76796875 0.6609375 0.0359375 0.0390625
0 0.7428575000000001 0.4375 0.8089275 0.4160725 0.8785725 0.401785 0.8696425 0.3803575 0.8071425 0.3821425 0.7285725000000001 0.401785 0.7125 0.42142749999999995 0.7428575000000001 0.4375
0 0.42142749999999995 0.5964275 0.410715 0.6517850000000001 0.426785 0.6660725000000001 0.485715 0.648215 0.5071424999999999 0.6321424999999999 0.4785725 0.689285 0.5178575000000001 0.7071425 0.5982149999999999 0.673215 0.5946425 0.6196425 0.6178575000000001 0.6339275 0.6321424999999999 0.6178575000000001 0.6125 0.6053575 0.6375 0.5803575000000001 0.6125 0.5410725000000001 0.5625 0.5553575000000001 0.539285 0.539285 0.485715 0.5464275 0.4821425 0.5696424999999999 0.42142749999999995 0.5964275
0 0.48392749999999995 0.43928500000000004 0.4875 0.4714275 0.6446425 0.41785750000000005 0.639285 0.3946425 0.48392749999999995 0.43928500000000004
0 0.673215 0.401785 0.6535725 0.426785 0.5910725 0.43392749999999997 0.475 0.4785725 0.4821425 0.5053575 0.6964275 0.43392749999999997 0.698215 0.3946425 0.673215 0.401785
0 0.8464275000000001 0.325 0.7089274999999999 0.37321499999999996 0.7178575 0.39642750000000004 0.8553575 0.3446425 0.8464275000000001 0.325
0 0.7910725000000001 0.5821425 0.8196424999999999 0.5875 0.848215 0.5982149999999999 0.848215 0.5803575000000001 0.8339275 0.5660725 0.864285 0.539285 0.775 0.55 0.735715 0.5714275 0.7625 0.601785 0.7910725000000001 0.5821425
0 0.7125 0.510715 0.6375 0.5375 0.6625 0.576785 0.698215 0.5696424999999999 0.7196425 0.5839274999999999 0.7428575000000001 0.548215 0.8196424999999999 0.5160725 0.848215 0.5089275 0.8589275000000001 0.5267850000000001 0.885715 0.5178575000000001 0.8875 0.460715 0.7964275 0.4714275 0.7714274999999999 0.475 0.7714274999999999 0.4910725 0.7125 0.510715
0 0.35625 0.66171875 0.06640625 0.03046875
0 0.52265625 0.74609375 0.0234375 0.025