0 0.30097088688158863 0.2674423269216895 0.03877333992388783 0.03299659057054054
0 0.2733419298849567 0.4696747609582547 0.03902800790866543 0.03924659057054054
0 0.40657889973316985 0.333182950990676 0.035775673916276673 0.035976041356328814
0 0.31052884246970786 0.8464748554577367 0.026146005931499072 0.029289393713693813
0 0.7771832296875 1 0.83178401875 0.8030592437499999 0.7984847265624999 0.7852245453125 0.7323297640625 1 0.7771832296875 1
0 0.6256717078125 0.18547838125 0.5960731609375001 0.16962479218749998 0.560622115625 0.2765413109375 0.586224453125 0.283162525 0.6256717078125 0.18547838125
0 0.5905055721665718 0.36904133002206135 0.029398339923887917 0.03255994292790545
0 0.612495977299768 0.3154818364322022 0.025891337946721472 0.023039393713693724
0 0.37677197189974165 0.6733327619917121 0.029907675893442943 0.045059942927905536
0 0.35377748227986494 0.7213871182780183 0.029016337946721472 0.023184942927905537
0 0.5124509204562354 0.04180243382716829 0.04983817391627667 0.03663101282028158
0 0.5774365919010542 0.06744244271850845 0.06517401384016441 0.06853598428423431
0 0.7056637040680634 0.20987399937631826 0.02908000494291585 0.02474744292790545
0 0.4521089170333754 0.41717911538253427 0.03395850593149916 0.029653266749222952
0 0.3486920287432741 0.9323480812649156 0.13098469764227277 0.13530383747016864
0 0.9859534167490487 0.057639527083796015 0.028093166501902543 0.023184942927905426
0 0.5295044051703772 0.36464062034493294 0.03408583992388792 0.03277826674922295
0 0.6993247456257379 0.8006423945377541 0.04208934091247087 0.03782963978475209
0 0.41917284062500004 0.8906005046875001 0.44129605937500005 0.9006796937500001 0.45292010156250007 0.8306496953125 0.47194076718750005 0.764586753125 0.454367696875 0.7330069671875 0.43509095000000003 0.7483954296875 0.41839956093749997 0.8272331312500001 0.41917284062500004 0.8906005046875001
0 0.705261853125 0.6288873640625 0.7363818359375001 0.5489104078125 0.716627275 0.5081827671875 0.6597964515625 0.5344858593749999 0.6752273109375 0.5134920390625 0.6909189718750001 0.45450902187500003 0.675749121875 0.437518715625 0.6199917625 0.44577677031249996 0.5953104890625001 0.506149834375 0.5718897468749999 0.5086790156250001 0.566854528125 0.5627270703125 0.5841321328125 0.5870555859375 0.5716979624999999 0.637141540625 0.612615396875 0.66437984375 0.636961921875 0.6401812578125 0.6504648375000001 0.6607139453124999 0.6661886234375001 0.6469712765625 0.6507257421875 0.622727284375 0.705261853125 0.6288873640625
0 0.49582145625 0.506944821875 0.46304169218749996 0.501798059375 0.42414608906250006 0.6574104875 0.44793624374999996 0.6639472953125 0.49582145625 0.506944821875
0 0.5025581703124999 0.49459231875 0.46203491406249997 0.6103213796875 0.45736910625 0.6734354234375 0.4328009546875 0.692194921875 0.42658387031249995 0.7172378984375001 0.466393175 0.7172807703124999 0.5300465296875 0.503110115625 0.5025581703124999 0.49459231875
0 0.4052732109375 0.7271003328125001 0.3620119890625 0.8644143953125001 0.3823230234375 0.8744091796875001 0.4292086109375 0.737263928125 0.4052732109375 0.7271003328125001
0 0.6076123046874999 0.763668246875 0.587483615625 0.802538296875 0.5802989296875001 0.8926763078125 0.60623855 0.8631231578125 0.6213321265625 0.8783037015625 0.6394615671875 0.8791480937499999 0.627401425 0.8496338203124999 0.6207804734375 0.8203754140624999 0.6395401265625 0.792296596875 0.6076123046874999 0.763668246875
0 0.6042488453125 0.7255127781249999 0.6100226765625 0.689591628125 0.5691052437499999 0.662353325 0.5450149046874999 0.737228928125 0.5275109578125 0.7961250046874999 0.5111936984375001 0.7953650156250001 0.5086009796875001 0.8205768015625001 0.5014927765625 0.9125296515624999 0.5594316265625 0.913419453125 0.5673869500000001 0.8866461578125 0.548814359375 0.87492613125 0.554886196875 0.84625636875 0.5843417828125 0.7698219140625 0.6196377828124999 0.7479420515624999 0.6042488453125 0.7255127781249999
0 0.6830750741437381 0.382710031841307 0.033987680836358794 0.06864299214211708
0 0.7766698597327324 0.5554990225356822 0.02595500494291585 0.024601893713693812