0 0 0.43941315625 0.40503614062500004 0.3893972234375 0.7712853515625 0.37272446875 0.9711664156250001 0.3550749015625 0.9605003171875 0.275766803125 0.5857779578125 0.291240134375 0.297984509375 0.3144457546875 0 0.3431465078125 0 0.43941315625
0 0.4761618032866319 0.23185803457322907 0.9523236065732638 0.26059106914645813
0 0.2585793793715966 0.7470869148189032 0.05116376291777787 0.05145485141192587
0 0.3484224761612146 0.7833175830030188 0.05606946846486114 0.06096624373179367
0 0.1691512438286451 0.8609699069013445 0.03368532218833335 0.03845474623907634
0 0.3874648327344784 0.8860848818285199 0.03855466014423614 0.04640363855894449
0 0.4969924884134024 0.5132360667056827 0.08132404160312508 0.07263116943775678
0 0.0894936854111109 0.5387108105039836 0.1789873708222218 0.07742162100796719
0 0.09766986132291647 0.506125631037097 0.19533972264583294 0.074751262074194
0 0.5395806851267705 0.46365961553118373 0.0823773953265972 0.0508016335443795
0 0.8068220833031592 0.5027067098169736 0.07452852773541671 0.04901181301126591
0 0.9492284420606246 0.4638524614663262 0.07768989532659738 0.05066524122451135
0 0.3701754152751384 0.5204909740692456 0.06678876291777787 0.051909492478152686
0 0.3073500665856594 0.4318854636444042 0.04138871941479163 0.03399456677218957
0 0.17326535410472185 0.44909203252816504 0.04676720364722229 0.06381845909205772
0 0.23901372141156196 0.6472316673261856 0.041570557370694504 0.04180706677218957
0 0.651435107335763 0.9649075299543757 0.04298758700597212 0.03560253087881264
0 0.6800731728745827 0.7421519915537157 0.043060322188333444 0.03872753087881229
0 0 0.2113559296875 0.0773868328125 0.19865727187499999 0.23848755625 0.1742088578125 0.4125427015625 0.1499386734375 0.534923475 0.1397208109375 0.6800694546875 0.1339665140625 0.6750755234375 0.110574834375 0.5037785312499999 0.11415139062499999 0.33855605781250003 0.13543411875 0.1087071484375 0.1705878609375 0 0.1888707421875 0 0.2113559296875
0 0.4420335379003122 0.4561306088672662 0.034956881458888846 0.02600021034569906