0 0.6048282781250001 0.0105573171875 0.6690134984375 0.48801839375 0.6891921390625 0.841096878125 0.70501738125 0.9999074640625001 0.782942340625 0.994424959375 0.76565216875 0.667797253125 0.740056678125 0.3897310734375 0.6994404421875 0.012208778125 0.6048282781250001 0.0105573171875
0 0.8146522359780475 0.5020543871699217 0.21367947195609496 0.9793989480508353
0 0.32303686680159915 0.32565811363426667 0.04768722749876284 0.04610343262955983
0 0.2883962731786057 0.40935127516050807 0.05574538896415202 0.05092730032431163
0 0.21199646822650867 0.2323972629856435 0.034368355947465276 0.030260244317957152
0 0.18933465343633055 0.4404046318982113 0.043825243102595036 0.03198638555165907
0 0.5504093515364511 0.5684707252399385 0.06791119629109836 0.07455571509696383
0 0.5151447224103801 0.13387753692833565 0.07716444482076028 0.25111821509696397
0 0.5484076017635938 0.14304403124629278 0.0718152035271876 0.2681966209411626
0 0.5987959418800842 0.6130252946389734 0.047844357756487634 0.07888865909060953
0 0.5645282417437987 0.867662201700988 0.0442280348257091 0.0694591120127086
0 0.6013841898439193 0.9854822398520827 0.04259029172311415 0.029035520295834515
0 0.5424596534363305 0.4465684517009881 0.048506099050060314 0.06172843262955983
0 0.6261895222740946 0.3910508831127319 0.03157090456798421 0.036455697240056394
0 0.6100588319758901 0.2619809918790299 0.06142217887824373 0.040098894480112966
0 0.4183526888278665 0.3124916862797125 0.03946529172311415 0.0381545649348082
0 0.1173212918346557 0.6896994740254178 0.03173467887824381 0.039580697240056396
0 0.3317456399802049 0.730127425322664 0.03650406603337357 0.041225017856907444
0 0.9130568765625 0.43975121093749997 0.8765948296875001 0.2166478 0.84403573125 0.034135704687500004 0.839578634375 0.014654900000000002 0.8194544984375 0.01430363125 0.849188065625 0.1848134171875 0.8745603640624999 0.3411744875 0.899906178125 0.509976840625 0.9111276625 0.628242753125 0.9183021734375 0.7681165937500001 0.9407928515625 0.7647564140625 0.9354240781250001 0.5998793515624999 0.9130568765625 0.43975121093749997
0 0.6047792689947343 0.5186849594116258 0.023512743102595123 0.03163182954530477