0 0.488162521875 0.9827498265625 0.379396203125 0.5295557265624999 0.324538821875 0.18310177656249998 0.29268185468749996 0.026102648437499997 0.2164432796875 0.047741981249999996 0.26623385625 0.3711361796875 0.3190131046875 0.641964296875 0.39174186718750004 0.986116909375 0.488162521875 0.9827498265625
0 0.23516780201523094 0.5268352853945444 0.31947126365237255 0.9406548041685021
0 0.7368752268796577 0.6186680550951744 0.051862481849627426 0.05336310217691818
0 0.7623933773471959 0.5287325358578807 0.05970225292686635 0.05832342068857255
0 0.8551934348233757 0.6887399637180293 0.0376908975406721 0.03412202885594055
0 0.8572064284786641 0.4769939318668639 0.047093168617910665 0.039136911069925694
0 0.48882913320092836 0.42580846561694585 0.07391019867214013 0.08381449400955017
0 0.5652537151721928 0.8496154986492377 0.10302604781181834 0.2551091406515056
0 0.5332451910698918 0.8468278045470201 0.10000104176169415 0.27218751324684404
0 0.4366990066392994 0.3909175996450295 0.05516019867214013 0.08315972958157988
0 0.44523925624651595 0.13129706298454064 0.05041815651766246 0.07362103847458741
0 0.3959210331774873 0.019651512571462727 0.0455761204133089 0.039303025142925455
0 0.5084462207313376 0.5446303874866447 0.05350679508134384 0.06748016587924913
0 0.4306979497522946 0.6168625407520221 0.03460225897699054 0.040262901451278844
0 0.4604303806668456 0.7423610485565704 0.06277271077238851 0.04905754809323426
0 0.644515010057145 0.6515748135326949 0.04243293969514959 0.04366071996293321
0 0.9040370184449603 0.21447408449926905 0.03462043969514994 0.04338790145127884
0 0.6884301991631194 0.21887887542092715 0.039317030054229284 0.045114092558271326
0 0.1433338140625 0.6283164234374999 0.201397371875 0.8422957375 0.24425384062500002 0.9912673046875 0.2662401421875 0.9904995265625001 0.2315949125 0.8682039874999999 0.1910809015625 0.71819960625 0.14936173125000002 0.55583376875 0.126582965625 0.4407161546875 0.1056595390625 0.3032960125 0.08379669375 0.31131706718749996 0.10541262343749999 0.47394497031249994 0.1433338140625 0.6283164234374999
0 0.4392740399149825 0.4853397222403678 0.02519089754067192 0.0336855192372937