0 0.730809925 1 0.6981961937500001 0.6603859046875 0.6658490921875 0.3705717484375 0.6114961109375 0.0106737046875 0.5302473953125 0.009255503125 0.549912828125 0.1983708984375 0.6037562234375 0.5652438109375 0.6338466640625 1 0.730809925 1
0 0.7519348538527012 0.5059456314911741 0.14136970770540244 0.9881087370176518
0 0.27914953787193436 0.7646427471573309 0.04663095909205772 0.04610343262955983
0 0.2259586902209323 0.6809438571414448 0.056096887305303156 0.04939207386326174
0 0.1838717932822107 0.8715182642034595 0.03523881802583091 0.03028751785690744
0 0.11675117478152608 0.6579545961843962 0.043142246239076296 0.033548885551659066
0 0.46333535510634255 0.4929973924482228 0.06619931301126591 0.07455571509696383
0 0.5184657536279097 0.9072023940730759 0.055637549221212446 0.18559521185384825
0 0.5493747728282397 0.8957836530015296 0.050069510820552665 0.2084326939969408
0 0.5048037895877939 0.4421849147693571 0.04450616943775678 0.08042388555165907
0 0.41448971199505164 0.18292691720498908 0.04110838479802066 0.0709943384737585
0 0.4267359962390763 0.040244539363967644 0.04244356426490725 0.06320911201270885
0 0.4818616977427797 0.619818991068251 0.04400606426490725 0.06323638555165907
0 0.5801233529947714 0.669166200483172 0.030778638558944492 0.038018197240056395
0 0.5895247482176333 0.8044179078694983 0.06046613855894449 0.03853639448011279
0 0.3808256981384911 0.770321777189103 0.03859113855894432 0.038154564934808025
0 0.20370663935036717 0.34556941882984216 0.03555706677218966 0.041225017856907444
0 0.880776534375 1 0.87635213125 0.826888815625 0.866904403125 0.5929084015625 0.856182296875 0.42532000312499996 0.8268373953125 0.25437075781249996 0.8028164203125 0.252946125 0.8249959484374999 0.39821003906249997 0.8384061484374999 0.5215031046874999 0.8478777687499999 0.6983308484374999 0.8546877671875001 0.8622984375 0.8587540718750001 1 0.880776534375 1
0 0.531037332145089 0.5386877678536122 0.022784282132453627 0.03163182954530477