0 0.668727246875 0 0.6593029453125 0.12371086875 0.646761165625 0.49480468593750004 0.5946957765625001 0.9646851921874999 0.6932677265625 0.9589440296875 0.72376741875 0.596228803125 0.7438342359375001 0.30373694375000004 0.7528213296875 0 0.668727246875 0
0 0.8010405005967758 0.47915979507714657 0.19410310813172132 0.9583195901542931
0 0.2872763505729134 0.6734250055440205 0.04900112133990877 0.051258663111827474
0 0.24925018658500378 0.5866376370858168 0.05841248400699968 0.054929694681858265
0 0.173676379893414 0.7745086343843937 0.03786362667090888 0.03343412628012423
0 0.14419960725654898 0.5568429922486666 0.044168170671545236 0.03848564732681172
0 0.5206177512730937 0.41312672944742285 0.0696590666772721 0.08212923151356133
0 0.4959593652132782 0.8548892952183209 0.07144083736472577 0.2352542315135615
0 0.5288900438813237 0.8428219347232121 0.06542719470081657 0.2552027104668738
0 0.5703637599459116 0.36494756370475956 0.04782042934436319 0.08398015785015547
0 0.528178449315728 0.09883671629324317 0.0430238413430903 0.07433214206513991
0 0.5144393819223672 0.5415247452324383 0.04763861600890866 0.06835515785015538
0 0.6043462192473221 0.597965190055471 0.03170453333863606 0.04088260523343692
0 0.5902735338956411 0.7338494821488458 0.06299089600572713 0.04582771046687384
0 0.38707635590391354 0.6847881687970222 0.03951703333863606 0.04133763154179633
0 0.0621341839592746 0.2961777790097823 0.033303396005727 0.04409861049510884
0 0.28675292329727436 0.248743523959872 0.03799089600572696 0.04437162628012441
0 0.8661927453124999 0.6438996 0.8433797359374999 0.80864145625 0.8218855859374999 0.9514528921875 0.8442507828125001 0.9501502687500001 0.8713787046875 0.7745558781249999 0.9042020328125 0.5394879984375 0.923767271875 0.370865759375 0.9253669375 0.1976754 0.9016682140625001 0.1946994984375 0.8975600968749999 0.3416901296875 0.8886732578125001 0.46609972656250004 0.8661927453124999 0.6438996
0 0.5793654952657759 0.4635747795038926 0.023819308004454243 0.03417757892507787