0 0.5872351765625 1 0.651868396875 0.6731910078125 0.7004457703125 0.40569838437500005 0.7487683859375001 0.0636705703125 0.6749605203125 0.0457682125 0.6412291203125 0.2237700328125 0.5914795234375 0.565451728125 0.49331210625 1 0.5872351765625 1
0 0.7361076806042602 0.5361637866848001 0.2946254910649557 0.9276724266303997
0 0.24317806656295654 0.666785649379497 0.04928297970746058 0.04984688730530316
0 0.21656674797470038 0.5792485454602888 0.058739800324311545 0.054807171945039104
0 0.12699791315438985 0.7400065375427299 0.03648297077900677 0.0322956744523216
0 0.12279915706530993 0.5327479670096166 0.04437729139585782 0.03721049498543501
0 0.4834969237044014 0.46742346153283326 0.07011367694751698 0.08012542069139812
0 0.41367397849623516 0.8809827101145897 0.09331717207625304 0.23803457977082054
0 0.44499216234361094 0.8748194582341279 0.09051945454365722 0.2503610835317442
0 0.5341378518697344 0.43215956294475893 0.05136367694751698 0.07957985141192588
0 0.5221635519491646 0.17777593982522086 0.04812958279171564 0.07323892319868044
0 0.5720562321430925 0.05103759507721263 0.04802048863591431 0.06698892319868041
0 0.4650315215136507 0.5849148384132951 0.051090941558013726 0.06395485141192588
0 0.5419973961082614 0.6535942937444291 0.03193183847375849 0.03997178213245363
0 0.5140478997617093 0.7770628859851548 0.06172843262955983 0.04708560015828454
0 0.3333394164008007 0.6959850675636126 0.04133411201270878 0.04180706677218975
0 0.074092470375265 0.27807718738444537 0.031959112012708846 0.04153428213245362
0 0.28600213514791734 0.27330007383181865 0.038236385551659244 0.043278638558944316
0 0.7324342796875001 1 0.769283134375 0.86480168125 0.8236811765625 0.652804525 0.8590417578125 0.5000214453125 0.878347390625 0.339798715625 0.856854940625 0.33281158125 0.8379398515625001 0.4683054609375 0.8169544046875 0.5820190515625 0.7779671921875 0.742787475 0.7400187796875 0.8913947390624999 0.71088370625 1 0.7324342796875001 1
0 0.5325287130716643 0.5243470629447591 0.02557274431795715 0.03353992570596294