0 0 0.3825 0.47750000000000004 0.385 0.8099999999999999 0.4125 0.9974999999999999 0.42000000000000004 0.9974999999999999 0.34750000000000003 0.6525000000000001 0.3175 0.39 0.305 0 0.2925 0 0.3825
0 0.50390625 0.24765625 0.9921875 0.0703125
0 0.30234375 0.68984375 0.03984375 0.03984375
0 0.37890625 0.73359375 0.0421875 0.04765625
0 0.2078125 0.7828125 0.025 0.0296875
0 0.4015625 0.83125 0.02734375 0.0375
0 0.5453125 0.5078125 0.06484375 0.0546875
0 0.12890625 0.4828125 0.24765625 0.03984375
0 0.1359375 0.45390625 0.271875 0.0328125
0 0.58984375 0.4671875 0.0703125 0.03515625
0 0.8265625 0.53359375 0.0625 0.0328125
0 0.96328125 0.5140625 0.0734375 0.034375
0 0.4296875 0.4984375 0.0546875 0.0375
0 0.38359375 0.4125 0.0328125 0.025
0 0.2609375 0.4109375 0.0328125 0.05234375
0 0.29609375 0.5984375 0.0328125 0.0328125
0 0.6296875 0.9328125 0.03515625 0.025
0 0.6828125 0.73515625 0.03515625 0.0296875
0 0.625 0.175 0.7566675 0.18666750000000001 0.755 0.16499999999999998 0.6 0.1483325 0.44833249999999997 0.1483325 0.23666749999999998 0.1533325 0.0633325 0.16 0.0066675 0.16499999999999998 0.0116675 0.1816675 0.205 0.175 0.3533325 0.1716675 0.5133325 0.16999999999999998 0.625 0.175
0 0.50234375 0.44921875 0.028125 0.01796875