0 0.17250000000000001 0.325 0.23500000000000001 0.325 0.335 0.3025 0.335 0.27999999999999997 0.29 0.215 0.255 0.195 0.1075 0.16999999999999998 0.017499999999999998 0.20750000000000002 0.0125 0.24500000000000002 0.042499999999999996 0.29 0.075 0.305 0.17250000000000001 0.325
0 0.365 0.385 0.3875 0.4025 0.39 0.4225 0.4125 0.44749999999999995 0.4625 0.47000000000000003 0.485 0.47000000000000003 0.505 0.485 0.54 0.48250000000000004 0.6025 0.4575 0.595 0.40750000000000003 0.6025 0.395 0.595 0.3875 0.5325 0.3725 0.5075000000000001 0.33999999999999997 0.38 0.315 0.35 0.3175 0.35 0.34750000000000003 0.3675 0.355 0.365 0.385
0 0.515 0.3175 0.51 0.2625 0.4925 0.2475 0.44000000000000006 0.2425 0.43499999999999994 0.23500000000000001 0.4025 0.2575 0.395 0.27749999999999997 0.4125 0.32 0.48250000000000004 0.32999999999999996 0.515 0.3175
0 0.5974999999999999 0.26749999999999996 0.5974999999999999 0.195 0.55 0.1575 0.49749999999999994 0.1575 0.4425 0.22000000000000003 0.4375 0.2475 0.4175 0.25 0.41500000000000004 0.28500000000000003 0.5375 0.28500000000000003 0.5475 0.3025 0.5974999999999999 0.26749999999999996
0 0.8400000000000001 0.8525 0.9925 0.8474999999999999 0.9974999999999999 0.6849999999999999 0.9525 0.6725 0.925 0.6825 0.9075 0.675 0.7849999999999999 0.7224999999999999 0.795 0.755 0.7825 0.7925 0.8 0.8375 0.8400000000000001 0.8525
0 0.36 0.5525 0.355 0.5650000000000001 0.315 0.5650000000000001 0.3075 0.58 0.26749999999999996 0.5625 0.26 0.58 0.2325 0.58 0.23500000000000001 0.6025 0.28250000000000003 0.6224999999999999 0.29500000000000004 0.6174999999999999 0.2975 0.6275000000000001 0.6675 0.78 0.7474999999999999 0.7775000000000001 0.7925 0.7474999999999999 0.8 0.73 0.8550000000000001 0.73 0.905 0.7150000000000001 0.93 0.7175 0.9425000000000001 0.73 0.9974999999999999 0.73 0.9974999999999999 0.5625 0.95 0.5625 0.9349999999999999 0.5875 0.905 0.5974999999999999 0.8724999999999999 0.5625 0.835 0.5650000000000001 0.8099999999999999 0.5599999999999999 0.8099999999999999 0.5475 0.7675 0.5475 0.7474999999999999 0.5375 0.7325 0.515 0.71 0.515 0.7 0.505 0.7224999999999999 0.39249999999999996 0.7 0.3725 0.7 0.2975 0.655 0.26749999999999996 0.61 0.2575 0.6025 0.275 0.5875 0.27999999999999997 0.5599999999999999 0.265 0.495 0.265 0.485 0.2575 0.47750000000000004 0.27 0.4375 0.2575 0.4225 0.2725 0.40750000000000003 0.305 0.40750000000000003 0.4525 0.39 0.545 0.36 0.5525
0 0.26 0.5075000000000001 0.275 0.4325 0.24500000000000002 0.4025 0.185 0.39249999999999996 0.14750000000000002 0.41 0.11499999999999999 0.4025 0.10500000000000001 0.4325 0.1125 0.5 0.1275 0.5075000000000001 0.2325 0.525 0.26 0.5075000000000001
0 0.8400000000000001 0.4375 0.8300000000000001 0.42750000000000005 0.8300000000000001 0.4 0.79 0.395 0.7525000000000001 0.40499999999999997 0.7474999999999999 0.4175 0.7150000000000001 0.4125 0.745 0.54 0.8074999999999999 0.54 0.8400000000000001 0.5175 0.8400000000000001 0.4375
0 0.8225 0.365 0.79 0.3 0.7150000000000001 0.27999999999999997 0.7075 0.28500000000000003 0.735 0.32 0.7725 0.3525 0.8225 0.365
0 0.1875 0.7375 0.20249999999999999 0.7125 0.20249999999999999 0.6525000000000001 0.19 0.62 0.1675 0.6075 0.08249999999999999 0.595 0.04 0.6375 0.04 0.6925 0.052500000000000005 0.73 0.1525 0.7525000000000001 0.1875 0.7375
0 0.7075 0.9925 0.7125 0.9275 0.6875 0.825 0.675 0.8175000000000001 0.5325 0.8150000000000001 0.45 0.8275 0.4425 0.8375 0.445 0.95 0.4625 0.9949999999999999 0.7075 0.9925
0 0.365 0.24500000000000002 0.4 0.2 0.3875 0.16999999999999998 0.3725 0.1775 0.33999999999999997 0.1625 0.325 0.18 0.3175 0.20750000000000002 0.33999999999999997 0.225 0.34249999999999997 0.2425 0.365 0.24500000000000002
0 0.36 0.8625 0.39249999999999996 0.8550000000000001 0.41500000000000004 0.8375 0.4225 0.775 0.39249999999999996 0.7474999999999999 0.3525 0.7325 0.3125 0.74 0.27749999999999997 0.7275 0.18 0.74 0.1775 0.825 0.2 0.8300000000000001 0.20750000000000002 0.845 0.36 0.8625
0 0 0.5125 0.06 0.5075000000000001 0.0975 0.48250000000000004 0.10500000000000001 0.43499999999999994 0.0625 0.4175 0 0.425 0 0.5125
0 0.8925000000000001 0.9375 0.86 0.9199999999999999 0.8 0.9099999999999999 0.7775000000000001 0.915 0.76 0.9349999999999999 0.7625 0.97 0.7725 0.9724999999999999 0.8975 0.9675 0.8925000000000001 0.9375