0 0.0496224453125 0.13957101875 0.0456082703125 0.158289075 0.0438627140625 0.1811612609375 0.068817515625 0.22685669218750001 0.1009278875 0.24655210468750002 0.1991985140625 0.280224803125 0.2631871234375 0.28877728125 0.3673144546875 0.27958906093749997 0.3690600109375 0.256716875 0.32803093125 0.1844838859375 0.2937489140625 0.15936366562499998 0.1446753015625 0.1137662765625 0.0496224453125 0.13957101875
0 0.4124165015625 0.29845361718749996 0.3815080171875 0.29688978125 0.379180609375 0.3273860296875 0.3965155671875 0.3374047859375 0.391628615625 0.3675589359375 0.4133068609375 0.38842730468750003 0.4143147984375 0.40910023593749995 0.435411190625 0.43759266874999997 0.4848565234375 0.4673068390625 0.5078924234375 0.47038572968750003 0.5272050734375 0.4883706484375 0.5632326453125 0.49061868124999997 0.6291607625 0.47375761875 0.6253611421875 0.4219042421875 0.6340095296875 0.41022376875 0.6269127484375 0.4015734109375 0.5640878421875 0.37777280625 0.54101375625 0.3413142125 0.4124165015625 0.29845361718749996
0 0.439913265625 0.243081365625 0.4306830265625 0.2623859 0.4453026765625 0.3079836125 0.5161941156250001 0.32772780468749996 0.5504379453125 0.3194683234375 0.549585771875 0.2628743359375 0.532832665625 0.2452315203125 0.4794701359375 0.2329647296875 0.47493290000000005 0.2246564671875 0.439913265625 0.243081365625
0 0.4837752359375 0.2104346421875 0.47652268906249995 0.2377053390625 0.45585238281249996 0.2375098984375 0.45057753125 0.2727467546875 0.5759952046875 0.28950961249999996 0.584875728125 0.3086674875 0.6387819234375 0.279930515625 0.64440649375 0.206231246875 0.5986844109375 0.1616110546875 0.5449339796875 0.1544269734375 0.4837752359375 0.2104346421875
0 1 0.7524140484374999 0.9708172156250001 0.740207946875 0.9418864250000001 0.7466102703125 0.9245514671875 0.7365915140625 0.7954487296874999 0.768114384375 0.8031655484375 0.8025203828125 0.7874585671875 0.838930196875 0.8018842640624999 0.8870692640625 0.8416732703124999 0.9077909749999999 0.995627475 0.9233175390625 1 0.8660239359374999 1 0.7524140484374999
0 1 0.6311482296875 0.9767915031250001 0.6280462671875 0.959494728125 0.651407215625 0.92800439375 0.657467440625 0.8974456265624999 0.6174411953125001 0.858858509375 0.6148510625 0.8336509671875 0.6063473640625 0.8346207203124999 0.59364059375 0.7911084671874999 0.587824909375 0.7714079140625001 0.5749226984375 0.7577962031250001 0.5499979171875 0.7347603046875 0.546919025 0.72529793125 0.5353852140625001 0.7570616078125 0.42410317343750004 0.735577315625 0.4006934484375 0.7413958359375 0.3244528265625 0.6976514453125 0.28779879531249997 0.6523554484375 0.2714755953125 0.6433191609375 0.28823877656249997 0.62757399375 0.29126888906250004 0.600582709375 0.2722576734375 0.5340345546874999 0.263363096875 0.5243782312499999 0.2543706375 0.51572984375 0.266051109375 0.4757468859375 0.247870753125 0.459225915625 0.2610662828125 0.4413472921875 0.2920512890625 0.429904203125 0.441991178125 0.404811215625 0.5336265828125 0.3735148296875 0.53714545625 0.3674259875 0.549168028125 0.3264732796875 0.5436944421875001 0.317630940625 0.55791626875 0.2780358875 0.5346532046875 0.2689996 0.5514163859375001 0.24084461093749998 0.5476532953125 0.2416585984375 0.57086758125 0.2887383375 0.597698296875 0.301923959375 0.5943260828125 0.3037077015625 0.6048335984375 0.670689278125 0.8104868671875 0.7527886484375 0.8188926859375 0.80118785625 0.794554221875 0.81022414375 0.777791040625 0.8665341203124999 0.785317221875 0.9188887109375001 0.7769110796875001 0.94429020625 0.782873425 0.9561181734374999 0.797290690625 1 0.803155771875 1 0.6311482296875
0 0.167008746875 0.36320985 0.1343165234375 0.3511384984375 0.12175093749999999 0.3802663515625 0.1241929015625 0.44990920624999997 0.1389683171875 0.4595858640625 0.2451115265625 0.49174350625 0.27462416875 0.47771711874999995 0.2957999546875 0.40352909375 0.2674128296875 0.368927653125 0.20675956874999998 0.350551859375 0.167008746875 0.36320985
0 0.7868063875 0.44091513281249994 0.780717546875 0.4529377046875 0.7478313703125 0.4434077078125 0.7686544171875 0.577121953125 0.8326430281249999 0.5856744328125 0.8676626625000001 0.5672495343749999 0.873869084375 0.48592620468750003 0.8644067078125 0.47439239375 0.8665401656249999 0.44643749843749997 0.8259753578125 0.4358812046875 0.7868063875 0.44091513281249994
0 0.75811075625 0.30871594375 0.7500442234375 0.3127723546875 0.7754839 0.352114403125 0.8113557078125 0.39028349218749997 0.8615768421875 0.40983224375000005 0.8333454828125 0.33930975 0.75811075625 0.30871594375
0 0.1721629984375 0.5667136125 0.08610824375000001 0.542375471875 0.0392988265625 0.5797628046875001 0.0350319125 0.6356725937500001 0.044920375 0.6755033984375001 0.14555659375000002 0.7120595515625 0.18255391875 0.7016008140625 0.199850690625 0.6782398703125 0.20450550937499998 0.617247371875 0.1942291453125 0.5824992734375 0.1721629984375 0.5667136125
0 0.700125203125 1 0.7053179875 0.966584540625 0.6876745203125 0.858968034375 0.6754586515625001 0.8496334765625001 0.5297585734375 0.8275924703124999 0.44432385625000004 0.82900996875 0.43586942031250003 0.8381490890625001 0.4297011828125 0.9528521187500001 0.442524025 0.9956424 0.475127059375 1 0.700125203125 1
0 0.366579859375 0.153694315625 0.3567677703125 0.1806229140625 0.3784460140625 0.201491284375 0.3796479046875 0.2196228625 0.40248985312499996 0.22524310937499997 0.44181458749999997 0.1842881234375 0.43134427343750004 0.1520813796875 0.41540515468750006 0.157652846875 0.38329478125 0.13795743437500002 0.366579859375 0.153694315625
0 0.40771443124999995 0.8343859984374999 0.4202418296875 0.7718784453125 0.39166075624999996 0.7398183609375 0.35187175000000004 0.71909665 0.3103371875 0.7212471265625 0.27547331875 0.7037509671875 0.174681334375 0.703115871875 0.16552746875 0.789179809375 0.188175465625 0.797341409375 0.19469039531250001 0.8136158312499999 0.349464946875 0.8522733562499999 0.38332087656249997 0.8490965828125001 0.40771443124999995 0.8343859984374999
0 0.0794023875 0.359202540625 0.0303288359375 0.3584969453125 0.023497893750000002 0.448003434375 0.06986061875 0.45034918749999997 0.11019329062500001 0.43006713437500005 0.1215569859375 0.38280770625 0.0794023875 0.359202540625
0 0.8868470937499999 1 0.8569129578125001 0.9791443265625001 0.7962596937499999 0.9607685296874999 0.7728358937500001 0.9627723484375 0.753367478125 0.9807084859374999 0.7532838234375 1 0.8868470937499999 1