0 0.1639490171875 0.7509135765625 0.135632853125 0.9038273562500001 0.1716315140625 0.9908710984375 0.2196027328125 0.9889164203125 0.2576948203125 0.9610513421875 0.273680746875 0.92662230625 0.295966225 0.8252742156249999 0.29708650468750003 0.761301859375 0.275773878125 0.6606912 0.25266880625 0.6624363125 0.185114215625 0.7135378453125 0.1639490171875 0.7509135765625
0 0.28941663125 0.6136615937500001 0.291446128125 0.644174425 0.3222528921875 0.6418476078124999 0.3302682609375 0.62335364375 0.3610302125 0.6235857203124999 0.3794041265625 0.5991983609375 0.39998677968749996 0.5950882562500001 0.42606238437500005 0.57011919375 0.45006368124999996 0.51719619375 0.45046698125000006 0.49416614531249997 0.46622885312499995 0.47253158281249996 0.46428897812500003 0.43690096250000005 0.43973695468749996 0.3748676203125 0.3882579140625 0.38642233125000003 0.3755561953125 0.37971515624999996 0.367720071875 0.3879735421875 0.3511964109375 0.453109309375 0.3173743046875 0.4812189703125 0.28941663125 0.6136615937500001
0 0.23077363437499998 0.595091278125 0.25117704375 0.6012167500000001 0.2951336375 0.580008165625 0.3066572703125 0.50758351875 0.29440366406249996 0.47528740156250004 0.237834975 0.48467101875 0.22211791406249998 0.5037466890625 0.21604241875 0.5578712734375 0.20825110625 0.5635707640625001 0.23077363437499998 0.595091278125
0 0.1929821578125 0.557057490625 0.22113206875000002 0.5600423625000001 0.2233408109375 0.5803196171875 0.2592372234375 0.580163890625 0.26143297187500003 0.45477807031250006 0.2795828265625 0.44318518281249997 0.24453782500000001 0.39472191562500003 0.1700881484375 0.40034505625000005 0.1307282796875 0.45187257187499996 0.12978724531250002 0.5056093515625 0.1929821578125 0.557057490625
0 0.6668112953125 0 0.6765683265625 0.0273191265625 0.6685529578125 0.045813090625000004 0.7151345859375 0.167514784375 0.748687825 0.154758490625 0.786972225 0.164644440625 0.8334960468749999 0.14324195312500002 0.849616409375 0.10113623593750001 0.84805688125 0 0.6668112953125 0
0 0.55398266875 0 0.5537893828125 0.0110374515625 0.5791928171875 0.024451803124999998 0.58892400625 0.054382929687500005 0.5524002359375 0.09036317499999999 0.5542952999999999 0.12855268749999998 0.5487127265625 0.154529434375 0.5358765734375 0.155498940625 0.5351147843749999 0.19900014531250002 0.524487375 0.22024690468750002 0.501113434375 0.2373453828125 0.500710134375 0.2603754328125 0.4902619671875 0.2713866140625 0.375139903125 0.2570821296875 0.354198759375 0.281663390625 0.27718185 0.2874804328125 0.2455684828125 0.33586734687500003 0.2344929609375 0.38270305 0.2523291390625 0.38902242343750004 0.25719473437499996 0.40398798593749996 0.24129842968749998 0.4332992328125 0.2401333390625 0.499830484375 0.232252403125 0.510647765625 0.2449541203125 0.5173549421875 0.231400990625 0.5592667578125 0.24653550625 0.5734567140625 0.27964063281249996 0.5862893625 0.43110722343749996 0.574849178125 0.5257810671875001 0.5855870875 0.5329450234374999 0.6157121140624999 0.5456915546875 0.6198603968749999 0.544974575 0.6608027046875 0.560243521875 0.6673159796875 0.54155593125 0.7096155984375 0.5593921109375 0.715934971875 0.5588991875 0.7440828078124999 0.582049071875 0.7397788015625 0.6034383265625001 0.6896085984375 0.5985279218749999 0.6772019296875 0.6088416546875 0.6738674296875 0.7720747593749999 0.283323084375 0.7709414859375 0.20163236874999999 0.7409413218750001 0.15789908749999998 0.72310514375 0.15157971406249998 0.7240909906249999 0.095284040625 0.7095838328124999 0.0452695640625 0.7125991734375 0.0194867171875 0.7256593812500001 0.0057227390625 0.7257595984375 0 0.55398266875 0
0 0.3828039453125 0.8442705109374999 0.3745197078125 0.8781178421875 0.405147228125 0.8860266015624999 0.47459688125 0.87311458125 0.4825674390625 0.8571795109375 0.5024201203125 0.748348640625 0.48494243125000003 0.7215581125 0.40819438750000003 0.7120217890625 0.376849890625 0.7450553375 0.3655055 0.80724440625 0.3828039453125 0.8442705109374999
0 0.3885137890625 0.225405890625 0.4012603171875 0.2295541734375 0.3955433109375 0.2632076015625 0.5270097921875 0.2226118984375 0.5281300718749999 0.1586395390625 0.5056075437499999 0.12711902656250001 0.4234561734375 0.133323871875 0.4130080078125 0.14433505468750002 0.3847684734375 0.1464679703125 0.378917034375 0.18779808125 0.3885137890625 0.225405890625
0 0.2594801046875 0.2734843765625 0.26448013125 0.28077325625 0.300914278125 0.24991079843750003 0.334960440625 0.20900666562499998 0.34869281406249997 0.1568592734375 0.28136228124999996 0.1951663359375 0.2594801046875 0.2734843765625
0 0.5859736296875 0.8084811453125 0.5716138984375 0.8964530578125001 0.6144950265625 0.9366579375 0.6709740921875 0.93239210625 0.7097066046875 0.9166891140625 0.7346041234375 0.812588228125 0.7198280984375 0.777927115625 0.6944246625 0.7645127656249999 0.632811134375 0.7691664 0.599213084375 0.7844815890625 0.5859736296875 0.8084811453125
0 0.9426582265624999 0.4978793828125 0.9724910421875 0.48415530625000003 0.9742535 0.45052560625 0.9781874 0.2258844734375 0.9243479499999999 0.2258228046875 0.8186433937500001 0.25936170468749997 0.8107176468749999 0.27273788125 0.80559618125 0.4187887578125 0.8169535640625 0.5022627625 0.8270880500000001 0.5091638406250001 0.9426582265624999 0.4978793828125
0 0.149800346875 0.6804279453125 0.177905446875 0.6859717125 0.1962793609375 0.6615843546875 0.214294784375 0.65766815 0.217265315625 0.6344441984375 0.171682525 0.6021099046875 0.1406517046875 0.61723119375 0.14808452968750002 0.63200285625 0.1320986 0.6664318890625001 0.149800346875 0.6804279453125
0 0.826595128125 0.537311678125 0.762548803125 0.5344825296875 0.7337715359375 0.567322178125 0.7176511750000001 0.6094278953125001 0.7246358875000001 0.6497885 0.711172378125 0.6865825265625001 0.7222608953125 0.7854098984375 0.8095019140625 0.7813761453125 0.8150396765625001 0.75795829375 0.8305774906250001 0.7491182015625 0.8512815859374999 0.5916683390624999 0.844162440625 0.558984415625 0.826595128125 0.537311678125
0 0.48474003125 0.9771243734375 0.4813575375 0.92626965625 0.4563574015625 0.8898252578125 0.407714459375 0.8858326999999999 0.3889820578125 0.930691215625 0.3942881734375 0.981798534375 0.4563197484375 0.9792709421874999 0.48474003125 0.9771243734375
0 0.9716335640624999 0.16091911406249998 0.9687396625 0.0333622015625 0.9378432765625 0.0408068078125 0.91929011875 0.07542974375 0.9079457281250001 0.13761881250000002 0.9126768875 0.1602610578125 0.932901053125 0.176622109375 0.9688870890624999 0.17134859375 0.9716335640624999 0.16091911406249998