0 0.0228421109375 0.23825024843749998 0.0029267734375 0.2515262828125 0.004441234375 0.381678740625 0.0206011 0.385802125 0.12647277968749998 0.388129275 0.191348334375 0.37619772500000004 0.289900175 0.333549334375 0.2846511296875 0.309991421875 0.2227768203125 0.25052594687499996 0.18178069218749998 0.2362672484375 0.0228421109375 0.23825024843749998
0 0.33952671093750003 0.3380463484375 0.308969671875 0.3463910375 0.3159684 0.3778015859375 0.3358832359375 0.3823133890625 0.3402869421875 0.41420120000000005 0.36772473125 0.42822866406250004 0.3749855734375 0.44869176718750003 0.404173046875 0.47057186875 0.461322534375 0.48458454062499995 0.48467773437500006 0.48028918281250005 0.5089372734375 0.49217636249999996 0.5446843578125 0.4828771484375 0.6037276375 0.44477014062500003 0.5842780249999999 0.3938510109375 0.5891469546875 0.379331496875 0.57961220625 0.372910646875 0.5112372890625 0.3691369203125 0.4777051140625 0.33988144375 0.33952671093750003 0.3380463484375
0 0.34946768125 0.2735474375 0.34634843437499996 0.29591958906250004 0.374428453125 0.3370770328125 0.4494219828125 0.3341838828125 0.48024113437500004 0.314891746875 0.4622200875 0.2582602625 0.44055556874999996 0.24589582187499998 0.38489365000000003 0.2506832328125 0.3779539234375 0.24378512031250002 0.34946768125 0.2735474375
0 0.382239625 0.226648059375 0.38346508125 0.2563955859375 0.3632881328125 0.262831228125 0.3688582921875 0.2999541296875 0.4960143796875 0.2765682953125 0.5104770578125 0.2929820671875 0.5542123171875 0.2467911859375 0.5372987250000001 0.17088235937500001 0.47924489687499994 0.14068715 0.42474943125 0.1507096515625 0.382239625 0.226648059375
0 1 0.6133705640625 0.9909759546875 0.6187824671875 0.971061115625 0.6142706640625 0.8549863500000001 0.6873898703125 0.87294839375 0.7195089171875 0.8687216921875001 0.7611584140625001 0.8973849406250001 0.8049334046875 0.9424046578124999 0.8130024875 1 0.8004123375000001 1 0.6133705640625
0 1 0.48633195 0.9889312640625001 0.48836765 0.9791934046874999 0.5174066796875 0.9503860484375 0.53360400625 0.9084855765625001 0.5031627703125 0.8701434718750001 0.512939246875 0.843026796875 0.5124767765625 0.8401106593750001 0.4993890453125 0.7959952828125 0.5075024984375001 0.772902196875 0.5008504125 0.7520830187499999 0.48015607187500003 0.72872781875 0.48445142968750005 0.7160148203125 0.47589029531250004 0.7131247921874999 0.353805375 0.6851037734375 0.3371603671875 0.6676069546875001 0.25863399375 0.613897828125 0.235814159375 0.564854521875 0.23393469374999998 0.5611520453125001 0.2536893 0.5467483671875 0.2617879640625 0.5147037578125 0.2513325703125 0.4472331828125 0.26374138125 0.4351034125 0.2577977921875 0.43023448281250004 0.27231730625 0.38579799062500003 0.26686577031250003 0.37372722187499996 0.2854346171875 0.36573904375 0.32232628281250003 0.40014945625 0.476761484375 0.4035637125 0.5769515125 0.374173128125 0.5905312921875 0.37189921875 0.6045735453125001 0.330378865625 0.6122097375 0.3260931625 0.6293467984375 0.280490215625 0.61866016875 0.2767877421875 0.6384147765625 0.24824249843750001 0.64366465625 0.2560865671875 0.6667453078125 0.31005780625 0.6786176953124999 0.32186646093750004 0.6709962953125 0.32679439375 0.6809892140625 0.7464345375 0.7700247375 0.8288920187500001 0.7521348078125001 0.8686036906249999 0.7121335421875 0.872306165625 0.692378934375 0.929396653125 0.681879171875 0.9777977328125 0.6566286578125 1 0.6548253671875 1 0.48633195
0 0.1203522875 0.48189845 0.0848673171875 0.48025021875 0.08148595625 0.513569815625 0.10501816093750001 0.5828117671874999 0.12233797500000002 0.5878008328125001 0.235411496875 0.5860786499999999 0.25987415 0.5625059484375 0.2579474625 0.481116003125 0.21980846875 0.455432596875 0.1551950296875 0.4564167 0.1203522875 0.48189845
0 0.74718119375 0.3611659625 0.7449072859375 0.3752082140625 0.7100055421875 0.376177528125 0.7708904015625 0.50394521875 0.83576595625 0.49201366875 0.8642521984375 0.4622513515625 0.8455889234375 0.3784898875 0.8328759265624999 0.369928753125 0.8264604265625 0.3411357484375 0.783773615625 0.3435368484375 0.74718119375 0.3611659625
0 0.679094496875 0.237447603125 0.672475884375 0.24411447968750002 0.7091863109375 0.2755102390625 0.7556935984375001 0.3023794046875 0.8105101781249999 0.30592189375 0.761610978125 0.244070109375 0.679094496875 0.237447603125
0 0.18718742187499998 0.684866471875 0.096040534375 0.68800565 0.0618400203125 0.7406173828125 0.0746710203125 0.7982033890625 0.0963945421875 0.835080265625 0.2054444734375 0.8395476984375 0.23827541874999997 0.8171607546875 0.2480132796875 0.7881217281249999 0.2340158234375 0.7253006281250001 0.2134587578125 0.6936588421875001 0.18718742187499998 0.684866471875
0 0.6516072296875 1 0.8348439421875 0.9663001281250001 0.8275553468749999 0.9158692187499999 0.7776928062499999 0.8133224625000001 0.7629680125 0.8078561343749999 0.6144685234375 0.8324425234374999 0.5317489281250001 0.8612798968750001 0.526296771875 0.8731818671875 0.5551370234374999 0.9904941640624999 0.5613613109375 1 0.6516072296875 1
0 0.250941946875 0.20719863906249997 0.2495723828125 0.237423428125 0.277010171875 0.25145089062500003 0.283687784375 0.26929645 0.3076262109375 0.2676186359375 0.3334584296875 0.21382114687499998 0.3134845921875 0.18479690625 0.299664140625 0.195513115625 0.26242948906249997 0.1860122484375 0.250941946875 0.20719863906249997
0 0.49775152812499995 0.8784317484375 0.4909559109375 0.8115613171874999 0.45340014375 0.7884954578125 0.408380428125 0.780426375 0.3686097546875 0.7959152031250001 0.3293633078125 0.7895091421875 0.2310735796875 0.8212100890625 0.2483082875 0.9106839062500001 0.272829940625 0.911623640625 0.28411437031250003 0.9258971296875 0.4464933140625 0.91510696875 0.47847892031250006 0.9010499265625 0.49775152812499995 0.8784317484375
0 0.01916891875 0.6097269843750001 0.052272378125 0.6006869046875 0.0853654359375 0.56735251875 0.0820691828125 0.5161873640625 0.033871215625 0.5059779953125 0.00598926875 0.5147164359375 0.0064295265625 0.5525521203125 0.01916891875 0.6097269843750001
0 1 0.8866156046875 0.9789119734374999 0.8798581265625 0.91429853125 0.8808422312499999 0.8921097859374999 0.8903726796875 0.87861045 0.9146538796874999 0.8893706546875 0.9508222609375 0.9003339718750001 0.95153075625 1 0.9289767359375001 1 0.8866156046875