0 0.126679559375 0.2984864671875 0.1957964703125 0.3025030828125 0.3062387671875 0.2841031265625 0.30609400781249996 0.2592765875 0.2559116375 0.184663515625 0.2170774921875 0.16034617812500002 0.053800737499999994 0.1232819265625 0.0179470671875 0.13613518593750001 0.0187285015625 0.27015251406249996 0.126679559375 0.2984864671875
0 0.356083365625 0.3007876109375 0.322923334375 0.3016181390625 0.3231163453125 0.334720190625 0.342517334375 0.3441203546875 0.339945671875 0.3770617421875 0.36494035 0.397817253125 0.36783370312499997 0.4200459515625 0.392876634375 0.449076975 0.44831492187500005 0.47711680312500004 0.47319700937500003 0.47856278437500005 0.4954109296875 0.4963991265625 0.534100315625 0.49588992656249997 0.6030563828125 0.4723214984375 0.5944406640625 0.41666941875 0.602654271875 0.40335889375 0.5943119890624999 0.3946013859375 0.5250985703125 0.374033746875 0.49724270937500004 0.336566546875 0.356083365625 0.3007876109375
0 0.3805955125 0.23878799375 0.372430159375 0.2603740359375 0.392056328125 0.30839325781250004 0.4695316078125 0.3239258828125 0.505391978125 0.3122220015625 0.4995087671875 0.2512135796875 0.48005952812499997 0.2335379015625 0.42196915312499994 0.2246469359375 0.4163915453125 0.21605009687500001 0.3805955125 0.23878799375
0 0.42458907031250004 0.1999810640625 0.41923664374999997 0.23000328125 0.39713531875 0.23147646875 0.3945958234375 0.2699348640625 0.53006496875 0.277807428125 0.541236265625 0.29775961562500003 0.5963046125 0.2623538484375 0.5958381640625 0.182357225 0.5430680453125001 0.137927034375 0.4850098390625 0.13455307968750002 0.42458907031250004 0.1999810640625
0 1 0.7348930015625 0.99149434375 0.7320459031250001 0.961147240625 0.741312609375 0.9417462515624999 0.7319124453125 0.8065827109375 0.7764514609375001 0.8178505140624999 0.812954675 0.804268396875 0.853528915625 0.8239106515625 0.90430664375 0.86824198125 0.9234283015625 1 0.9267755484375 1 0.7348930015625
0 1 0.6112071375 0.9880219531250001 0.610511053125 0.9715947390625 0.6371321062499999 0.938482959375 0.6462381484375 0.9023169828125001 0.60553045 0.8608629203125 0.6058789875 0.8331839890625 0.5987553328125 0.8331035671875 0.5849628109375 0.7861040671875 0.5822315125 0.7639223171875 0.5699121796875 0.7471894984375 0.5441216546875001 0.722307409375 0.5426756734375 0.711184365625 0.530998996875 0.7353426546875 0.4083122875 0.7103318921875 0.3847982734375 0.7098493593749999 0.3020431453125 0.6598921703125 0.2660491328125 0.61006365625 0.252123153125 0.6018822203124999 0.270950690625 0.5853263281250001 0.2755037109375 0.5548183812499999 0.2571853734375 0.48293679375 0.2530080953125 0.4718298359375 0.244089925 0.463616228125 0.257400453125 0.41930098125 0.241037296875 0.40280943125 0.2566243359375 0.3864304703125 0.291520903125 0.38737944999999996 0.45427265468750005 0.3686218390625 0.5552126578125 0.3354939734375 0.561560196875 0.33004504375 0.5750313874999999 0.28581022031250003 0.5724607546875 0.27761269843749997 0.5885297859375 0.233265284375 0.5666496234375 0.2250838453125 0.5854771578125 0.1946724046875 0.5837098484375 0.197581840625 0.608697053125 0.2502393671875 0.6338177125 0.2640305796875 0.6291040265625 0.26685959531250003 0.640298709375 0.677012859375 0.832345825 0.7654664203125 0.8347285875000001 0.8150375828125 0.804518496875 0.8232190218750001 0.7856909625 0.8840419046875001 0.7892255828125 0.9392389265625001 0.7758878499999999 0.966901775 0.780252996875 0.9808055796874999 0.7948488421875 1 0.7959642953125 1 0.6112071375
0 0.09957966406249999 0.39066896562500003 0.06359061875000001 0.3803048140625 0.052724925 0.41276420625 0.061453234375 0.4877258140625 0.0780895453125 0.4969653140625 0.19431854531249998 0.5230227562499999 0.22461739687499999 0.5054805359375 0.24072292343749999 0.42368939687499996 0.2073537921875 0.388659371875 0.1409372203125 0.373769403125 0.09957966406249999 0.39066896562500003
0 0.7685991953125 0.424032784375 0.7631502625000001 0.437503975 0.7271773015624999 0.429898328125 0.761173725 0.5725100203125 0.8302906359375 0.576526634375 0.8660866687500001 0.553788734375 0.86557196875 0.46551660000000006 0.854448925 0.45383992500000003 0.8542719968749999 0.423496378125 0.8100050031249999 0.41540873593749994 0.7685991953125 0.424032784375
0 0.7263248265625 0.2836976046875 0.7180629671875 0.2887326203125 0.7486995890625 0.3291189875 0.790378834375 0.3673895140625 0.8457527859375 0.384395325 0.809393796875 0.31058557656249997 0.7263248265625 0.2836976046875
0 0.02424479375 0.5950098453125 0.030446496875 0.7472105703125 0.1073125828125 0.768905375 0.145921546875 0.754603653125 0.1623487609375 0.7279825984375 0.161962734375 0.661778496875 0.1479302546875 0.62511461875 0.12296774531250002 0.609876115625 0.028888323437500002 0.590621 0.02424479375 0.5950098453125
0 0.727582096875 1 0.727726015625 0.9979895359375 0.6994197890625 0.883284215625 0.685548153125 0.87420538125 0.5279455140625 0.862288996875 0.43679161093749996 0.8707795859375 0.4285619203125 0.881331609375 0.43189252343750006 1 0.727582096875 1
0 0.2943919265625 0.1482937609375 0.286274825 0.1781553125 0.3112695046875 0.19891082499999999 0.314146771875 0.21838101875000002 0.33904494375 0.222585503125 0.37746089375 0.1751817328125 0.3634444984375 0.141276359375 0.34690469375 0.1485878828125 0.31086739375 0.12994821875 0.2943919265625 0.1482937609375
0 0.3981504796875 0.8795643 0.40604239687500004 0.8110836875 0.372689353125 0.7788121640625 0.3283580234375 0.75969050625 0.28417145312500003 0.7653953875 0.24538556093750002 0.7493535609374999 0.1376436015625 0.7568801640625 0.1354257953125 0.8505086437499999 0.160340053125 0.857471634375 0.1687305875 0.8745046515625001 0.337488440625 0.9036147203124999 0.3733809828125 0.8974278484375 0.3981504796875 0.8795643
0 0.8921529796875 1 0.8907936718749999 0.9991932328124999 0.8243770984375001 0.9843032656249999 0.79952718125 0.98837429375 0.7888558734375 1 0.8921529796875 1