0 0.7912342484375 0.061787168749999996 0.7583614015625 0.004412017187500001 0.6473854718750001 0.003766378125 0.6359673875 0.0404259453125 0.6283082140625 0.1516619328125 0.6376808328125 0.22154465937499998 0.6777425390625 0.3308607234375 0.7028080578125 0.3283644234375 0.7684712625000001 0.270837328125 0.785503053125 0.22948406875 0.7912342484375 0.061787168749999996
0 0.6705655390625 0.38256311875 0.663281625 0.349296775 0.6298609359375 0.3526251734375 0.6241300953125 0.3730244375 0.590334503125 0.373557528125 0.5742132437499999 0.40065687499999997 0.552307690625 0.40567111718750004 0.527831259375 0.43360256562500005 0.5102638374999999 0.49200504531249994 0.5136379796874999 0.5171628265625 0.4999268734375 0.5411895 0.5079605984375 0.580046459375 0.545183790625 0.64715551875 0.5997602234375 0.6332222609375 0.614810225 0.6402213546875 0.622040684375 0.6310033296875 0.629378409375 0.5594564 0.6618351078125 0.5278975453125 0.6705655390625 0.38256311875
0 0.737996 0.4013414671875 0.7145908265625 0.3951744734375 0.6698691859375 0.4194568703125 0.6692262875 0.4988349875 0.6880253390625 0.533787175 0.7485467890625 0.522094490625 0.7626328015625 0.5008631265625 0.7603299171875 0.441606903125 0.7679352781250001 0.4351841875 0.737996 0.4013414671875
0 0.7857703375 0.4419059140625 0.754384896875 0.4393663296875 0.7486006 0.41728122343749996 0.7092348937499999 0.4183690453125 0.7276052281250001 0.5553391890625 0.70960944375 0.568461990625 0.75609834375 0.620485040625 0.83686500625 0.6124414093749999 0.8715176765624999 0.5551700390625001 0.8636446765624999 0.4964685484375 0.7857703375 0.4419059140625
0 0.3419568171875 1 0.27733575625 0.8806139390625001 0.2426296296875 0.8954009390625 0.1989792453125 0.8855848937499999 0.15147254375000002 0.91014465625 0.1407606765625 0.9565338000000001 0.1480338875 1 0.3419568171875 1
0 0.435364790625 1 0.46870109531250004 0.9606982921875 0.460292465625 0.9190460249999999 0.46211353437499997 0.8905382015625 0.476038821875 0.8891513671875 0.46966543906249997 0.8416311140625 0.47780643125 0.8181591750000001 0.50062251875 0.7988910203125 0.49724837656250004 0.773733240625 0.5068889875 0.7614425390624999 0.6355907125 0.7741188234374999 0.654497028125 0.746742109375 0.73804875 0.7384211125 0.7647211515625 0.6847771500000001 0.7691130953124999 0.63335211875 0.7484929796875 0.626907759375 0.7406734375 0.6106906375000001 0.753259828125 0.5782780375 0.7435123046875 0.505600003125 0.7503678578125 0.4935866671875 0.7353178578125 0.4865875734375 0.7432446671874999 0.44047579531250003 0.7242848953125 0.425368140625 0.6858297203125 0.41220205156249995 0.5215113359375 0.42856667968749995 0.415839878125 0.41926207968750007 0.40298584843749996 0.386550471875 0.3883107515625 0.3823466859375 0.3823122765625 0.33762174218749996 0.36447721875 0.33090001406249997 0.37797414375 0.284233503125 0.357354028125 0.27778914062500004 0.35323007500000003 0.247040740625 0.3285394625 0.25233235 0.3133821953125 0.30766215468749997 0.3208268328125 0.3210839671875 0.3100615078125 0.3249887421875 0.1956589125 0.7556138453125001 0.21044092343749998 0.8447863671875 0.250609896875 0.8917735312499999 0.2712300140625 0.8982178921875 0.27947791718750004 0.9597146921874999 0.29745743125 1 0.435364790625 1
0 0.529867215625 0.13313930624999998 0.533348625 0.0959681875 0.4984283171875 0.0881153515625 0.42435648125 0.10399017656250001 0.4182507390625 0.12159412968750001 0.41450133750000007 0.24093867656249998 0.4381206921875 0.26974550937499997 0.523921840625 0.27819636718749996 0.5528436734375 0.24132425937500002 0.5549861875000001 0.1731273765625 0.529867215625 0.13313930624999998
0 0.62616428125 0.8090493640625 0.6114891859375 0.8048455796875 0.6121855390625 0.767951828125 0.47464647031249996 0.8156412312500001 0.4840190875 0.885523959375 0.513958365625 0.9193666781250001 0.603080203125 0.910490946875 0.6127208125 0.8982002453125 0.6433564453125 0.8951492125 0.6429280828125 0.849869534375 0.62616428125 0.8090493640625
0 0.7597935796875 0.7532514 0.7530987515625001 0.7454202046875 0.7182318999999999 0.7800517375 0.687649725 0.8255871390625 0.6812225328125 0.8828801515625001 0.7487602625 0.8393296046875 0.7597935796875 0.7532514
0 0.3128469203125 0.1774137390625 0.3140254453125 0.0809863984375 0.2603060875 0.038181375000000004 0.199034825 0.044283440624999997 0.1591334890625 0.062420484374999995 0.1490641625 0.1767291453125 0.1710231734375 0.2141992734375 0.20112317812499997 0.2281974625 0.267964553125 0.2215406640625 0.3022957765625 0.203958353125 0.3128469203125 0.1774137390625
0 0.01531096875 0.526203890625 0.054250515624999995 0.8165391390625001 0.1485271171875 0.7829689171875 0.15500776562500002 0.768160271875 0.136423253125 0.6085502859374999 0.110126109375 0.517691921875 0.09786116406249999 0.510415459375 0.0151458265625 0.5205282999999999 0.01531096875 0.526203890625
0 0.8127107312499999 0.306088521875 0.7809503859375 0.300753628125 0.7648291265625 0.3278529765625 0.7457086312500001 0.3325898515625 0.7462977171875 0.358025 0.801677415625 0.392166728125 0.8332235796875 0.3748617828125 0.8226189796875 0.35892202968750003 0.8344555625 0.32091881093749997 0.8127107312499999 0.306088521875
0 0.09373721093750001 0.4796670609375 0.164488359375 0.4811188234375 0.190625134375 0.4445240828125 0.201337003125 0.3981349375 0.18698335625 0.35424209375000004 0.1956599765625 0.313720934375 0.167113403125 0.2060907125 0.07204654687499999 0.21272586875 0.069850575 0.2384383828125 0.0542649453125 0.248488509375 0.057638734375 0.420943928125 0.07086766718750001 0.45645084531249996 0.09373721093750001 0.4796670609375
0 0.40023740312499995 0.0100822484375 0.40812831093749996 0.0461207859375 0.44160245624999994 0.08527675625 0.4956432609375 0.0883927171875 0.50876528125 0.0389308984375 0.49951641249999995 0.0029061015625 0.47379610781250003 0.002756465625 0.40023740312499995 0.0100822484375