0 0.4075289953125 0.9863783187499999 0.4010219078125 0.9020497687500001 0.3821913515625 0.8366885890625 0.3284212765625 0.7393045515625001 0.30478009375 0.7464984015625 0.25004134218749996 0.8143406859375 0.23957206874999998 0.8573374812500001 0.2546231984375 0.9917179062500001 0.4075289953125 0.9863783187499999
0 0.3279972671875 0.6882479203125 0.33966273281250003 0.71882196875 0.37118431093750004 0.70923016875 0.3737921484375 0.6885310875 0.40606695000000004 0.681553734375 0.4176755359375 0.65242849375 0.43793669843750005 0.6434195109374999 0.4574256796875 0.6118963203125001 0.46600241875000004 0.5524135265625 0.45922341875 0.528883503125 0.468958428125 0.503172025 0.45578651875 0.46736908125000004 0.41068798125 0.41000106875000003 0.3604116859375 0.4338307453125 0.34501802656249997 0.4299839859375 0.3393973 0.44022527812499995 0.3424670671875 0.5103823578125 0.3158509140625 0.5469179468750001 0.3279972671875 0.6882479203125
0 0.260801909375 0.6831021796875001 0.2840759609375 0.6845509859375001 0.323458975 0.652661471875 0.31287594375 0.5762596859375 0.2899500625 0.54626845625 0.23366694843750002 0.5690823171875 0.22317871406249998 0.592179346875 0.2337427875 0.648681371875 0.22736883749999998 0.656308215625 0.260801909375 0.6831021796875001
0 0.20934838125000002 0.653260775 0.2397496046875 0.6496971859375 0.2484021796875 0.669813446875 0.285930578125 0.661237459375 0.24902268906249997 0.5331295484374999 0.2643973859375 0.5170765421875 0.212557765625 0.4759780328125 0.1363806203125 0.49915821875 0.1112898703125 0.560822465625 0.1271075390625 0.6157258546875 0.20934838125000002 0.653260775
0 0.5493468171875 0 0.54993414375 0.0007988796875 0.54732630625 0.0214979578125 0.6341433624999999 0.1344188515625 0.6652788484375 0.11356994843749998 0.7084469312499999 0.11465243124999999 0.7504567421874999 0.0819636 0.754165975 0.0353365453125 0.7427066 0 0.5493468171875 0
0 0.41256408593750005 0 0.41631561093749997 0.013021607812499999 0.4471029265625 0.0207151234375 0.46664878749999994 0.0488912234375 0.4396655 0.0940694703125 0.4535906328125 0.1324868625 0.4558692578125 0.1602299671875 0.4427352671875 0.1642265515625 0.45554004687500005 0.2086721515625 0.45105863125 0.23278499687499998 0.43193678125 0.25566553281250004 0.43871578125 0.2791955546875 0.43122147968749996 0.29285061093750003 0.3062365609375 0.3052898375 0.292001175 0.335214396875 0.21319723281249997 0.35919389687500003 0.19523365312500002 0.4158457484375 0.1982844625 0.4661030640625 0.218931715625 0.4683511875 0.22870464687499997 0.4824392390625 0.22122930312500003 0.5159940578125 0.24081308125 0.5839696828125 0.23594557656249998 0.5968254234375 0.25133923125 0.6006721796875001 0.25025679843750004 0.64649991875 0.2705369203125 0.657390703125 0.3092046296875 0.6626862671875 0.46418572031250005 0.6155265812499999 0.5666498078125 0.6042529937500001 0.5835688703125 0.633228409375 0.5982093046875 0.63446071875 0.6102608593750001 0.676291875 0.628281315625 0.6793393156249999 0.621945284375 0.7267656875 0.6425925375 0.7290138125000001 0.650877984375 0.75777273125 0.6737659453125 0.747964434375 0.68046910625 0.691895403125 0.6714494 0.6804218015625 0.6812033703125 0.6746100875 0.7299611640625 0.23891358437500002 0.7032312546874999 0.1560505921875 0.6581516749999999 0.11858234375000001 0.637504421875 0.1163342203125 0.6209335328125001 0.058816379687499996 0.5901083 0.0113233390625 0.58804675625 0 0.41256408593750005 0
0 0.49786526562500005 0.9010174703124999 0.4997767609375 0.9374032343750001 0.5343112265625 0.938269221875 0.6029751109375 0.9088443312500001 0.606336171875 0.8907596968749999 0.5930884234375 0.7753576984375 0.56641539375 0.752193996875 0.48309211406249997 0.7604868171875 0.4606092046875 0.8014519828125 0.46817934531249994 0.86739598125 0.49786526562500005 0.9010174703124999
0 0.3103318859375 0.2699198890625 0.3249723203125 0.2711521984375 0.32951061406250004 0.306738646875 0.454438653125 0.2346001265625 0.4356080953125 0.1692389484375 0.40217502187500004 0.1424449859375 0.3181174828125 0.168023121875 0.310623178125 0.18167817656250002 0.28172839843749997 0.19047065937500002 0.288526359375 0.23390044687499997 0.3103318859375 0.2699198890625
0 0.19029031093749998 0.3491024328125 0.197803575 0.3553471390625 0.22629330468750003 0.31539778749999997 0.249143346875 0.26578996250000003 0.2472128921875 0.2095044359375 0.188708028125 0.2642744828125 0.19029031093749998 0.3491024328125
0 0.8562301671875 0.7862821875 0.8299242671875 0.7544758265625 0.799136953125 0.7467823109375 0.736093796875 0.7659659125 0.70571153125 0.789429265625 0.699356540625 0.8169558734375 0.7118321078125 0.9098436609375 0.7490123328125 0.9298100968749999 0.8625556812499999 0.8952596312500001 0.8562301671875 0.7862821875
0 1 0.372947771875 0.9304484984375 0.1315333328125 0.8713842546875 0.14469384999999998 0.7712177546875 0.20361030625 0.76710346875 0.21908049375 0.8074103390625 0.36890329843749997 0.8454006640625 0.451183471875 0.8581675234375 0.455829546875 0.9756202187499999 0.41724584687500005 1 0.398275359375 1 0.372947771875
0 0.20272105625 0.788928859375 0.233875503125 0.7879797187500001 0.2454840890625 0.7588544781250001 0.2631184546875 0.7506448109375 0.2589662515625 0.7263154703125 0.201138775 0.7041009109374999 0.1733833078125 0.7267649484375001 0.1857830359375 0.7400536796875 0.1798141359375 0.77883739375 0.20272105625 0.788928859375
0 0.86645296875 0.4845884640625 0.7985233484375 0.49672804218750005 0.7786672343750001 0.5368938921875 0.774958003125 0.5835209453125 0.794889953125 0.6229541515625 0.7923010734375 0.6635529953125 0.8348107328125 0.7615198515625 0.9248750921875001 0.7369575312500001 0.9233496875 0.7118288734375 0.9368508109375 0.69918963125 0.909291840625 0.5341131359375 0.8916195546875001 0.5025232734375 0.86645296875 0.4845884640625
0 0.6266731734375 0.9613497703125 0.5891068578125 0.93012623125 0.5369380234375 0.9374699062499999 0.5319663546875 0.9820328703125 0.5832813156250001 0.9802409125 0.6286174171875001 0.966445446875 0.6266731734375 0.9613497703125
0 0.81988575625 0 0.8266338875000001 0.0587834171875 0.8386664859374999 0.0807148078125 0.8649534265625001 0.092621403125 0.9009753796875 0.078816521875 0.9005892859375001 0.0675594171875 0.8781356859375 0 0.81988575625 0