0 0.224276684375 0.494979615625 0.25965083437500003 0.6162813578125 0.34416022812499997 0.604172771875 0.3656753703125 0.595335684375 0.37497776875 0.56533685 0.34088225156249996 0.49292228906249996 0.318749075 0.4745736546875 0.27826150156249996 0.4833185078125 0.224276684375 0.494979615625
0 0.19502140942922433 0.3799949406429102 0.05919793758467105 0.05690452800763594
0 0.12720206637205783 0.2643068533179552 0.07350609905006031 0.06175566000954502
0 0.26849653098052184 0.394774508633047 0.07843261646291486 0.09616702267663584
0 0.325119328125 0.6852717671875 0.285437590625 0.6965242093749999 0.2837007171875 0.70796111875 0.3071951671875 0.7642291125 0.34098565000000003 0.7683277265624999 0.3518997203125 0.743344071875 0.325119328125 0.6852717671875
0 0.2764174101065929 0.8293222313017289 0.05262038896415202 0.05058180267345449
0 0.2471559560135784 0.7632159733052285 0.04744156603337348 0.04115225867281787
0 0.17851441937884704 0.6467557266470464 0.0545923247398008 0.05841248400699968
0 0.08021303821661108 0.5908335379933185 0.08550148801421238 0.11186474801081765
0 0.0442501255080264 0.33719091732972745 0.05623671189493057 0.05999316534054513
0 0.022187017751538814 0.2592750026655001 0.020299211894930568 0.05957499466899989
0 0.019412820555929317 0.16159148066518186 0.02359463025772479 0.03306703866963625
0 0.11405693520982188 0.20739378198600064 0.05442855042954133 0.055287484006999676
0 0.5049319137246375 0.9235973006047301 0.1089323439616777 0.14180678668045382
0 0.38008904398236226 0.9578824886219112 0.11338747060135787 0.07783519334818116
0 0.36301665140016565 0.8111165766231838 0.06519563206674714 0.08195907200827221
0 0.17684677803984578 0.7491812926480008 0.05919793758467105 0.05690452800763594
0 0.2210770556294656 0.6235903993077739 0.06643058344622813 0.07572725334181776
0 0.25212781829262176 0.9624983579726376 0.10993492198083885 0.07154883068109044
0 0.15736975972248007 0.690778446650228 0.05878850180902231 0.04909202800763594
0 0.46734570952008136 0.20640980060473013 0.057553550429541286 0.055323846674090585
0 0.5238214388278666 0.29955981659773046 0.14183337516934208 0.11408177601845368
0 0.2556445646745772 0.8655233606381376 0.07135710085908258 0.11013861600890848
0 0.06490121946970408 0.4776613759945912 0.06346935775648758 0.07881589067472686
0 0.5253883401164904 0.463704132598685 0.0934025192218769 0.08384883601209019
0 0.8467741757104251 0.8086144538908686 0.07868492198083885 0.07118520401018139
0 0.1430405868371301 0.5963562846515007 0.07736808344622811 0.07585452267663584
0 0.11662857304232017 0.6592017299888642 0.0617497274987628 0.04600339067472703