0 0.5508325000000001 0.7133325 0.5483325 0.6908325 0.5233325 0.6733325 0.44833249999999997 0.6833325 0.4258325 0.6983325 0.4233325 0.7383325000000001 0.42000000000000004 0.7916675 0.54 0.795 0.5508325000000001 0.7133325
0 0.30703125 0.78515625 0.04296875 0.04296875
0 0.184375 0.8125 0.0453125 0.05859375
0 0.33984375 0.72109375 0.0796875 0.0515625
0 0.7 0.765 0.6799999999999999 0.7474999999999999 0.62 0.755 0.62 0.795 0.63 0.8 0.6875 0.795 0.7 0.765
0 0.7390625 0.8421875 0.03828125 0.03828125
0 0.67109375 0.85 0.03203125 0.03671875
0 0.546875 0.87890625 0.046875 0.03828125
0 0.47109375 0.953125 0.0953125 0.053125
0 0.22734375 0.91640625 0.0453125 0.053125
0 0.14921875 0.91953125 0.0515625 0.028125
0 0.0296875 0.96875 0.059375 0.040625
0 0.14921875 0.97265625 0.071875 0.0546875
0 0.06171875 0.88828125 0.0234375 0.0296875
0 0.128125 0.80859375 0.04296875 0.03984375
0 0.884375 0.659375 0.121875 0.06796875
0 0.89765625 0.78828125 0.08203125 0.08671875
0 0.7453125 0.7578125 0.0703125 0.04140625
0 0.63984375 0.9109375 0.04296875 0.0453125
0 0.53671875 0.8328125 0.06328125 0.0453125
0 0.85859375 0.90546875 0.05 0.09140625
0 0.58203125 0.91171875 0.03671875 0.046875
0 0.21953125 0.48203125 0.04140625 0.04296875
0 0.31953125 0.45703125 0.08203125 0.11328125
0 0.76640625 0.87265625 0.096875 0.03828125
0 0.3625 0.934375 0.06484375 0.04140625
0 0.4703125 0.50390625 0.06328125 0.071875
0 0.86796875 0.31015625 0.053125 0.06015625
0 0.49140625 0.896875 0.06015625 0.05703125
0 0.5421875 0.93984375 0.03203125 0.05