0 0.7894428296875 0.6139220937500001 0.810435409375 0.4847876015625 0.724024871875 0.46278693281249994 0.699422775 0.46264671718750006 0.6769442890625 0.487429021875 0.6768408984375001 0.5696628125000001 0.6897376390625001 0.5958472296874999 0.7324676125 0.6035938953125 0.7894428296875 0.6139220937500001
0 0.7656098885662319 0.7353394770760494 0.052162484006999674 0.051862481849627426
0 0.7773184532145508 0.8704184590238727 0.06942270934118148 0.05821247579950324
0 0.7012752159055043 0.6919667269778536 0.06827838001272682 0.09414088544042372
0 0.7789445078125 0.3933699828125 0.8220370328125 0.3984175859375 0.8288738015625 0.38825228749999996 0.8318259015624999 0.32554288750000004 0.8013192609375 0.30826186875 0.7795658765625 0.3276460484375 0.7789445078125 0.3933699828125
0 0.8904864506285927 0.27526906460645867 0.045839758672817865 0.0455761204133089
0 0.8888324966184113 0.3502736097859985 0.044204533338636054 0.039317030054229284
0 0.9020671985996394 0.4884685013747421 0.04751134667409076 0.05496021077238851
0 0.9627223405872309 0.5795156821910972 0.06062951201463562 0.10815793364502539
0 0.8956599205522325 0.8377008869133615 0.06471702800763594 0.056622704722264314
0 0.8876468785407784 0.9221167935292197 0.03819089067472703 0.05959316861791066
0 0.9274269938733696 0.9273537393726896 0.03532042934436319 0.08144998789975162
0 0.7656809718730513 0.9306383415374299 0.04903748400699968 0.051844301131468026
0 0.7136710539863188 0.09662241072107489 0.09224313868554468 0.13958974082661785
0 0.8550500319860006 0.0981434832243695 0.10428860534690862 0.10059996369925477
0 0.8000614452975926 0.2586088054330765 0.05561474801081765 0.08000566256778666
0 0.949288191279457 0.3913253357818934 0.05530566534054486 0.05344316256778665
0 0.8504501545990031 0.49345598322436945 0.05868520401018138 0.07533634328594588
0 0.9598551633115919 0.1545611339864953 0.07734429734245403 0.06763292759490125
0 0.9423109379376392 0.4538616972182119 0.055232940006363404 0.047193162567786474
0 0.4259110418921413 0.7919995849963264 0.052144302673454136 0.05029998184962743
0 0.4139206665738679 0.6811393530485033 0.13401246801399935 0.10389768052176755
0 0.9267148519653198 0.2500599863476275 0.054415874681726706 0.11124657220870696
0 0.9348326032384134 0.6937327182954507 0.05399770401018138 0.07530907220870695
0 0.48684164059518514 0.5236944917103805 0.08684656667727211 0.07862496974937905
0 0.3351102493236823 0.0691393227978822 0.07263861600890867 0.06604315651766242
0 0.9122865359245944 0.5501236188611849 0.07116702267663584 0.07384656615858276
0 0.9659842479312759 0.5005957966524777 0.056722714672181596 0.04095225292686635