0 0.7326407609375 0.385456465625 0.693231765625 0.39427121249999997 0.6821109 0.41908889374999997 0.6848743984375 0.4954939140625 0.706541946875 0.5176702843750001 0.7293720984375 0.5166091171875 0.8088612968750001 0.49289725312500005 0.7851878875 0.3737040375 0.7326407609375 0.385456465625
0 0.7592953733688621 0.26171875 0.050581802673454135 0.05
0 0.765635185351681 0.13515625 0.06626134667409059 0.0546875
0 0.7012016100413617 0.3046875 0.06666133601209037 0.0890625
0 0.7853068375000001 0.6400760453125 0.8061262671874999 0.6572640890625 0.8338807625 0.6400528390625 0.82910654375 0.581897028125 0.8224311765625 0.572710453125 0.7825981234375 0.5790310375 0.7853068375000001 0.6400760453125
0 0.889985583426132 0.68359375 0.04583975867281822 0.0453125
0 0.8860606047501325 0.61484375 0.04262385200509087 0.0375
0 0.8931543947326332 0.4859375 0.045930665340544866 0.053125
0 0.9546362400540884 0.3984375 0.0684056493475449 0.1046875
0 0.8768908586887264 0.1625 0.059993165340544864 0.053125
0 0.8658073606779085 0.0828125 0.036592028007635946 0.05625
0 0.9149352040101814 0.075 0.05873974801081765 0.0796875
0 0.8203943160009544 0.00703125 0.034538632001908806 0.0140625
0 0.7524897480108177 0.0796875 0.04745680267345413 0.05
0 0.7318565521164493 0.8578125 0.08902723201781733 0.13125
0 0.8630247361154947 0.85078125 0.101109061346272 0.0953125
0 0.805846940762223 0.70390625 0.054034066677272105 0.078125
0 0.9410566400779509 0.57421875 0.05214430267345449 0.05
0 0.8454708727323151 0.48359375 0.05550566000954475 0.0703125
0 0.9614584047183158 0.79296875 0.07708319056336847 0.0640625
0 0.9317901807367693 0.51640625 0.052053396005727136 0.0421875
0 0.4424345900302259 0.22265625 0.05056362133990877 0.0484375
0 0.4342595580442253 0.32578125 0.12772610534690845 0.1
0 0.9246333034293137 0.70703125 0.05588746801399935 0.103125
0 0.9174805907065438 0.29375 0.052398841343090655 0.071875
0 0.5077981500636335 0.46875 0.08212270401018137 0.075
0 0.3815298354550853 0.896875 0.0694954346753633 0.0640625
0 0.9018566853914519 0.428125 0.06642497867599957 0.06875
0 0.9539373533974971 0.47265625 0.05514203333863606 0.0390625