0 0.806128140625 0.5609413421875 0.8142173796875 0.4317421875 0.726809615625 0.42418436406250004 0.7025221937499999 0.42799936875 0.682766259375 0.4557575140625 0.6907027578125 0.5359018625 0.70598693125 0.5593441890624999 0.7489038109374999 0.560029103125 0.806128140625 0.5609413421875
0 0.7943501013743101 0.6829234685729778 0.048511911069925515 0.04905823821317572
0 0.8194269685273528 0.8135720010379665 0.06419147477225665 0.05134848428423453
0 0.7268550665279198 0.6501880512856355 0.05925100362819702 0.0885573858558109
0 0.774210565625 0.3477239390625 0.8172213171875 0.34572068125 0.822973153125 0.3347175859375 0.8197558890625001 0.27314003593749997 0.787967190625 0.2612016203125 0.7683990015625 0.283583421875 0.774210565625 0.3477239390625
0 0.8730828028177395 0.21516873428874347 0.042043656260602094 0.042517139784752266
0 0.8783308088081896 0.28824236125321423 0.04026290145127902 0.036194365177646404
0 0.9049156122589013 0.4203806191110971 0.04237103847458741 0.05189213978475227
0 0.9661135178865312 0.49942811021975686 0.03328870435383635 0.10450771753501123
0 0.9335638795972784 0.7614572293263449 0.05794147477225664 0.051057385855810725
0 0.9329611896714122 0.8457230674156861 0.03321429328391083 0.057705492142117266
0 0.8968748675315608 0.941001334164909 0.0321230192372937 0.026455492142117266
0 0.8134200159876148 0.873910187555731 0.04538691106992552 0.04891268899896417
0 0.6808829230508252 0.06812472208763445 0.07802085099579195 0.13467040653397527
0 0.8204364963718029 0.04758528205521315 0.09680556733052796 0.09186647642635144
0 0.7818948076270631 0.21317604880443616 0.046369057711881115 0.07703768899896399
0 0.942782689208076 0.31877957775476823 0.05007441106992587 0.04913101282028158
0 0.8545336663425852 0.43364690653848453 0.05083830290255768 0.07100601282028159
0 0.9455257764088699 0.0838780388796387 0.10029266587924894 0.05770980024766903
0 0.9413813911148419 0.38124319045121524 0.051364092558271325 0.041391287427387444
0 0.46526774738329324 0.792628224154549 0.04840278366526398 0.04593323821317572
0 0.4424701428441223 0.6860528924753486 0.12493056733052796 0.09317641935425698
0 0.9061507631620259 0.1839893548430734 0.044226204353836354 0.10501713978475227
0 0.955044553914048 0.6153805959517332 0.046150802902557686 0.070787688998964
0 0.49892601788653135 0.5211877177444082 0.08052580290255769 0.07238873035529281
0 0.30528272232518583 0.10277812779304023 0.06758929328391083 0.05930653349844599
0 0.9215921915703287 0.47888232382582674 0.06322917549789579 0.06846320967712849
0 0.9633183893007434 0.4231203213446274 0.04182540145127902 0.03626713978475227