0 0.5022673156249999 0.8509035078125 0.6275535015625 0.8296573031250001 0.6129192906250001 0.740633703125 0.60320963125 0.7172399234375 0.5717891390625 0.703807190625 0.49730962031250003 0.7299261703125 0.47876389843749995 0.7505139625 0.488836196875 0.79353736875 0.5022673156249999 0.8509035078125
0 0.3827869188130202 0.8669473190855914 0.05919793758467105 0.05919793758467122
0 0.26410551786308045 0.9214976209854708 0.06626680913596861 0.07515048620519024
0 0.39678414178922716 0.7921077713695833 0.10236808344622812 0.08015889077317447
0 0.6977139921875 0.7706252578125 0.7103744437499999 0.81313225625 0.7223096171875001 0.81638 0.7802546140625 0.7991892484374999 0.7837000468750001 0.7647269624999999 0.7574558640625 0.7502614109375 0.6977139921875 0.7706252578125
0 0.8487936991161735 0.8391697156245168 0.0526203889641522 0.0526203889641522
0 0.7806135871758144 0.8613069872212428 0.04628850180902226 0.050730340343633176
0 0.6612328233810045 0.9173788455435574 0.06051477611928178 0.0545923247398008
0 0.6024144233355759 0.9832916140880655 0.11561171189493055 0.03341677182386889
0 0.34003393204200316 0.9942556902982045 0.0622476944820761 0.011488619403591116
0 0.20526278437142387 0.92854215909054 0.059034163274411536 0.056072937584671224
0 0.9326110620188441 0.6141464614406453 0.1347778759623118 0.1123030054270668
0 0.969171560379164 0.7483477210515838 0.06165687924167216 0.11749511646291477
0 0.8284192441186479 0.7477258440732193 0.08765048620519025 0.06692190637700648
0 0.7671928963117829 0.9322812285148157 0.0608423247398008 0.0608423247398008
0 0.6361609023046768 0.870097731794176 0.08148237336031983 0.06815685775648746
0 0.9758381798385258 0.8817367531637593 0.048323640322948336 0.11330558344622829
0 0.7078555178630805 0.9447535730423201 0.0545923247398008 0.06051477611928178
0 0.19621649649349704 0.5626681755988835 0.05763543758467109 0.05911605042954129
0 0.2919517203742152 0.5162645663720579 0.12135045680654795 0.14504026232447204
0 0.8867817000206847 0.8653128137700661 0.11429487336031982 0.0698764880142125
0 0.48654043984391926 0.9908274751239137 0.08173467887824373 0.01834504975217257
0 0.46275554330499374 0.5345652662812007 0.09076884215265543 0.09669129353213642
0 0.8138522173219975 0.24677749773669247 0.07596935775648746 0.08189180913596861
0 0.6098683972162942 0.9481884322691456 0.08205558344622794 0.07909435775648746
0 0.6755686403188891 0.9759399991512596 0.049986711894930556 0.04812000169748067