0 0.6167530140624999 0.7186452578125 0.6089711953125 0.6783910234375 0.5841125875000001 0.6665035703125 0.50648855 0.6675048875 0.483341996875 0.6889981171875 0.48374455312500003 0.7122222609375 0.505461271875 0.793556621875 0.6271281375 0.772319384375 0.6167530140624999 0.7186452578125
0 0.7415485604079173 0.7486471807619968 0.04956489532659738 0.05041117688202625
0 0.8700190525241325 0.7582702370740566 0.05461607123840295 0.06622717787060921
0 0.6987057905562853 0.6886156061611481 0.0873558360560418 0.06443918479069151
0 0.35678734843750004 0.76614105 0.3387284296875 0.786890425 0.35537601875 0.8155004046875 0.41453857968749996 0.81202431875 0.4240591 0.805458334375 0.418821103125 0.764832171875 0.35678734843750004 0.76614105
0 0.30882893901701464 0.8710659392021348 0.04316942496187508 0.043906508897248384
0 0.3791596228126049 0.8689821743733873 0.036883057370694416 0.04208934091247087
0 0.5092289825200007 0.8801040636892526 0.05101829255305575 0.045787343878220456
0 0.5967302889407646 0.9437898788985611 0.10305357123840295 0.06820085475263546
0 0.8390074014979522 0.870576577492236 0.052944468464860964 0.06147601087441501
0 0.9193306811332299 0.861047727188225 0.05701371941479181 0.035104511862998324
0 0.9258359074818758 0.9053561427015445 0.07914329255305574 0.04693334980971962
0 0.9949391320275698 0.8177022923975332 0.010121735944860433 0.035521005931499164
0 0.9260326631814589 0.7458219752110585 0.04949216014423641 0.04728617688202626
0 0.13765918778274364 0.7067845577949348 0.13317748233256949 0.08816052768032882
0 0.14075043303309098 0.8395970577949348 0.09600479065319453 0.1006950197716634
0 0.291984971502084 0.7857332756659815 0.07776263050895835 0.05468218281352506
0 0.4188046574818758 0.9260160829666246 0.04963763050895835 0.053536176882026255
0 0.5135521533978131 0.8306624792025723 0.07154899810013901 0.05599001482874755
0 0.19489503200691052 0.9484335469205197 0.06301045269729175 0.09154551285158127
0 0.47805237091274383 0.9181279871112377 0.04335126291777769 0.051719008897248384
0 0.7911608218070837 0.4275733354009015 0.04956489532659738 0.05041117688202625
0 0.6861278296908685 0.4169952741459257 0.09818553970326391 0.12732118676785795
0 0.28462902602298684 0.9064596111412448 0.10428876291777786 0.05420202174883002
0 0.7046148709127438 0.908896272663051 0.07147626291777769 0.052865014828747545
0 0.5384001509292713 0.4871379722824901 0.07529224715020835 0.0826798488211363
0 0.10823725940239615 0.34983156224355894 0.06250130642076393 0.06967051285158128
0 0.5673324232494452 0.8902483848300602 0.07024107123840277 0.06686384783255335
0 0.5223660685760425 0.9405640612177948 0.038772865691319505 0.05621550790866543