0 0.4982602171875 0 0.42260782656250007 0.18289619375 0.3986728296875 0.3361850875 0.403084240625 0.49202593281249996 0.4341429546875 0.638076334375 0.4884352328125 0.7514043328125 0.5393809359375 0.8311698703125 0.63155711875 0.8314954984374999 0.54935935 0.6393709578125 0.5182077984375 0.509278003125 0.49427310156250004 0.3576634171875 0.5125588515625 0.261299634375 0.5986451828125 0.089888825 0.6568653249999999 0 0.4982602171875 0
0 0.5958098653451434 0.5650123201561168 0.08828177088084707 0.13743056733052797
0 0.5630478832009284 0.4232166897562302 0.05700449980360833 0.13165179328391083
0 0.5692347715682182 0.2995882167980722 0.056522710772388504 0.04883929328391083
0 0.6999979164766115 0.5129463339511149 0.08918171642972936 0.292118067330528
0 0.71868825 0.17610399062499998 0.70249355625 0.21744049062499998 0.6743198734375 0.184742353125 0.6420129875 0.25323450468750003 0.6595586953125 0.2845302046875 0.6593111281249999 0.327083396875 0.7000903828125 0.3256593546875 0.7271606359375 0.24316943906250002 0.7487776375 0.18391580624999998 0.743675109375 0.14686751250000002 0.71868825 0.17610399062499998
0 0.696447753123258 0.0491020887604383 0.05664088544042371 0.06915179328391081
0 0.38950286153451436 0.04498010626845147 0.09242384933607006 0.04384425843752049
0 0.34358130747617993 0.15124995363604626 0.0660704275949013 0.07885417549789597
0 0.37929050673749526 0.4577529247801058 0.055578355189802496 0.15503472958158007
0 0.7589996908735 0.7092831314113769 0.07217498184962742 0.0540724303072194
0 0.7406400554330764 0.7770981139881817 0.13311248184962743 0.056200414698122717