0 0.3619848875 0 0.22084291406249998 0.042341865625 0.2944082078125 0.10779091874999999 0.4125259640625 0.242031840625 0.45022673593749996 0.3271695171875 0.4593026125 0.47804782343749996 0.45697199218750006 0.6109178734375 0.4190296046875 0.8187670671875 0.5068282734375 0.7888566734375 0.5386139390625 0.69716108125 0.5665299703125 0.5726928359375 0.5654154890624999 0.4247816796875 0.53684001875 0.276181909375 0.48178005781250005 0.1390959125 0.37815329375 0 0.3619848875 0
0 0.39671842505878424 0.5558483717784402 0.12067878875333342 0.15614153663473135
0 0.3985199272429858 0.4113990089335699 0.089137848023889 0.1420037935321364
0 0.3668724965815275 0.2960130263464244 0.06700696846486114 0.06281426051544958
0 0.28707132133531205 0.5397464162150876 0.15690984232430577 0.30473616689245625
0 0.2864714328125 0.351291196875 0.2772845015625 0.31118157968750004 0.2874270296875 0.275989634375 0.24222329375 0.221678121875 0.22224461875 0.261607821875 0.198111978125 0.2277688 0.16814338906249998 0.20818123125 0.1710723921875 0.2448099890625 0.204142675 0.29382934375 0.24729896875000001 0.3630427359375 0.2864714328125 0.351291196875
0 0.19271221723059018 0.10148285560878101 0.07209451196784729 0.08024742198083885
0 0.48295731715434026 0.01596143543696449 0.0997103656913195 0.03192287087392898
0 0.5497252834349998 0.08355289066163271 0.0833229526972918 0.0933206320667471
0 0.5801699707459719 0.38471259893851867 0.0911731267092362 0.16239818068726608
0 0.2713878506862494 0.7442258763009959 0.08277743882958344 0.06988313206674715
0 0.30358144842579793 0.8026215524657061 0.14091724715020842 0.08697545680654813