0 0.180948871875 0.6405051109375 0.364005059375 0.549360675 0.4885078359375 0.5112857515625 0.63388520625 0.4788455359375 0.7270368640625 0.49054250312500003 0.893936584375 0.5630176 0.9929201703125001 0.6200751515625 0.99438514375 0.494175665625 0.992725409375 0.4656791328125 0.800473096875 0.3989321859375 0.6524095265625001 0.38529623125 0.502526415625 0.399163171875 0.362664009375 0.438132690625 0.2548155125 0.497497290625 0.1791925890625 0.551563559375 0.180948871875 0.6405051109375
0 0.4361689312540037 0.5895294080601335 0.13702838001272663 0.09533177601845359
0 0.5718160772597306 0.5489145934118145 0.12885225334181777 0.06399086935072659
0 0.6913836899268215 0.5471804654280412 0.05067270934118149 0.058394302673454135
0 0.48894793857418606 0.6870316640674515 0.2840124680139994 0.10641582137172563
0 0.8136579703125 0.6841392 0.7735118484375 0.6710657140625 0.8043481375000001 0.641870215625 0.7377054828125 0.614928246875 0.7079802734375 0.6337845453125001 0.66702126875 0.636170134375 0.669307409375 0.6754216609375 0.749304015625 0.6964486062499999 0.8068154421875 0.7136479234374999 0.842356371875 0.7064406562500001 0.8136579703125 0.6841392
0 0.9346967905792767 0.6547133441279032 0.06944089067472703 0.060174978675999566
0 0.9326643126193659 0.35933720946049413 0.046385198679180915 0.09271475867281787
0 0.8291853239576839 0.3214094007797221 0.07890679734245402 0.06809656667727229
0 0.5347807959500478 0.3742413100731784 0.15072725334181775 0.06424540802036267
0 0.30140193789786834 0.7559527447087708 0.055542022676635924 0.07407384667409041
0 0.23592238856623188 0.742689128699862 0.060902232017817325 0.13194089067472686