0 0.623292809375 1 0.5827164359375 0.93872370625 0.49839034218749995 0.7729115328125 0.4808241625 0.6783067734375 0.5054183937500001 0.5270294734375 0.5370406796875 0.3967364875 0.6196091 0.2026476609375 0.5282575890625 0.2072205515625 0.4773088203125 0.2885771640625 0.422849975 0.403331575 0.39122769062499996 0.54942606875 0.38595731093749996 0.7039892171875 0.40879387031250003 0.8547175796875001 0.46923869375000005 1 0.623292809375 1
0 0.5822127979431505 0.46842096102532677 0.10103795680654795 0.14288251977166339
0 0.5497201232487782 0.6103710390862165 0.06937852103089917 0.13379667984777566
0 0.5542704251486575 0.7326917080595772 0.06199538896415202 0.0524193458553869
0 0.6854296511770823 0.5156872332684481 0.11679351085413395 0.2947633547526355
0 0.6442059671875 0.7009860531250001 0.644205965625 0.7431234046874999 0.626637153125 0.7749307234375 0.6582594375 0.8412822171875 0.6863690140625 0.8075957171875 0.7021801562500001 0.8477926 0.7267743875 0.8755990406249999 0.73204476875 0.8386675671875 0.71096324375 0.7809738703125 0.684611340625 0.7005161796875 0.6442059671875 0.7009860531250001
0 0.6794054647240649 0.9693236153984952 0.06297803482570892 0.06135276920300967
0 0.37542397162146995 0.9843139567866672 0.09456222749876284 0.03137208642666565
0 0.3307466367049038 0.8895624960828483 0.07448874491161739 0.08255251482874755
0 0.3670680755327703 0.5849214170333754 0.07052494120271566 0.15567167984777566
0 0.7451299570336906 0.3176927436485715 0.07778416327441154 0.05618101581733077
0 0.7274345239715753 0.2519894891999472 0.13732293758467104 0.06172536167271767