0 0 0.6566675 0.1116675 0.5833325 0.27 0.5033325 0.36 0.4866675 0.5033325 0.51 0.6266675 0.54 0.8099999999999999 0.6183325 0.8066675 0.5316675 0.73 0.48333250000000005 0.6216675 0.4316675 0.48333250000000005 0.4016675 0.3366675 0.3966675 0.1933325 0.4183325 0 0.49833249999999996 0 0.6566675
0 0.55859375 0.58359375 0.1265625 0.08359375
0 0.42421875 0.5515625 0.121875 0.053125
0 0.3078125 0.55703125 0.0453125 0.053125
0 0.5125 0.68046875 0.271875 0.08203125
0 0.16999999999999998 0.72 0.205 0.725 0.26 0.705 0.3366675 0.6799999999999999 0.3366675 0.6416675 0.2966675 0.6416675 0.2666675 0.625 0.2033325 0.655 0.23500000000000001 0.6816675 0.1966675 0.6966675 0.16999999999999998 0.72
0 0.0765625 0.675 0.06328125 0.053125
0 0.0625 0.38671875 0.03828125 0.08671875
0 0.1609375 0.34453125 0.071875 0.06171875
0 0.45 0.37890625 0.14296875 0.0515625
0 0.69921875 0.7375 0.0484375 0.06796875
0 0.7625 0.72109375 0.0484375 0.125