0 0.1612313765625 0.7208852265625 0.34004699843749997 0.594940375 0.465847378125 0.53481575625 0.6148414062499999 0.4774426515625 0.7159903328125 0.47536303281250003 0.9062268890625 0.5266427578124999 0.9797336281250001 0.555615771875 0.9823087749999999 0.49241711875 0.9618764953125 0.4010837546875 0.7781002906250001 0.3660648921875 0.6181917671875 0.37466224531250003 0.4611564671875 0.41290921249999996 0.31917147031250004 0.47639118593749996 0.214812121875 0.55664228125 0.1438109828125 0.6261963578125 0.1612313765625 0.7208852265625
0 0.4239893734613537 0.6261185100998207 0.16446835969555132 0.13428253669052861
0 0.5612930552862957 0.5620699626035996 0.14906885277546902 0.10065098933548207
0 0.6881884777196975 0.5420521361681836 0.06692751482874755 0.07404371572854576
0 0.49760860418398173 0.7220295205525773 0.3192487015966055 0.1838260523343699
0 0.8419975578125 0.6685204328125 0.7970003 0.6608404734375 0.8247019124999999 0.6248455500000001 0.749090128125 0.6065020671875 0.720762728125 0.631283978125 0.6776037484375 0.6402369171875 0.686899296875 0.6817885140625 0.775684021875 0.6917279828125 0.8398775734375 0.70109725625 0.8764291921874999 0.6878435406250001 0.8419975578125 0.6685204328125
0 0.9505810483662135 0.6176337780215619 0.05618101581733086 0.07809417889684286
0 0.9117519476050917 0.30213060438639094 0.06989068874502422 0.10850972099021768
0 0.7952647845632301 0.27811770976100225 0.09725168479069132 0.09139781570031094
0 0.4919249258562619 0.3810482047816791 0.17263368676785795 0.10514106826055976
0 0.30936716346179116 0.8253989023061349 0.0738141847906915 0.09003273677523324
0 0.2374921634617912 0.8212126602692299 0.09348469764227278 0.15197129465362344