0 0.2957553109375 0.12998774375 0.4018554609375 0.3139672328125 0.4485594875 0.44176378749999995 0.49030027968749995 0.592326853125 0.4824672328125 0.692422121875 0.4135917171875 0.8775052531249999 0.3598755890625 0.9846249546875001 0.513126246875 0.97838046875 0.5204296203125 0.9771886921874999 0.58362831875 0.7600928921875 0.5908028875 0.6015449875 0.568610134375 0.444133065625 0.5201922671875 0.3001466671875 0.45165089375 0.192385821875 0.390347403125 0.11821102187500002 0.2957553109375 0.12998774375
0 0.3623583092560606 0.39588025540002636 0.10881371266133195 0.1512043557412186
0 0.41223380398105486 0.5351536610275144 0.07742734496658024 0.14211851581733087
0 0.42018089732607733 0.6613023255522508 0.0666068474022122 0.058924013840164415
0 0.262048617698047 0.4624231096583703 0.13034561363426667 0.3113433596955513
0 0.280676328125 0.8058673921875 0.2926027234375 0.7618333921875 0.325210496875 0.791282278125 0.350586325 0.7176016484375001 0.329039821875 0.688178625 0.324469575 0.6450057124999999 0.2827992828125 0.6518055421875 0.26438215 0.7389892890625 0.24892474375 0.801899859375 0.25835908281250003 0.8387892015625 0.280676328125 0.8058673921875
0 0.3178745089350443 0.9316877628144002 0.06852390340856669 0.07930018083635879
0 0.6331137252498242 0.8962026130812303 0.09936480032431164 0.05713602076024671
0 0.6678899200542487 0.7823656061611481 0.07806254464226861 0.08905718281352523
0 0.5967275807664161 0.4761102889746732 0.0778364480508353 0.16555601581733087
0 0.17873906006683948 0.270644127947159 0.08234094155801364 0.06581068380210837
0 0.18935500608907993 0.19916837596999265 0.14338753571381496 0.07454369665368961