0 0.7791526923042238 0.683152990182528 0.06929796360606985 0.04922572625188959
0 0.6956787586819432 0.5728595032661205 0.06758991439185813 0.046009720990217676
0 0.9519114104629167 0.0845580535343517 0.09617717907416648 0.05435284200867019
0 0.5623994543004449 0.09963337684482174 0.08514128742738744 0.05482327886860798
0 0.9897924001238344 0.06279717462339139 0.020415199752331147 0.04520608418674958
0 0.02230386875 0.44805353437499995 0.1721553171875 0.48016064218750004 0.455253978125 0.5067428640625 0.4828793359375 0.39382293125 0.0289899921875 0.3959939890625 0.02230386875 0.44805353437499995
0 1 0.41059018593749996 0.74963850625 0.394383009375 0.7383954703125 0.4478578578125 1 0.46296250156249996 1 0.41059018593749996
0 0.8653338390625 0.5153234046875 0.8800526921875 0.46883043906250005 0.46551431406250005 0.4268537671875 0.4609508953125 0.4964512390625 0.8653338390625 0.5153234046875
0 0.4409359734375 0.2946727 0.32479389531249997 0.296410234375 0.3087290078125 0.26822953437499997 0.04159675 0.29783517187499997 0.033468225000000004 0.3611255375 0.3170295953125 0.356864675 0.5445754609375 0.3221514328125 0.4409359734375 0.2946727
0 1 0.249079375 0.599594553125 0.23435761562500002 0.5814194500000001 0.34180696093749996 1 0.330564715625 1 0.249079375
0 0.125135126340789 0.6852101869305249 0.1891395827126577 0.07957962613895013