0 0.33984375 0.21796875 0.03359375 0.06015625
0 0.434375 0.31015625 0.03125 0.05859375
0 0.92734375 0.12109375 0.02890625 0.09609375
0 0.86953125 0.49609375 0.03515625 0.075
0 0.95625 0.06328125 0.02890625 0.07265625
0 0.525 0.9974999999999999 0.58125 0.5354175 0.47083250000000004 0.5479175 0.4645825 0.8208325000000001 0.48125 0.9974999999999999 0.525 0.9974999999999999
0 0.575 0.0020825 0.5583325 0.2854175 0.6104175 0.28125 0.625 0 0.575 0.0020825
0 0.5541674999999999 0.14791749999999998 0.5083325000000001 0.15625 0.48125 0.54375 0.5479175 0.5479175 0.5541674999999999 0.14791749999999998
0 0.65625 0.48541749999999995 0.5979175 0.6979175 0.5583325 0.9974999999999999 0.61875 0.9875 0.68125 0.7166675 0.65625 0.6979175 0.6708325 0.5875 0.65625 0.48541749999999995
0 0.70625 0 0.6416675 0.44791749999999997 0.7458325 0.44375 0.78125 0 0.70625 0
0 0.26328125 0.840625 0.03515625 0.17734375