0 0.75359193771926 0.28640364656273204 0.06871550790866543 0.0382817973424542
0 0.6540455824723329 0.39141895790900416 0.06552684091247088 0.03668293467536321
0 0.8531569727396006 0.9091678898790965 0.10608817391627667 0.03559314934754489
0 0.45275506612352956 0.8661933332670486 0.08446784190105419 0.04158861067790838
0 0.9144791333100043 0.9373468865372786 0.08108817391627668 0.03530224801081801
0 0 0.52916026875 0.41191456249999997 0.560083371875 0.3992223171875 0.4427317234375 0.10713627187500001 0.44963510468749995 0 0.46469686250000003 0 0.52916026875
0 0.978060128125 0.5268069515625 0.6796543015625 0.5231567953125 0.6837907921874999 0.578598734375 0.9758871093750001 0.58013665 0.978060128125 0.5268069515625
0 0.40361828749999995 0.453654734375 0.3987422828125 0.5250918718750001 0.8268586015625001 0.511864353125 0.8182250234374999 0.4633073828125 0.40361828749999995 0.453654734375
0 0 0.635943165625 0.21728398593749998 0.675946215625 0.2375094453125 0.6483023343750001 0.3556082125 0.65838804375 0.4649669171875 0.6377276828125 0.2378727015625 0.585977975 0 0.5656475765625 0 0.635943165625
0 0.9723950328125 0.6658383796875 0.50519728125 0.620281146875 0.5090094515625 0.7313670703125 0.9691026609375 0.746638959375 0.9723950328125 0.6658383796875
0 0.09170072726258699 0.23637275732018243 0.18340145452517398 0.045968122692544265