0 0.7204241793864442 0.5113914671373443 0.14848413879807013 0.0973164880191005
0 0.7070492463498473 0.38193958011403567 0.0748478157455871 0.1728224303072194
0 0.6726240588523188 0.7418949334720802 0.06855117694751697 0.08047123920022674
0 0.7750747232179341 0.5602034785700896 0.033412517856907444 0.035520837748947896
0 0.7865383287378211 0.6200149881887365 0.04292388555165907 0.04366071996293321
0 0.8074763457839497 0.7192436618725339 0.06200116801906326 0.0630654843909035
0 0.921264336044717 0.8733086576961828 0.05399775324641069 0.051855165879248946
0 0.8447621116122622 0.7776117225796397 0.07592730032431164 0.05574405771188111
0 0.5310045381494469 0.03261415879249098 0.03174092370110611 0.02921627404661712
0 0.5683351684261003 0.13319700135076237 0.07140344155801355 0.0649553666048885
0 0.5345874598219582 0.09605909989948355 0.030205697240056395 0.03072421034428625
0 0.6043584431828666 0.1743229983555375 0.06967730032431163 0.05552580290255769
0 0.6604799837679456 0.27321685534177914 0.06232845048646744 0.08181548439090332
0 0.5863254634754062 0.22216029762989806 0.0417977621748646 0.06860615626060226
0 0.42725620089350447 0.10950898628981993 0.06205571509696384 0.0661904843909034
0 0.4848601952114615 0.07868806142489616 0.041852309252765355 0.07173115626060225
0 0.4952425418028949 0.15565978919237758 0.07134889448011297 0.06183036660488854
0 0.5313634537361736 0.3703324136018144 0.05849433847375849 0.04108135698624169
0 0.5604100255708404 0.40808787394610063 0.04623980032431163 0.05470734736759475
0 0.5410345085247119 0.3089137639646341 0.06959547970746058 0.05083830290255768
0 0.4804515645310664 0.2864732795737307 0.057450035713814886 0.07071429328391084
0 0.5806037487854793 0.4603869839275673 0.05087275324641087 0.051746038474587405
0 0.61860040097623 0.3436731990811769 0.041688668019063256 0.06235615626060227
0 0.47038681777747726 0.23609133365741472 0.031795470779006865 0.03234127404661713
0 0.7103070653451405 0.6431498986256899 0.051554591720169365 0.0908085384745874
0 0.7487110462704172 0.6374554593327959 0.03343979139585791 0.0370833377489479
0 0.6409042747600615 0.5437922501696361 0.04810230925276535 0.0719494110699257
0 0.6053758778443167 0.5190997850160264 0.03829093262955983 0.04662202885594056
0 0.6651560267886565 0.4531771738534334 0.031795470779006865 0.03234127404661713
0 0.6653702609603439 0.39611864200226804 0.044595479707460584 0.04996528366526398
0 0.6168373035740177 0.3998959172300115 0.033385244317957155 0.033958337748947895
0 0.6557282540604851 0.321517946085952 0.05833069724005639 0.0317063569862416
0 0.5819498348236058 0.3384847020764018 0.03829093262955983 0.04662202885594056
0 0.5842803534945874 0.6528200205880561 0.049637535713814886 0.07044147477225664
0 0.7562023977331144 0.8800521871002772 0.03489319724005639 0.03088790145127902
0 0.6864120491130862 0.8924678523465543 0.09535913879807012 0.0954613221398514
0 0.560766761367381 0.5667907513507624 0.03640115016215582 0.027817465153609788
0 0.4220896396121443 0.27114589073632367 0.04157957386326174 0.056106156260602266
0 0.402659575488115 0.17509678075485707 0.03812729139585773 0.037247028855940556
0 0.33191069886490954 0.19764141414996858 0.043005706168510204 0.04834821996293313
0 0.4722105961876915 0.4003175247644073 0.03691934740221221 0.05750496515360979
0 0.4270832824706994 0.4776959910991433 0.03689207386326192 0.05594246515360979
0 0.7720024959461055 0.6914261967189242 0.038236385551659244 0.043497028855940555
0 0.7339570251670987 0.7213666678629836 0.028506829545304768 0.022857146641955418
0 0.8217143494373979 0.844035330747008 0.04799321509696384 0.06569941106992587
0 0.8514370312561785 0.9326266047936249 0.04481366801906326 0.06246528366526398
0 0.8587506992752421 0.8719073596029485 0.04141593262955965 0.04673115626060209
0 0.7821961075550725 0.9583508018910674 0.07145798863591431 0.06808036660488881
0 0.6915847443245478 0.9544048571558775 0.04788412094116268 0.05944941106992587
0 0.6389542167251123 0.6555110001696359 0.033685253246410876 0.051145837748947896
0 0.6221837280891981 0.7205903631463275 0.04160684740221221 0.05766865626060227
0 0.6270740052815963 0.8434921498068164 0.033385244317957155 0.033958337748948256
0 0.6733995803626742 0.8318205290255765 0.03171365016215581 0.02765377404661713
0 0.7491456485438933 0.7469123048862922 0.053643197240056395 0.03154266587924912
0 0.6404058482195817 0.7962724094254632 0.03343979139585791 0.0370833377489479
0 0.592578048706049 0.7148661528020412 0.023928423701106104 0.028943455534962935
0 0.8975444180256538 0.9334549840123852 0.03648297077900686 0.03250496515360979
0 0.8609523530908456 0.9697000188587754 0.02373750892845372 0.018005955534962936
0 0.7356932544708175 0.9801786726723071 0.025490923701106106 0.028998019237293705
0 0.7359074886425049 0.9231201408211417 0.03840002678536116 0.052872028855940556
0 0.5874559464325728 0.6052456161415524 0.022393197240056395 0.030451391832631992
0 0.5392313116949878 0.9852071295776554 0.03363070616851012 0.029585740844689214
0 0.4712352881560376 0.9846106460938012 0.05550570616851012 0.0307787078123976
0 0.5089125661592148 0.9799330697775985 0.039907979707460586 0.04013386044480285
0 0.39896086770134226 0.9610441713215447 0.10470686525911965 0.07791165735691052
0 0.5288507394532838 0.782996104708807 0.09799321509696383 0.0674454495445131
0 0.3503280933483177 0.6204167152384277 0.042043224025417734 0.08266865626060227
0 0.32327466964721163 0.6476141322988032 0.02710797077900686 0.03217758293962447
0 0.29242409010190684 0.6684251401033514 0.041388659090609535 0.04516865626060227
0 0.4659064545502477 0.7166964929132419 0.07819891233702041 0.09642362141421187
0 0.4638336655900218 0.8354464929132419 0.047747753246410875 0.05163691106992587
0 0.5576109391289721 0.8371578150530933 0.056986385551659066 0.044151793283910834
0 0.500706374194164 0.8726935217691825 0.054270488635914306 0.06748016587924895
0 0.46920122971405115 0.9310045295737307 0.0666068474022122 0.058541675497895795
0 0.5714358855582498 0.9408284520764016 0.062110262174864775 0.06931548439090349
0 0.6034574529286899 0.9851265286242725 0.03651024431795715 0.029746942751454952
0 0.5836261940002361 0.99692216233587 0.03313978246740419 0.006155675328259847
0 0.5310462593387861 0.6572148547088069 0.03190456493480802 0.03859127404661713
0 0.5019917792242884 0.5303423306621898 0.05667846834337489 0.11597222958158007
0 0.36103731696669833 0.3651662200477511 0.12707278896022584 0.12311509618646851
0 0.33182000649941235 0.87461314191745 0.09757620373287823 0.13301588584218216
0 0.3954984971639215 0.7197098763083534 0.08159664772652384 0.1121577488188736
0 0.4389053981368562 0.5617535325689557 0.09129893019392785 0.13123513103285872
0 0.37746511201600413 0.4540749526245559 0.07970686525911966 0.09335318511654264
0 0.33746167492221735 0.5066171100662846 0.05092730032431163 0.05487103847458741
0 0.32573324229265754 0.5515476641499685 0.04289661201270887 0.04209821996293321
0 0.29423955479183367 0.4300620445498552 0.05265344155801355 0.06430060217691817
0 0.4397350612846555 0.3350819051642939 0.0511454886359143 0.0673710384745874
0 0.3413890645310664 0.2816171100662846 0.10577844155801355 0.0661557680561673
0 0.2951959030048249 0.2409176989963589 0.0650716209411625 0.060049611795565117
0 0.29393914042292313 0.13377732159169717 0.09207049756436803 0.08597719473518964
0 0.35464086120192995 0.10462802413143513 0.07060460064862309 0.10865080290255764
0 0.6382935178602027 0.46943709091380886 0.046021612012708955 0.04220734736759475
0 0.48149409294128065 0.45067218882955784 0.055532979707460586 0.05034722958158007
0 0.44133274310343645 0.4226910325689556 0.04435001785690744 0.03590278366526398
0 0.5602331530081202 0.7317163469042587 0.041525026785361165 0.05298115626060227
0 0.45844455641668685 0.6515526425504221 0.05536933847375849 0.04097222958158007
0 0.3699737605533068 0.21147822485707451 0.05602390340856669 0.07847222958157998
0 0.41594477962803034 0.2201191040758348 0.04133411201270878 0.04204365626060227
0 0.4486169577933633 0.18451890997361733 0.04941934740221221 0.05794147477225651
0 0.5064061383943282 0.23265879881102441 0.05448867694751698 0.07998016587924912
0 0.26194129789197484 0.35467017494974173 0.04626707386326192 0.05626984736759475
0 0.25109134699847047 0.2597024153310949 0.04780230032431154 0.054761911069925694
0 0.3488108632371154 0.9686012109772584 0.12315685633066593 0.06279757804548325
0 0.4136194314183344 0.8907589862898199 0.0874375446422686 0.08893850362819719
0 0.3938893583658515 0.8118973763083535 0.049310253246410876 0.05169147477225664
0 0.3219694939175106 0.7671726641499685 0.06027502678536125 0.05363592068857255
0 0.5002462727314667 0.6303423306621898 0.041197744317957155 0.034231156260602094
0 0.5249968567409983 0.6007193180483181 0.042787517856907445 0.03584821996293321
0 0.9363614561751007 0.9488815765706565 0.05391593262955965 0.04716766587924894