0 0.752170534573229 0.46445700284596436 0.14625052586424747 0.08844666558343128
0 0.7738673413162889 0.5922683571480354 0.06901808762187223 0.17143071509696384
0 0.6428396840192331 0.2529758064166868 0.06629024122451135 0.07768071509696392
0 0.7910678985215671 0.40437289083325556 0.03220474623907634 0.03335797077900686
0 0.7861697983632826 0.34348993791115623 0.04180706677218957 0.04133411201270878
0 0.7801123634861197 0.2427632349890569 0.0594946719450391 0.0588216209411625
0 0.8476766335443795 0.06649501542786607 0.0529718873053028 0.049337526785361206
0 0.800859121007967 0.17674276867427696 0.07484688730530316 0.04971935633066597
0 0.6972105307457983 0.9664519253292546 0.02862510517284953 0.017678423701106283
0 0.7068008279219468 0.8662337370176516 0.06896060015828454 0.062110262174864775
0 0.6846363229073819 0.9103928401019068 0.030551318025830908 0.030205697240056395
0 0.730414172669955 0.8181411103944463 0.06864235141192587 0.05117276217486477
0 0.7577231672596787 0.7090155263849146 0.06008570533113407 0.07913412094116268
0 0.7002576597378314 0.7756769208650276 0.03940949247815269 0.06627956493480838
0 0.575602303707052 0.9240207378284306 0.061148100158284535 0.06197389448011279
0 0.6409234268265902 0.9392951359619914 0.03950042069139812 0.06940456493480837
0 0.6308831856020788 0.8628690036567435 0.0688696719450391 0.05898526217486477
0 0.6065949247815261 0.6459951493546722 0.057295674452321775 0.03691934740221221
0 0.6248759118494023 0.602685480117793 0.04368781551854859 0.05229888555165907
0 0.6317373287798767 0.704179796270417 0.06850595909205773 0.046485262174864594
0 0.5803937891255757 0.7394684598252536 0.0550799565847754 0.06811480032431164
0 0.6310744360642971 0.5470803624230413 0.04984688730530316 0.04928297970746058
0 0.6989642812080168 0.650636010556602 0.04079013605166182 0.06005683847375849
0 0.5850191046441241 0.7909764127473528 0.030596782132453627 0.031768197240056396
0 0.7071271560434147 0.34017975162814834 0.04942098997087001 0.0883182061685102
0 0.7452947457768578 0.335605299923865 0.03225021034569906 0.03492047077900686
0 0.665823857613625 0.45189454748823304 0.04575042069139794 0.06951365909060954
0 0.6386308717993898 0.4844167211893392 0.03721049498543501 0.04437729139585791
0 0.7143272052646271 0.5339024780891981 0.03211381802583091 0.030232970779006864
0 0.7300036810497322 0.5891257662386449 0.04355142319868044 0.04761138555165907
0 0.6817707695295343 0.5970024959461055 0.03215928213245363 0.031795470779006865
0 0.740779708167621 0.6639757617744181 0.05706835391920819 0.02910684740221221
0 0.6649984581676209 0.6652985284135096 0.03721049498543501 0.04437729139585791
0 0.5818914753228868 0.36112527151365076 0.0472674565847754 0.06797843262955983
0 0.6860631836235218 0.09980021347870142 0.03519335391920819 0.028725017856907488
0 0.615060361836767 0.10416615950094191 0.09317098997087 0.0890818652591197
0 0.5821391794003796 0.4502286818220762 0.03510242570596276 0.025600017856907444
0 0.5280871430447839 0.7685207601495649 0.039045779625171126 0.053779564934808025
0 0.5340536497087014 0.8661224630716642 0.03693771034569906 0.03500229139585755
0 0.46043429328221064 0.8611543194023303 0.041943459092057725 0.046021612012708955
0 0.5420777837152992 0.6314883644516361 0.03444920783841656 0.056822744317957155
0 0.47690977329045803 0.567749192779125 0.03440374373179385 0.055260244317957154
0 0.75379155588513 0.2783967719206878 0.03711956677218975 0.04125229139585782
0 0.7078880224990352 0.2588752045502477 0.0271989974927175 0.022338650162155815
0 0.7608729670096166 0.11881722037856028 0.045568564264907255 0.06326365909060953
0 0.765199102665567 0.02789071611455667 0.04391513605166182 0.05578143222911334
0 0.7887562746106063 0.08315640990797898 0.040335494985435004 0.04443183847375849
0 0.6891678000791422 0.024768580359378945 0.07208560015828454 0.04953716071875789
0 0.6046935116784825 0.043378663965168776 0.045341243731793844 0.05545115909060951
0 0.6345618342566599 0.34457297118933916 0.032704851411925875 0.05054547077900677
0 0.5992404482049981 0.2857843522767715 0.039091243731793845 0.0553420649348082
0 0.571543694048363 0.16667584213050177 0.03215928213245363 0.031795470779006775
0 0.6199811940483629 0.16583036242304122 0.03041492570596276 0.025518197240056485
0 0.7156406865265156 0.22981895008602082 0.052335389812585474 0.027462526785361253
0 0.5977712249271754 0.20842696550729634 0.03225021034569906 0.03492047077900677
0 0.5738229110579794 0.2987343656694521 0.024210389812585477 0.026971603084255058
0 0.8094121039192081 0.014584169645563985 0.036801318025830906 0.02916833929112797
0 0.6371733910662268 0.009786485594669589 0.02586381802583091 0.019572971189339178
0 0.6553072771178886 0.06359966071875789 0.03739235141192587 0.050627291395857824
0 0.5980536844149446 0.40617867289362247 0.02117631802583091 0.030042056006354477
0 0.44421901293212374 0.035236701707578616 0.03435827962517113 0.05369774431795714
0 0.3799435642649073 0.05589980357401773 0.054534387305303154 0.049364800324311564
0 0.4190969924781526 0.05834296510025923 0.03886392319868044 0.04752956493480816
0 0.43409385517284954 0.01201807447381754 0.04144335391920819 0.02403614894763508
0 0.39259667695960415 0.0072467767870088625 0.028534176959604186 0.014493553574017725
0 0.31704039898378567 0.09686176867098166 0.10111988229073816 0.09390573295387142
0 0.49341634553943103 0.24854917938644422 0.09704013605166181 0.0610386858759707
0 0.3647925550272002 0.44855095373617343 0.03830163354437941 0.0818772913958579
0 0.33060777164110533 0.4288248348236058 0.02586381802583091 0.03012387662320535
0 0.29584632673481254 0.41614360268051326 0.03872753087881238 0.04284206493480802
0 0.4503997829238765 0.32824636201600416 0.07451191818411544 0.09187958279171564
0 0.415004189033798 0.2131804695644861 0.046721887305303154 0.04922843262955982
0 0.5065551915410805 0.18969633076641604 0.05582410266556703 0.04001707386326192
0 0.44183346199505164 0.16815829586337996 0.051864028371529966 0.06493525324641088
0 0.3951115746897485 0.12051172849293983 0.06560827962517113 0.05424321509696393
0 0.49181307845067224 0.08599463230854358 0.059676528371529966 0.06507162094116259
0 0.5106025308788124 0.033296326302189164 0.035284282132453625 0.03185001785690748
0 0.48492056927947214 0.014672605926924173 0.035466138558944316 0.029345211853848346
0 0.5297750458560001 0.3698514350684871 0.030778638558944492 0.038018197240056485
0 0.5350883346523714 0.4987304115295368 0.05171091567683313 0.11334547970746059
0 0.44302416976696113 0.692622507713933 0.12519387978345567 0.11618983603812652
0 0.2780581185006846 0.20775440422264085 0.09430759263643722 0.12814436525911965
0 0.3804509957768579 0.34197367126876943 0.07652905925034234 0.10753185633066593
0 0.46664221153283325 0.48351056047387664 0.0880121285298145 0.1264727711033185
0 0.43572248363615695 0.6028605783307841 0.07598348997087019 0.08878185633066593
0 0.3829324527573446 0.5615731051161452 0.04993781551854841 0.052407979707460584
0 0.35829015393184355 0.5205759582004004 0.041761602665567034 0.039771612012708776
0 0.3611687645149694 0.6463708449698755 0.051773100158284534 0.06181025324641087
0 0.5277401505666313 0.7028684866106147 0.04873902837152997 0.06488070616851012
0 0.44784571357789726 0.7777378474055076 0.10480717194503927 0.0596125535707225
0 0.41336306498982306 0.8283651388013654 0.06257420783841657 0.057313668019063256
0 0.4414091601335427 0.9326162621781598 0.08977320533113406 0.07965231818121907
0 0.5081336588799015 0.9423946367727705 0.06692673871722903 0.09955571509696384
0 0.683585670624891 0.5250593120987297 0.04488660266556703 0.039826159090609534
0 0.5366939502500621 0.580775298299012 0.05444345909205772 0.04623980032431163
0 0.5057311067556951 0.618053155847494 0.043142246239076344 0.033548885551659066
0 0.5376353584715547 0.2907679070653099 0.040517351411925875 0.05068183847375849
0 0.4600763112954064 0.39217249432125245 0.0541706744523216 0.03686480032431163
0 0.4926330278428045 0.8394878250843731 0.05374477711788863 0.07590002678536116
0 0.5358374585633323 0.8199741659937636 0.04019910266556703 0.03974433847375849
0 0.5772126163226066 0.8450463039810547 0.046903743731793845 0.05547843262955965
0 0.6200162302709448 0.7848940081209701 0.05222774122451135 0.07743525324641105
0 0.35098743395272614 0.7262765332814782 0.04373327962517113 0.053861385551659244
0 0.36623801240339826 0.8205895949698755 0.04681281551854841 0.05235343262956001
0 0.2593953835443794 0.07676350284266907 0.12399509263643722 0.12866256249917615
0 0.3528391581549856 0.17205663758354936 0.08522209765100204 0.08425799756436803
0 0.35442204169936503 0.2533202743530245 0.048284387305303156 0.0492557061685102
0 0.29677467775102695 0.3137316688331374 0.05922188730530316 0.04944662094116259
0 0.5057297920950765 0.4031003116916926 0.04148881802583091 0.030396612012708955
0 0.5384202716411053 0.4251974541432106 0.04153428213245362 0.031959112012708776
0 0.8417926949062927 0.0061764931034364355 0.05546038981258548 0.012352986206872871