0 0.5 0.3 0.06640625 0.128125
0 0.3796875 0.29609375 0.15390625 0.04453125
0 0.7078125 0.37421875 0.065625 0.0515625
0 0.5515625 0.25625 0.028125 0.0265625
0 0.6078125 0.253125 0.034375 0.034375
0 0.7015625 0.246875 0.05 0.0484375
0 0.85625 0.16171875 0.040625 0.04296875
0 0.759375 0.21953125 0.0390625 0.0640625
0 0.034375 0.4125 0.03046875 0.025
0 0.134375 0.39140625 0.05 0.05859375
0 0.096875 0.41796875 0.025 0.025
0 0.17734375 0.3640625 0.040625 0.05859375
0 0.27421875 0.325 0.06796875 0.046875
0 0.21953125 0.38671875 0.05859375 0.02890625
0 0.096875 0.51953125 0.05234375 0.04921875
0 0.07578125 0.46171875 0.06171875 0.02890625
0 0.14765625 0.46171875 0.046875 0.05859375
0 0.34921875 0.45703125 0.02890625 0.04921875
0 0.38671875 0.43515625 0.04453125 0.034375
0 0.29296875 0.43984375 0.03671875 0.059375
0 0.26640625 0.49296875 0.05703125 0.04375
0 0.4375 0.42265625 0.04140625 0.040625
0 0.334375 0.37265625 0.05234375 0.03046875
0 0.21875 0.49453125 0.02734375 0.025
0 0.6203125 0.3265625 0.078125 0.034375
0 0.61953125 0.28984375 0.02890625 0.02578125
0 0.52109375 0.378125 0.06171875 0.03515625
0 0.49453125 0.40703125 0.03828125 0.02890625
0 0.440625 0.34375 0.025 0.02734375
0 0.3875 0.3359375 0.04140625 0.034375
0 0.38671875 0.38203125 0.02734375 0.02578125
0 0.31796875 0.33515625 0.02109375 0.05078125
0 0.32578125 0.40546875 0.03828125 0.028125
0 0.61484375 0.44453125 0.059375 0.03671875
0 0.84453125 0.31484375 0.02421875 0.028125
0 0.84765625 0.38125 0.07421875 0.07734375
0 0.53359375 0.4546875 0.02109375 0.03046875
0 0.2453125 0.54453125 0.046875 0.03046875
0 0.15390625 0.55078125 0.02890625 0.03046875
0 0.16796875 0.61875 0.03984375 0.03359375
0 0.3703125 0.51484375 0.04921875 0.02734375
0 0.43671875 0.56640625 0.04765625 0.02734375
0 0.671875 0.27578125 0.03515625 0.03046875
0 0.69453125 0.31484375 0.01640625 0.02421875
0 0.81796875 0.24921875 0.05390625 0.034375
0 0.903125 0.23359375 0.05234375 0.03359375
0 0.84765625 0.21875 0.0375 0.03125
0 0.925 0.30234375 0.06484375 0.059375
0 0.90546875 0.38359375 0.04765625 0.03671875
0 0.62421875 0.39375 0.04375 0.025
0 0.68203125 0.41796875 0.04765625 0.03046875
0 0.7953125 0.42890625 0.02578125 0.02734375
0 0.78984375 0.38515625 0.01953125 0.02578125
0 0.7203125 0.30390625 0.01953125 0.04609375
0 0.75390625 0.41015625 0.02890625 0.02734375
0 0.6734375 0.44375 0.02421875 0.01875
0 0.90859375 0.19140625 0.025 0.03046875
0 0.9921875 0.184375 0.015625 0.028125
0 0.95859375 0.20546875 0.01953125 0.03046875
0 0.97421875 0.2359375 0.04296875 0.03671875
0 0.94296875 0.23203125 0.01640625 0.01953125
0 0.97890625 0.28828125 0.03203125 0.03203125
0 0.9875 0.32265625 0.025 0.025
0 0.98671875 0.36015625 0.02578125 0.02890625
0 0.93671875 0.34921875 0.02578125 0.02109375
0 0.88125 0.3390625 0.04375 0.028125
0 0.57109375 0.43515625 0.02578125 0.015625
0 0.93046875 0.53046875 0.04609375 0.02578125
0 0.91875 0.59296875 0.04140625 0.04453125
0 0.91171875 0.55703125 0.040625 0.03046875
0 0.97265625 0.5375 0.0546875 0.03515625
0 0.97421875 0.57578125 0.03125 0.025
0 0.88828125 0.65546875 0.07734375 0.084375
0 0.728125 0.51171875 0.04609375 0.08359375
0 0.55859375 0.65546875 0.071875 0.02578125
0 0.58125 0.684375 0.02734375 0.02109375
0 0.59609375 0.71484375 0.03671875 0.03203125
0 0.66015625 0.56171875 0.07890625 0.059375
0 0.76953125 0.5796875 0.04140625 0.03828125
0 0.78125 0.49296875 0.03125 0.04765625
0 0.80859375 0.54921875 0.05390625 0.040625
0 0.8578125 0.58671875 0.04296875 0.05390625
0 0.87890625 0.49375 0.05546875 0.04765625
0 0.92578125 0.46953125 0.02578125 0.02890625
0 0.95390625 0.49140625 0.04140625 0.02890625
0 0.61328125 0.49375 0.03203125 0.025
0 0.49296875 0.50390625 0.10078125 0.03515625
0 0.325 0.61328125 0.09609375 0.103125
0 0.79140625 0.70546875 0.11171875 0.071875
0 0.65546875 0.62734375 0.09375 0.059375
0 0.51484375 0.56640625 0.109375 0.06796875
0 0.40859375 0.60859375 0.07578125 0.06171875
0 0.45234375 0.65234375 0.04375 0.040625
0 0.49296875 0.66953125 0.03359375 0.03515625
0 0.37734375 0.68359375 0.05234375 0.04140625
0 0.30625 0.53671875 0.05390625 0.0375
0 0.24609375 0.61953125 0.0453125 0.09140625
0 0.203125 0.6578125 0.046875 0.053125
0 0.10390625 0.64453125 0.065625 0.075
0 0.08515625 0.58515625 0.09140625 0.05078125
0 0.45234375 0.37109375 0.03125 0.0375
0 0.41796875 0.51328125 0.03828125 0.04453125
0 0.38671875 0.54609375 0.02734375 0.03671875
0 0.68515625 0.47578125 0.04375 0.03125
0 0.6 0.56015625 0.028125 0.04609375
0 0.184375 0.58515625 0.065625 0.04140625
0 0.19765625 0.54375 0.03359375 0.03359375
0 0.16953125 0.50859375 0.04609375 0.03828125
0 0.21953125 0.46171875 0.06796875 0.03984375
0 0.30390625 0.70234375 0.046875 0.034375
0 0.215625 0.70078125 0.04296875 0.03828125
0 0.9296875 0.70625 0.140625 0.103125
0 0.81484375 0.63203125 0.06953125 0.06875
0 0.73984375 0.640625 0.040625 0.03984375
0 0.690625 0.70078125 0.04140625 0.05
0 0.584375 0.51953125 0.025 0.034375
0 0.56015625 0.4921875 0.02734375 0.034375
0 0.94140625 0.1578125 0.0625 0.0453125