0 0.3130160669441497 0.43189629466379015 0.14746587334017516 0.10925989258219673
0 0.34263591013189976 0.30772513229388976 0.08848175878059869 0.17333568068726618
0 0.3312110341594459 0.6605602052246683 0.06921360831306052 0.08329053482570892
0 0.25497176278761946 0.47476986940359095 0.03457498789975162 0.03617651741285464
0 0.23667575986075323 0.5319615716875831 0.0455761204133089 0.04768722749876275
0 0.20410363349551597 0.6266090083677429 0.06287270472226432 0.06733798620519024
0 0.07520140779420866 0.7669175050883826 0.054996572208707 0.05599105042954129
0 0.16005365164588858 0.6804643487113761 0.07532725292686622 0.06018058344622812
0 0.5072125363007453 0.07651167458283065 0.07226588544042353 0.07095430913596859
0 0.5441085483027978 0.044118576437281475 0.03300339754067192 0.034532130257724794
0 0.467159708041914 0.11453729703863931 0.07063975292686635 0.05993492198083885
0 0.4010256479334554 0.2054765575540889 0.06766928903121965 0.08633364767057934
0 0.47859211173090604 0.16314189337516619 0.04570338544042354 0.0695622274987628
0 0.6462977621984443 0.06531746777628274 0.06444429508134383 0.06898237336031983
0 0.5941676356368153 0.03386324740003784 0.04728406615858276 0.06772649480007568
0 0.574213683939613 0.10502177691225131 0.07224770472226431 0.0678293091359686
0 0.5136614824388026 0.31047723880718187 0.058067030054229286 0.0467798247398008
0 0.4806580848981306 0.34500936906490665 0.04719316256778665 0.057144114653892505
0 0.5116677112633679 0.2504438195398765 0.07062157220870695 0.056809921980838854
0 0.5734682744950843 0.23314677691225133 0.06133747579950324 0.07194359905006031
0 0.4538183289462022 0.39405770070211243 0.05187157220870695 0.055827276119281774
0 0.43184840105671335 0.27727631445149387 0.0441045240041051 0.06323034034363309
0 0.587803485267473 0.18553479251608357 0.03301248789975162 0.03609463025772479
0 0.30679736232008126 0.5610891497067443 0.05675906010845857 0.09044793758467104
0 0.2701422448336386 0.5520759978522933 0.03615566861791084 0.03938340456798421
0 0.386208127249 0.4702350983726918 0.05354315651766246 0.07465916327441154
0 0.42304050673749527 0.4487795002271426 0.040897710772388504 0.049004066033373664
0 0.3742353680756179 0.38026519561372985 0.03456589754067192 0.034614017412854456
0 0.3815893258229443 0.3244279534156459 0.04561248184962743 0.05393722749876275
0 0.4276239884889268 0.33216853233931826 0.03457498789975162 0.03617651741285455
0 0.3991949823406067 0.2516521947092186 0.05644998789975162 0.03732293758467105
0 0.4685671510567134 0.27535196630594466 0.03933521077238851 0.048922178878243815
0 0.42773657621572775 0.5813053951841886 0.05353406615858276 0.07309666327441171
0 0.23362698615123573 0.7875122088427128 0.034556807181592396 0.033051517412854635
0 0.2991292663036609 0.8051666983272632 0.09900110226293632 0.10203389077317446
0 0.4610172297083281 0.49911701492646365 0.0361102168225127 0.03157090456798421
0 0.6305404311109427 0.2231266457500154 0.04407725292686635 0.058542840343632996
0 0.6623176719375605 0.13086390264742032 0.037718168617910844 0.03946529172311406
0 0.7277517743968887 0.16023714213197077 0.044031801131468026 0.05073034034363304
0 0.5657870638208917 0.34523401911033524 0.040961343285945875 0.059941566033373486
0 0.6004751603282914 0.4238603081199158 0.04095225292686635 0.058379066033373485
0 0.2417308985226306 0.6027687166446289 0.040879530054229285 0.04587906603337366
0 0.27512920580241884 0.6346018928093393 0.028261355386194252 0.024911468792335613
0 0.17451106138500483 0.7460926707376434 0.050372704722264315 0.0666828889641522
0 0.1341900675333249 0.8302120431934521 0.0472386143631847 0.06495661465389269
0 0.13531675117835035 0.7707960996158872 0.042460210772388506 0.04908595318850324
0 0.19879746819725486 0.8674387262555673 0.07860678903121973 0.08690685775648746
0 0.28628383265863544 0.8651967955683013 0.048773843285945875 0.06035100180902227
0 0.3738575972929666 0.5794430020361648 0.03779998184962743 0.05352779172311415
0 0.3828508022116227 0.6445766791053864 0.04407725292686626 0.058542840343632996
0 0.3626423204601911 0.7620065185445084 0.03457498789975162 0.03617651741285464
0 0.3189923144100669 0.7471118588881414 0.032976126463433175 0.029844630257724703
0 0.2570286455957643 0.6581998450933314 0.05175339754067192 0.03551477611928178
0 0.3550979860530399 0.7163222043201571 0.03615566861791084 0.03938340456798421
0 0.4109894377502421 0.6407589603130509 0.025172716822512698 0.0309976944820761
0 0.09047642896964338 0.8262548835370851 0.0376999878997516 0.03634029172311415
0 0.09093497122231693 0.8816826899595203 0.03611021682251274 0.03157090456798421
0 0.11819236281106056 0.8950934147447496 0.04240566861791084 0.03971095318850324
0 0.12223951337679465 0.8706699468569251 0.025127265027114643 0.0231851944820761
0 0.16885998332256533 0.9119633322030328 0.03765453610435347 0.02852779172311415
0 0.2039253297317692 0.9257458712126134 0.026635222872636977 0.013892081637205678
0 0.24215203757729148 0.9331146359119344 0.0329034035907962 0.017344630257724702
0 0.24162077245198094 0.8901868294894992 0.02831589754067192 0.034286468792335614
0 0.2474304109174666 0.831306474446545 0.04093407220870695 0.05525406603337331
0 0.4295763321676561 0.5335672580290588 0.0220568071815924 0.032396420171816584
0 0.4273128327568313 0.9226297580290588 0.03937157220870695 0.05517217887824373
0 0.49368726650005257 0.9246183039360443 0.05656816256778665 0.057635437584671226
0 0.45940771527038854 0.9100135713488988 0.04090680113146803 0.050566566033373304
0 0.4239969352161593 0.9556060323393183 0.04400453005422946 0.04604284034363317
0 0.4614242123435224 0.9661407406162041 0.03135908430895533 0.020387743102595123
0 0.5648628297317692 0.9068299383776406 0.10684087334017515 0.10713082654882307
0 0.46446844087350003 0.7113713534610744 0.09726588544042354 0.07226450361804453
0 0.6558615762157277 0.5693498705352447 0.0473386083130606 0.08214411465389268
0 0.6791172690341354 0.5993715632082985 0.028315897540672097 0.034286468792335614
0 0.706329208827481 0.6205947879935279 0.042451120413308986 0.04752345318850324
0 0.5335366034412867 0.6530808186353654 0.08181360226293624 0.10113313206674715
0 0.5211497120489348 0.7685387222988386 0.05030907220870695 0.055745388964152195
0 0.4305883445624922 0.7623506772963641 0.056513620413308985 0.048260437584671224
0 0.4803429048673424 0.8019177883322121 0.05506929508134384 0.06849105042954129
0 0.5034304260427771 0.8608457310052657 0.06595225292686635 0.059689260515449406
0 0.4042344019404762 0.862139315356005 0.06289997579950324 0.07202548620519025
0 0.3672793026044061 0.9046886635015543 0.03770907825883123 0.03790279172311415
0 0.3811418147046545 0.9383266791053864 0.04247839149054773 0.05221095318850359
0 0.47767294370217045 0.5896225062200364 0.03461134933607006 0.042426517412854456
0 0.5213280158126816 0.46940185945396823 0.06471700585373252 0.11585737336031983
0 0.6784006933093869 0.31980689394099304 0.13041472872636942 0.1317966338757694
0 0.6426974591220685 0.8184015241987179 0.10388859016268785 0.13665455223856354
0 0.6006513805686498 0.6620596709647859 0.08658291549465283 0.11544129353213642
0 0.578136552015231 0.5046942282917323 0.10075449980360815 0.13492827792830403
0 0.6505706090986274 0.4048336691557637 0.08335792154477702 0.0980900192218769
0 0.6830604013513011 0.458582788898039 0.05345225292686635 0.05903416327441171
0 0.6890422357584522 0.50434899027752 0.04555793969514958 0.04456222749876275
0 0.7342325367917246 0.388733956356322 0.056622704722264314 0.06701043758467104
0 0.6059717022863774 0.28455214665452655 0.051935204722264317 0.06676477611928178
0 0.7069802112633679 0.24020792514865752 0.10665906615858275 0.07588082654882307
0 0.7571711088040398 0.20477503618450546 0.0675511143631848 0.06602114767057934
0 0.7718335725032945 0.10091305178833769 0.09424996974937905 0.09085072930778511
0 0.7157926507621257 0.06792348937300877 0.0771897347764936 0.11182497060135783
0 0.39756378376666246 0.39778688828678355 0.047120439695149674 0.0446441146538926
0 0.5514518530485033 0.39284600350650295 0.05654998184962743 0.05451043758467104
0 0.5937620728960781 0.36954130031799964 0.04396816861791084 0.03979284034363308
0 0.4397820582617468 0.6587752979431505 0.04405907220870695 0.05541784034363317
0 0.5487394226249316 0.5905841406616327 0.05336134933607006 0.043409163274411536
0 0.6894250726014904 0.17005587743264966 0.05982951795398091 0.08123671189493056
0 0.6433222322424108 0.17403404850897736 0.04243293969514959 0.04439845318850333
0 0.6154199460398615 0.1372267673013129 0.05188975292686635 0.05895227611928182
0 0.554255187062871 0.17948286635137323 0.058276108313060605 0.0827173247398008
0 0.7744762625912277 0.3178958339005133 0.047211343285945874 0.06026911465389251
0 0.7968739582383059 0.2269056637286968 0.05030907220870695 0.05574538896415202
0 0.6069548809614332 0.9210252351891374 0.138045421544777 0.10095606965141783
0 0.5622014380448297 0.8273062126879001 0.08958065046753809 0.09373006784239593
0 0.5907582301011115 0.7516134938955645 0.05029998184962743 0.0541828889641522
0 0.6659536728213233 0.7140891604493365 0.06282725292686617 0.05952548620519007
0 0.5113939587292851 0.5659869323847467 0.04238748789975162 0.03658595318850324
0 0.4904820159108775 0.5358424089789985 0.04239657825883114 0.03814845318850324
0 0.0473667784039093 0.8527255303031535 0.06293633723582165 0.07827548620519025