0 0.5767495636389586 0.2931568989172786 0.09869468597979178 0.1480858105039836
0 0.45185801320211827 0.26063625244077543 0.17053201196784737 0.0814726235152495
0 0.7803129343642711 0.41853028661829317 0.07968880642076392 0.06946070533113406
0 0.637650042837396 0.25979648112887455 0.03513871941479163 0.03381271034569897
0 0.6980063145888892 0.27014059923384776 0.04476829255305574 0.04502299498543509
0 0.7967165715227432 0.28472358795107666 0.06391833605604162 0.06275606426490725
0 0.9727329044446529 0.23285251405275095 0.052798998100139015 0.0546253155185485
0 0.8627409618153475 0.2702495624825406 0.05487064437666689 0.07654577962517113
0 0.07180814371107665 0.30110551042484124 0.03670121941479167 0.0338581744523216
0 0.17958427611989608 0.3026800337818063 0.06573540919430565 0.07373902837152997
0 0.13552580480524332 0.32169680674305984 0.031977351823611146 0.03215928213245363
0 0.22834843123013915 0.2845809031404207 0.056324041603125076 0.07190374373179384
0 0.3364512187492016 0.26664690855069706 0.08114220364722229 0.06481866943775678
0 0.26893771684934054 0.3177714878592991 0.06816942496187509 0.044142456584775225
0 0.11764993341434063 0.425793273356965 0.06704333605604171 0.06284699247815269
0 0.10522136217593778 0.36141252461060625 0.07133079255305556 0.04579588479802066
0 0.17978560429215307 0.37841581967518356 0.06257404160312507 0.07208560015828454
0 0.39154137509371567 0.41970972406924556 0.04193423328250008 0.05743206677218957
0 0.43494588297750025 0.40613896905468067 0.05417966014423605 0.046858279625171126
0 0.3361992584524656 0.38999348033745174 0.0500376740119445 0.07015938730530316
0 0.29828233757465317 0.4380756276718847 0.07009560087368065 0.059812920691397944
0 0.48957883159072946 0.4053864627864744 0.05276263050895835 0.05306281551854859
0 0.3917758048052433 0.3291529202291795 0.06191942496187508 0.043960600158284534
0 0.24888174961875037 0.42883100831327015 0.03353985182361115 0.03220474623907634
0 0.6974809441479171 0.3481974030739137 0.09029899810013901 0.055716454077492816
0 0.7036393719595836 0.3109019915537158 0.03670121941479163 0.0338581744523216
0 0.5849997811538892 0.3792762553437693 0.0730387629177777 0.052091348904643286
0 0.5519697288171879 0.40251752705138166 0.04622168977951393 0.040380959092057724
0 0.5064195330537503 0.32390078206594664 0.03201371941479181 0.03372178213245362
0 0.4528763057551739 0.30438625244077544 0.051054660144236055 0.046767351411925874
0 0.4438292672861808 0.35174698574772806 0.03357621941479181 0.03376724623907634
0 0.3806376298433683 0.28666990353613214 0.03255923328250008 0.05715928213245362
0 0.37613327422003506 0.3614880471096414 0.04618532218833345 0.03881845909205772
0 0.6713931824644102 0.46845006710139414 0.0698773953265972 0.05043792069139794
0 0.9334190973582988 0.3886335011206272 0.030487587005972473 0.03523881802583091
0 0.9248812051658337 0.45786923442757976 0.09440592306201409 0.09799488229073816
0 0.5837840796908684 0.46121657713052394 0.028925087005972117 0.03519335391920819
0 0.2673966666968407 0.4863623634861197 0.0556330573706945 0.04221624373179385
0 0.1710119759673962 0.4710663209288247 0.03677395459715278 0.03698317445232178
0 0.1735206865484727 0.5453078029821361 0.049419424961875034 0.04359688730530316
0 0.4032068801277087 0.48484899076229293 0.05712282218833344 0.039136707838416565
0 0.4633644365484727 0.5537413947606435 0.05556032218833344 0.039091243731793845
0 0.760561519186042 0.3078739314454436 0.043060322188333444 0.03872753087881238
0 0.7780224293302781 0.3536638045649818 0.024092116641249994 0.02880696159934022
0 0.9168660705728128 0.3147640921077118 0.06359102773541672 0.04869356426490725
0 0.9882656790459375 0.3177276192256005 0.023468641908124966 0.044613818025830906
0 0.9545472553183336 0.29009671271996745 0.04782055737069442 0.04198892319868044
0 0.9897379132783681 0.3904066012789118 0.020524173443263648 0.07113085391920829
0 0.9775658748093751 0.473613906372619 0.044868250381249905 0.04846624373179385
0 0.6897606695466323 0.4190183684341776 0.052362587005972114 0.03587531551854841
0 0.7460840579393754 0.4573510942192828 0.05563305737069442 0.04221624373179385
0 0.8617278949453475 0.4950677060560499 0.03357621941479181 0.03376724623907634
0 0.8645431172099309 0.44830636632260656 0.027289851823611145 0.03202288981258548
0 0.8060201427611462 0.34901340848419005 0.032450130508958355 0.052471782132453626
0 0.822028962099688 0.4665873533904829 0.036701219414791805 0.033858174452321775
0 0.7326034393982643 0.48194191725967866 0.028670513867708358 0.024255853919208193
0 0.9677583829775003 0.42164222941301494 0.05243532218833309 0.03900031551854859
0 0.6280062051658337 0.4492310541692704 0.03172277868534721 0.021221782132453626
0 0.9775038645507642 0.6296820499461283 0.044992270898471534 0.03582985141192587
0 0.9615863438429173 0.6931535165600333 0.05283536569131968 0.05618781551854859
0 0.9614584040634032 0.6541137486133447 0.04934668977951375 0.040471887305303156
0 0.9192001285121881 0.7504742715745983 0.0992752610179167 0.1059437746106063
0 0.7774633041396533 0.5644421801918024 0.0662809230620141 0.09717652837152997
0 0.5754670058870144 0.6741113822242312 0.08066942496187508 0.04450616943775678
0 0.5934545928929866 0.7089864873970807 0.031868249050069505 0.027471782132453625
0 0.6036296798989589 0.7436342720368168 0.044695557370694416 0.041897994985435005
0 0.6979037439191671 0.6011632787007344 0.09713087955902786 0.08089831050398359
0 0.8082243012898616 0.644970766164322 0.051127395326597026 0.04989235141192587
0 0.8358570323881601 0.557553334190153 0.04346036569131968 0.05591503087881229
0 0.853754353626563 0.6220932073096911 0.06529899810013902 0.05498902837152997
0 0.8994129989531603 0.6718264343484375 0.056178571238402954 0.06565374373179367
0 0.9378923110735073 0.5808210011206272 0.06860583605604162 0.06289245658477523
0 0.9869236708293577 0.5675230307457984 0.026152658341284506 0.036892246239076346
0 0.9954086446610072 0.5912787794921572 0.00918271067798564 0.03501149749271768
0 0.6600751291777781 0.5188676042484126 0.03982621941479181 0.033949102665567034
0 0.5340029384483337 0.5027077436652869 0.11228310087368065 0.06104045157021041
0 0.3389645018029519 0.575885516230829 0.12325827488562506 0.13006323620994636
0 0.8082450979269797 0.7800360879510766 0.13350479065319476 0.10069398495630537
0 0.6807175503399311 0.6678052094212622 0.11122974715020853 0.08286998746358769
0 0.5449781124602783 0.5717305283050229 0.12870818787965277 0.09587009263643723
0 0.42675544253239633 0.5909315062016992 0.09404224715020834 0.08236988229073816
0 0.4639658082237158 0.6466646806540208 0.055887630508958355 0.053153743731793844
0 0.503628373478195 0.6735825333195878 0.041643292553055565 0.04493206677218957
0 0.3799726679311116 0.660615868896396 0.06529899810013902 0.05498902837152997
0 0.33233133567479206 0.4921553739109609 0.06366376291777778 0.05181856426490725
0 0.25515254625586853 0.5640781865265156 0.06649912860909737 0.10655152837152997
0 0.20353614807947967 0.5938051389546558 0.06086607123840278 0.06579013605166181
0 0.10275424486909768 0.5573016861308042 0.08492182028847228 0.09303459765100204
0 0.0934143060395143 0.4914493655976907 0.10632404160312506 0.07335859514371953
0 0.5149593848773615 0.35537810259906005 0.041716027735416716 0.04805706677218975
0 0.4526074680836116 0.49409361012090736 0.04967399810013902 0.054534387305303154
0 0.41499901852045185 0.5218859895086517 0.03535692496187508 0.04318771034569906
0 0.7381092101998268 0.5172345595795467 0.052508057370694416 0.04212531551854841
0 0.6342951855985421 0.5852594823825157 0.04029899810013902 0.05426160266556703
0 0.19623083472486152 0.5147397645814763 0.07787173328250008 0.05847774122451135
0 0.21794152735416708 0.47477399412750526 0.041570557370694414 0.04180706677218975
0 0.19430335239229202 0.4319272645814764 0.055814895326597246 0.05002874373179385
0 0.25511291261277813 0.3946605967930723 0.0793978656913195 0.056960705331134065
0 0.3011755207046533 0.6630074315119506 0.057341027735416716 0.048511707838416386
0 0.20933285961048664 0.6415977812745238 0.05268989532659729 0.04993781551854841
0 0.9251604942035077 0.8052981638944663 0.11537303970326392 0.12671091567683312
0 0.8471971887326741 0.7093431547232664 0.08946384992375016 0.0869209899708702
0 0.7665829683679519 0.7007517532321982 0.052726262917777864 0.05150031551854859
0 0.7045200326725005 0.7512542069139797 0.05454333605604163 0.062483279625171126
0 0.6254098416587157 0.5389384118494023 0.03379442496187508 0.043142246239076344
0 0.6058961222439241 0.5055803425699301 0.03535692496187508 0.04318771034569906