0 0.7450497915992645 0.5278769559006147 0.14397678413027998 0.085184041958086
0 0.7574371285580245 0.4051070764121194 0.075180552475544 0.16444429508134384
0 0.654536725616605 0.7315973744203297 0.0652147472985769 0.07379202400410509
0 0.7866527336502871 0.5846854921031641 0.03307010523343692 0.0314318071815924
0 0.7861591809629814 0.6433019680008631 0.04299113680346807 0.040861349336070066
0 0.7870685045558001 0.739422989078102 0.05961719468185826 0.05813975292686635
0 0.8633488254471958 0.9085678988172182 0.05107665258848364 0.04559430113146803
0 0.81106671765351 0.802586064410067 0.07313366311182712 0.04884656615858276
0 0.6602241394343039 0.037579208827480934 0.030127115756780752 0.03453862646343313
0 0.6749607445971538 0.14299796185254304 0.06899219468185844 0.058194295081343925
0 0.6498473525320139 0.10094227205919751 0.029763094710093262 0.02828862646343313
0 0.7010828998164733 0.18895535646634878 0.06679265785015538 0.04724770472226432
0 0.7345240023484874 0.29348377518245544 0.06061825256024882 0.07532725292686618
0 0.6745427866199414 0.22974852810932173 0.03957771046687384 0.06270907825883114
0 0.5459488078078032 0.08826098575845227 0.05970819994353036 0.05970225292686622
0 0.6068030078219205 0.07305816657480736 0.04132222099021767 0.06584316861791081
0 0.6017052551204974 0.14655020872928506 0.06724768415851479 0.05506020472226432
0 0.5934509522920175 0.35369963339732013 0.05521812101845249 0.03624657220870695
0 0.6138313417263215 0.3950013442679045 0.04197466837349921 0.05022725897699045
0 0.6144845181335028 0.298871232831586 0.06826415258848365 0.04569429508134393
0 0.5624824023767221 0.26478712432213375 0.05529371572854593 0.06436248184962742
0 0.6232210232540003 0.44887123283158603 0.04969616311182747 0.048710210772388504
0 0.6815046891378379 0.3492797781093217 0.04077618942018653 0.05646816861791084
0 0.5627407366340589 0.21555019360397454 0.02994510523343692 0.031413626463433174
0 0.7097786914863251 0.6468723955957644 0.04866428413027997 0.08462953005422928
0 0.7475517072713407 0.6513417269778536 0.031598610495108835 0.032985216822512695
0 0.6629198310618035 0.5400774949318345 0.04922572625188941 0.06745112041330899
0 0.6353184758283665 0.5089774858566481 0.03692314732681172 0.043949987899751616
0 0.7036365653473751 0.4609076245185255 0.03288809471009326 0.028306807181592397
0 0.7161673864505322 0.40769172092772943 0.04179265785015538 0.04710225897699054
0 0.6681471154038447 0.4017189768796577 0.03150760523343692 0.0314227168225127
0 0.7214016470444631 0.33654342877325166 0.05632559471009326 0.028443162567786652
0 0.6478731417827912 0.3354081756499937 0.035360647326811726 0.04394089754067201
0 0.589064373084591 0.6272553080653551 0.04913472099021767 0.06588862041330898
0 0.7068412202137588 0.8782178443661003 0.03288809471009326 0.028306807181592574
0 0.6385539517979073 0.8731445249860638 0.0940677893919517 0.08645565046753845
0 0.5834143415851472 0.543666103244895 0.03583108418674961 0.02519998789975162
0 0.5101085602974648 0.23773881099222138 0.040503173635170954 0.05178066861791084
0 0.5100714919663178 0.1431757447354427 0.03628611049510884 0.03301248789975162
0 0.4385150103821694 0.1490626512531051 0.0416106473268119 0.04397725897699045
0 0.5325512496470641 0.368121202580965 0.03746917889684287 0.05332498789975162
0 0.4744272074831022 0.43019902176460983 0.03746917889684287 0.05332498789975162
0 0.7585493914298553 0.7059837751824555 0.038303636803468065 0.04083407825883114
0 0.7166727045699176 0.7249837600571449 0.027745568401734033 0.020467036104353475
0 0.7768429070736966 0.8590542330279778 0.04408319994353036 0.05961134933607006
0 0.787498956988992 0.9480849167711991 0.043901189420186525 0.056486349336070066
0 0.8054075228304773 0.8932746969236243 0.038303636803468065 0.04083407825883114
0 0.7140082490823667 0.961016708827481 0.07284523677523325 0.07071247579950324
0 0.6318103991106017 0.9317973623200814 0.04693518415851479 0.054942030054229464
0 0.6399744257013096 0.6425894165748074 0.03250866311182747 0.048610216822512695
0 0.6112648677523321 0.6998070189359396 0.04059417889684287 0.053343168617910844
0 0.5929082518543771 0.8140149646812134 0.03297909997176518 0.029869307181592576
0 0.6382207518543771 0.8137513442679044 0.02949007892507769 0.02360112646343282
0 0.7260777966491749 0.7522820582617469 0.049984589448421345 0.02684430113146803
0 0.6140251176817448 0.7740348592950191 0.033161110495108836 0.03299430718159222
0 0.5855368256589573 0.6874524646812133 0.023422089448421345 0.02668976502711473
0 0.830277991189859 0.9579957270760495 0.03601309471009344 0.02832498789975162
0 0.7858678385307882 0.9871701426688982 0.0228760578783902 0.01731476502711473
0 0.6660257753907259 0.969111009958949 0.02672909997176518 0.029832945745273776
0 0.6799825886013754 0.9135422660090733 0.03563366311182729 0.048628397540672094
0 0.6014054783886152 0.5842001996540989 0.020388094710093264 0.028234084308955333
0 0.47909492278812493 0.9397194675098838 0.03572466837349921 0.050190897540672096
0 0.41545735701722686 0.9205518318730685 0.054383663111827296 0.048737481849627076
0 0.4528208491247191 0.9179899132551576 0.03857665258848364 0.045521578258831144
0 0.47006853328323384 0.9725956000234411 0.04299113680346807 0.040861349336070066
0 0.4303157885449057 0.9743899041799715 0.029672089448421347 0.02672612646343282
0 0.3530714781062666 0.8826205606976337 0.10206229991529536 0.08962610226293641
0 0.5117499861399487 0.7355541422761147 0.09390118942018652 0.056777240826617795
0 0.37482059158514713 0.5448796661820239 0.040487763083592476 0.07833407825883114
0 0.3439269073560453 0.5645972685431561 0.02682010523343692 0.031395445745273774
0 0.31101569681858415 0.5765114612633678 0.041519642065139986 0.04241475897699036
0 0.46436748094886404 0.6600228771508042 0.07540879465362345 0.08790906615858277
0 0.4387521018967293 0.7703654795119362 0.04813366311182747 0.048701120413308985
0 0.5283529281909711 0.7925081242239379 0.05530912628012423 0.037809072208706954
0 0.46781724659270524 0.813179693407583 0.0519867052052021 0.06121930113146803
0 0.42597065181202476 0.8595325186413518 0.06384966837349922 0.050354524004104916
0 0.5200692623071336 0.8918086874556546 0.05989021046687402 0.06282725292686635
0 0.5417769333114687 0.942480853146699 0.03454159997176518 0.0298783975406721
0 0.5175427727598901 0.9691933440715127 0.037105157850155376 0.04707498789975162
0 0.5378280967762319 0.6197382447354427 0.03187162628012441 0.0376727168225127
0 0.5353261811041559 0.4962734736582039 0.056188357793685736 0.1065408914905479
0 0.4338715549652058 0.3108632144848217 0.12364887357870132 0.11161927693097126
0 0.3078661229434168 0.7773790696746243 0.09625191567207611 0.12395565046753809
0 0.3971876862246533 0.6471279674116879 0.07788134727034209 0.10354315651766229
0 0.46978448109003834 0.5115035639190876 0.08825740514873245 0.12078519867214013
0 0.4334080943571574 0.39683253074160035 0.07688028939195171 0.08635565651766237
0 0.38490197589895364 0.4361904674116879 0.04978716837349921 0.050272710772388506
0 0.36452085744074986 0.47538477761834236 0.04446263154179615 0.039307939695149584
0 0.3582947022920175 0.35506773243880263 0.053367194681858444 0.05810339149054773
0 0.5145755233951746 0.3010155158126816 0.0472992052052021 0.06119203005422928
0 0.43226428135826955 0.22959503376666243 0.10180469468185845 0.058385192622015934
0 0.3958038656156063 0.18057172648687425 0.0641226841585147 0.05504202400410509
0 0.41576077886860796 0.08042173556206053 0.09048776308359248 0.07862496974937896
0 0.4791407394060691 0.06833028083979621 0.06988683674699843 0.10037270472226434
0 0.6752763469174062 0.47045079616149843 0.042718121018452494 0.03617384933607006
0 0.5307304153897274 0.41736722365820383 0.05420165258848364 0.04561248184962743
0 0.4989497943712749 0.3816024404807166 0.04253611049510884 0.033048849336070066
0 0.5516168519673166 0.695464952580965 0.038758663111827296 0.04864657825883114
0 0.4701477731128259 0.5982495849963264 0.05200211575678075 0.034665891490547905
0 0.4717748314147393 0.16997004889197295 0.0558397472985769 0.07373748184962743
0 0.5134463919239656 0.1877024495559029 0.04133763154179633 0.039289758976990455
0 0.551879560368052 0.16325189539937263 0.048315673635170954 0.0518261204133089
0 0.5974797576807462 0.221600205704223 0.052714747298576906 0.07371930113146821
0 0.3436791944700969 0.2785643197728201 0.04362817363517095 0.05179884933607006
0 0.35168213929312964 0.18786205172064335 0.0481336631118273 0.048701120413308895
0 0.29910431492385203 0.9087245184449604 0.12822995776545093 0.13663745764913032
0 0.38243348343852557 0.8097688679774219 0.0843287683452643 0.0801511083130606
0 0.3787099729857691 0.7324205727978821 0.04804265785015547 0.04713862041330898
0 0.3190472756730747 0.6741540757247485 0.05916216837349921 0.05032725292686635
0 0.514087488911959 0.5878342597625574 0.03922909997176518 0.02990566861791084
0 0.5432821652485531 0.5657819977605049 0.03941111049510866 0.03303066861791084
0 0.861148559591593 0.9781355102535368 0.0566896157567804 0.03469316256778683