0 0.7145355389684287 0.49143519801856606 0.15536931043863902 0.10092400512049764
0 0.7105522362105359 0.6249302374811049 0.08059609456891899 0.18065773677523325
0 0.6474412313017999 0.2546856269154089 0.06861276308359247 0.08185621572854576
0 0.7662653679640936 0.43746876386005135 0.034814615756780756 0.03628611049510884
0 0.7736081601280556 0.3751129770283484 0.04464464206513998 0.04464464206513998
0 0.7879143128577135 0.2708049086266143 0.06301521046687383 0.06595819994353028
0 0.8935210287980209 0.10552227189373342 0.05438366311182748 0.05144067363517104
0 0.8226918602833473 0.20841902971565401 0.07956567363517095 0.05602175782192065
0 0.587241351755555 0.8900154531390635 0.07560621572854576 0.06824874203690498
0 0.5543147306665153 0.9303443215266801 0.03307010523343692 0.03307010523343692
0 0.6206762070595792 0.844953582120611 0.07331567363517096 0.055657736775233245
0 0.671010865050909 0.7401148927004245 0.06723227360693614 0.08489021046687384
0 0.5982782913169159 0.7968723978915091 0.04306673151356133 0.07102513154179615
0 0.44182243594230464 0.9235699477362174 0.06466871572854593 0.0676117052052021
0 0.5073410201290542 0.9448387320076715 0.043901189420186525 0.05861613680346807
0 0.5108762728304773 0.8709462056993124 0.0754242052052021 0.06512374203690499
0 0.5292035256730747 0.6472511004658753 0.05999662628012441 0.04086719468185844
0 0.5566158941312785 0.6064595004941102 0.04693518415851479 0.0572356473268119
0 0.5446534914016206 0.7106310610033365 0.0731336631118273 0.05253273677523325
0 0.4834730676958623 0.7369275214702105 0.06016322625188941 0.07046368942018652
0 0.5738342152344357 0.5521514320923762 0.05300317363517095 0.054474668373499215
0 0.622247870383168 0.6700522926580722 0.0441742052052021 0.06330363680346807
0 0.4779279939618693 0.7897718004094056 0.033252115756780755 0.03619510523343692
0 0.6933368312029777 0.3562712427427767 0.05380681043863902 0.09500866311182729
0 0.7342348469879934 0.35859260593930864 0.033252115756780755 0.03619510523343692
0 0.628939673211648 0.46192897951801 0.051152247298576904 0.07616765785015538
0 0.5952850100292336 0.4897578479056266 0.03866765785015538 0.04896812101845249
0 0.6617437389119589 0.5540863874387526 0.03619510523343692 0.033252115756780755
0 0.6668099414863251 0.6141516321770808 0.04519067363517095 0.05401964206513998
0 0.6157101730704737 0.6116405531814159 0.033252115756780755 0.03619510523343692
0 0.6634566993082458 0.69116915848544 0.06110409997176518 0.03314569994353036
0 0.5850663887990194 0.6777051689381965 0.03866765785015538 0.04896812101845249
0 0.5622310443712749 0.3529326820923761 0.05253273677523325 0.0731336631118273
0 0.7227535024896616 0.10762934541596496 0.03610409997176518 0.03168961575678066
0 0.6494147130271226 0.10014234008370596 0.10059080517696728 0.09617632096198277
0 0.5447165916557344 0.4425335083866179 0.03913809471009344 0.03030912628012441
0 0.4250536229434168 0.7567919714137407 0.043901189420186525 0.05861613680346807
0 0.41212795969041516 0.857884034553803 0.03959312101845249 0.03812162628012459
0 0.33723437550366553 0.8371612818523797 0.045008663111827295 0.05089464206513981
0 0.4672271704396378 0.6195048030402415 0.04086719468185827 0.059996626280124234
0 0.4141484020943734 0.5426384661520689 0.04077618942018653 0.05843412628012441
0 0.7536604101986427 0.30180427964506684 0.041519642065139806 0.04446263154179615
0 0.7120420575960417 0.273656163817699 0.029399073663405773 0.023513094710093264
0 0.7929518814006219 0.14195186653323955 0.04748121572854593 0.06661064732681177
0 0.8172700709619829 0.04803526656147441 0.04739021046687384 0.06504814732681177
0 0.8295495340596926 0.11081598762227922 0.041610647326811544 0.04602513154179624
0 0.741875957836038 0.030350568754669884 0.0780787683452644 0.06070113750933977
0 0.650325494667741 0.035025574298690416 0.05024219468185827 0.06054265785015548
0 0.6190802838479312 0.3464859900413536 0.03737817363517095 0.05356461575678075
0 0.5963715549652058 0.27960930318141586 0.043901189420186525 0.05861613680346807
0 0.5914348840314577 0.15447279528890806 0.03619510523343692 0.033252115756780665
0 0.6405094208631608 0.16258913217708076 0.032706084186749605 0.02682010523343701
0 0.7253387181476202 0.24622911383181645 0.053200594710093266 0.031128173635171043
0 0.6097900418816133 0.20043774267218958 0.03637711575678075 0.03637711575678067
0 0.5678748286427291 0.28832415052234506 0.02672909997176518 0.031143584186749607
0 0.8649263209619829 0.04525960608048301 0.03941111049510866 0.03499662628012438
0 0.8518123999576478 0.0019644753952881484 0.03684755261671846 0.003928950790576297
0 0.821753173635171 0.007747891173244978 0.024711573663405772 0.015495782346489956
0 0.6915196420651399 0.00922636216346264 0.02838260523343692 0.01845272432692528
0 0.6982848525320138 0.06437216907937086 0.040503173635170954 0.05374662628012437
0 0.569785210113938 0.40187841630736065 0.02204159997176518 0.030870568401734032
0 0.4890015868175855 0.012084958118386715 0.03737817363517095 0.02416991623677343
0 0.4189165999717651 0.016772093606436826 0.05778167889684287 0.03354418721287365
0 0.4587071420651399 0.020485139681359094 0.0418836631118273 0.04097027936271819
0 0.34688968152767885 0.04266288303368211 0.10876732622365459 0.08532576606736422
0 0.49585634449833177 0.22275162940507048 0.1019867052052021 0.06667083148532651
0 0.3235626574972196 0.40054124238984085 0.04232327886860805 0.08499662628012442
0 0.2937540601562904 0.3732730870999342 0.028564615756780664 0.035922089448421436
0 0.2605397417545564 0.3548261949642071 0.04326415258848364 0.047678636803468066
0 0.4349713233810572 0.2944970977644522 0.08211382096198286 0.09977175782192056
0 0.4230944077089811 0.17133261354946777 0.05144067363517095 0.054383663111827296
0 0.5207506577089811 0.1656447846949772 0.05861613680346807 0.04390118942018657
0 0.4591460287980208 0.1308217346385075 0.05529371572854576 0.06706567363517105
0 0.4220940788544906 0.07340334776445223 0.06715667889684288 0.0568562157285458
0 0.5269257920227876 0.05632299260160241 0.0649417315135615 0.0722992052052021
0 0.5569171289109602 0.011300219992441959 0.03619510523343692 0.022600439984883917
0 0.5352850526167184 0.000609131824144904 0.03932010523343692 0.001218263648289808
0 0.5080972812170952 0.35216611362005495 0.035087631541796324 0.040973610495108836
0 0.48757122056669466 0.4842729583301482 0.05995039462538863 0.12028167889684287
0 0.3545675467197621 0.6636936897731225 0.13513240514873245 0.1277749314570915
0 0.284836273536349 0.13940632131491865 0.101576452503779 0.13983531570031094
0 0.36135181285771345 0.29564934506302915 0.08458637357870132 0.11548776308359247
0 0.42003511007158584 0.45528267932036587 0.09661593671876342 0.13487479991529536
0 0.3647777336502871 0.5698148871564039 0.08349431043863911 0.09673776308359247
0 0.3194960547534442 0.5191470292215439 0.05465667889684287 0.056128173635170954
0 0.30348464690328875 0.4730455739457545 0.04620714206513989 0.0447356473268119
0 0.2802963178370367 0.5998201765483556 0.056765210466874015 0.06559417889684287
0 0.4383733993223632 0.6893846635353503 0.050606215728545755 0.06679265785015538
0 0.3408228361117138 0.7507232529131846 0.10989021046687401 0.06868835779368573
0 0.29562372817685373 0.795686413394176 0.06908319994353018 0.06319722099021767
0 0.30364760175555505 0.9065329081325041 0.09691977360693613 0.08661931043863902
0 0.3711914175264531 0.9221964345114506 0.07384629465362354 0.0915042315135615
0 0.6318364310335687 0.5385824847796818 0.04602513154179633 0.041610647326811724
0 0.4720364968044667 0.5674872767318823 0.05759966837349921 0.05318518415851479
0 0.433095094145396 0.5987596635353503 0.04584312101845249 0.0384856473268119
0 0.5324987707643387 0.2731387662791257 0.04362817363517095 0.053928636803468065
0 0.43263454963294673 0.36204861881113964 0.05530912628012441 0.04059417889684287
0 0.3747420807794548 0.8216504029414194 0.05914675782192065 0.07974768415851478
0 0.42267905184025967 0.8102354898295921 0.04464464206513981 0.04464464206513981
0 0.4591016702278763 0.8433896240728114 0.05318518415851479 0.05759966837349921
0 0.515610004485213 0.7907126741292811 0.057766268345264396 0.08278167889684304
0 0.25359658092062914 0.6797652817817926 0.047117194681858446 0.0603606473268119
0 0.24995491240595563 0.7787488133518237 0.05144067363517095 0.054383663111827296
0 0.29390889469597586 0.03632536589795502 0.1315677893919517 0.07265073179591004
0 0.36825571828879455 0.11808578718463877 0.09103379465362345 0.09250528939195171
0 0.3534112392648948 0.1996921029555369 0.05134966837349921 0.052821163111827295
0 0.2827038971150503 0.25084435025411383 0.06403167889684287 0.0566742052052021
0 0.4769228759271885 0.3822022241151638 0.04253611049510884 0.03517863680346807
0 0.5052144758989536 0.41034263466674237 0.042718121018452494 0.038303636803468065
0 0.904186242036905 0.02539078199355411 0.05970819994353036 0.05078156398710822