0 0.5521200926364372 0.10741064048186962 0.08728470282385174 0.1029464399258662
0 0.6748314815910929 0.2931621128070554 0.09532452335696498 0.11103175843752044
0 0.3962314569804867 0.2059176062684515 0.04579588479802066 0.07184028366526399
0 0.7638508659934022 0.20793888622070034 0.08315949247815269 0.06846231252120454
0 0.7072084094086268 0.1426611158022803 0.040290030878812465 0.043551592558271415
0 0.7470832516493526 0.11546120954167804 0.03243206677218957 0.04171627404661713
0 0.7426601761016742 0.15158968249983604 0.03220474623907634 0.03390377404661713
0 0.8632909248480332 0.15832577742036016 0.12897209765100187 0.08723215988879933
0 0.5882086376345075 0.6488888123515685 0.1105858105039836 0.09907739546082901
0 0.888740868896396 0.334178949290059 0.03859113855894449 0.03880952885594056
0 0.8979410579967011 0.08594978041558504 0.03840928213245363 0.03255952885594053
0 0.9905317232778227 0.1326759582757337 0.018936553444354586 0.02581845553496285
0 0.9651716735943918 0.1657166367688545 0.03850021034569906 0.035684528855940555
0 0.9588822211662518 0.21833320528050879 0.03992631802583091 0.03105159255827141
0 0.8752717507914228 0.2744319270575405 0.051864028371529966 0.06580853847458741
0 0.9454766022033485 0.3220311241549828 0.03863660266556721 0.04037202885594056
0 0.9862097677155794 0.29321415419204966 0.027580464568841022 0.02754464664195542
0 0.6649958288463835 0.2239036813187097 0.03537521034569906 0.03557540145127884
0 0.7215904728156043 0.368169547290626 0.049710494985435005 0.04544147477225655
0 0.7034458780675961 0.41650784356976167 0.03850021034569906 0.035684528855940555
0 0.6560624127073321 0.42754703649085285 0.038318353919208195 0.029434528855940556
0 0.6344625458560001 0.35713533276998854 0.029079746239076342 0.03379464664195542
0 0.7119750950772126 0.5483754024627692 0.03519335391920819 0.02932540145127884
0 0.6822254105957611 0.6010291765093863 0.029079746239076342 0.03379464664195542
0 0.6783275207831755 0.574575803914048 0.041670674452321775 0.03735615626060227
0 0.6917786038527012 0.47244038503957403 0.028852425705962758 0.025982146641955417
0 0.8975428705457487 0.4754215081830665 0.03363085391920819 0.029270837748947898
0 0.9085091142775426 0.5297816259690814 0.02411946159934004 0.024255955534962938
0 0.5935420291629527 0.3483977390305908 0.054716243731793845 0.056542665879249124
0 0.6025880717202476 0.44427323422126735 0.027380853919208192 0.029052582939624472
0 0.5575543680384663 0.5091913952911931 0.051773100158284534 0.06268353847458741
0 0.7887338233696003 0.5793228128997227 0.03850021034569906 0.035684528855940555
0 0.817082480733163 0.4516417570019401 0.0360571719450391 0.05901290145127884
0 0.8578451877136498 0.6699726055506613 0.07047763605166182 0.061775802902557686
0 0.8574981952354971 0.6042930418483304 0.03206835391920819 0.02921627404661713
0 0.8858277837152994 0.6103421452063751 0.027380853919208192 0.029052582939624472
0 0.51383311177026 0.5654612426587878 0.04355142319868044 0.04834821996293322
0 0.4916602465682807 0.6366194800449161 0.03537521034569906 0.03557540145127884
0 0.581733665610326 0.5607439716073956 0.024210389812585477 0.027380955534962937
0 0.6043384398252208 0.5044294842212673 0.030414925705962936 0.02603671034428636
0 0.6057752562016991 0.3925470431142748 0.051091138558944316 0.03924603847458741
0 0.7579301042484127 0.6226288687975051 0.046903743731793845 0.05626984736759475
0 0.6732525420285695 0.8570708453838602 0.06964256175762476 0.08672123920022656
0 0.7274686805875138 0.8927156795046113 0.027653638558944316 0.03842758293962447
0 0.7306104009623426 0.8394269883976186 0.05369931301126592 0.07523810217691818
0 0.7611867995504168 0.7883084324998361 0.02269335391920819 0.028888891832631814
0 0.7821297853646519 0.7555132906672041 0.024164925705962938 0.025818455534962936
0 0.8065674957103509 0.7890698351322413 0.019295569279472246 0.01940476442797028
0 0.744298479413015 0.9335762924813025 0.038272889812585476 0.027872028855940555
0 0.7868376689090313 0.8366814451137078 0.027380853919208192 0.029052582939624472
0 0.7882039406166437 0.8030058495602116 0.022466033386094965 0.021076391832632168
0 0.7448510942192827 0.7106745058208137 0.03050585391920819 0.029161710344286364
0 0.7871833467265652 0.6872990040067152 0.035466138558944496 0.03870040145127884
0 0.7801223191464581 0.9284150773276929 0.03041492570596276 0.02603671034428636
0 0.5043995904583591 0.751917097830931 0.09817673871722903 0.10176588584218216
0 0.5054369047232663 0.8144443796820964 0.06524456677218975 0.042862111795565025
0 0.48513877658916327 0.842524739663563 0.035102425705962934 0.02620040145127902
0 0.44020670981697363 0.8034275233288269 0.036710389812585474 0.027817465153609788
0 0.4461672048024086 0.8470138322218344 0.05779577962517113 0.05508929328391084
0 0.43352846397360867 0.9233134373939775 0.09004598997087018 0.09055556733052797
0 0.4722332627991097 0.9634101585380369 0.03872753087881229 0.043497028855940555
0 0.5495399088799016 0.9325569734214941 0.033858174452321775 0.0370833377489479
0 0.6370542807457984 0.9568724379421315 0.055960494985435004 0.04565972958157971
0 0.35515810840504775 0.7563466814035277 0.06905152837152997 0.06640873920022691
0 0.3381320812871591 0.6818650365756709 0.06909699247815268 0.06797123920022674
0 0.2768739840318684 0.7536061165200705 0.05530727711788863 0.07685516587924912
0 0.3106950545649818 0.7602454969199571 0.03211381802583091 0.03077877404661713
0 0.3511442098169736 0.8065376543616857 0.03363085391920828 0.029270837748947898
0 0.35534701035833427 0.5209448947430388 0.04024456677218975 0.041989092558271324
0 0.38367425032920444 0.6075445936545798 0.0766821719450392 0.06043155771188111
0 0.2752322983632826 0.34778270245491993 0.03721049498543501 0.04500496515360961
0 0.3276094891129403 0.23959569102217454 0.04446070533113407 0.07959821996293312
0 0.447118007059629 0.23464031779386407 0.04001724623907634 0.034176592558271414
0 0.4227006802583094 0.2824156188823232 0.03399456677218957 0.041770837748947985
0 0.4981840650563301 0.35016362487277297 0.04943771034569906 0.03606647477225655
0 0.4744366764973858 0.31345479855657044 0.03358538981258548 0.027708337748947896
0 0.5357773417785074 0.27142850046333616 0.04717652837152997 0.06564484736759484
0 0.5387001018076372 0.18373752750517816 0.04644910266556703 0.04064484736759484
0 0.5813780321324536 0.014856113208359523 0.0447956744523216 0.029712226416719046
0 0.39768499373179383 0.040855601459128046 0.030460389812585652 0.02759921034428626
0 0.4481683785298145 0.1094766266868715 0.04180706677218975 0.04204365626060227
0 0.41989026583511757 0.15895083703115778 0.036846782132453626 0.0325049651536097
0 0.2524911318285198 0.3994096898410482 0.05779577962517113 0.05508929328391084
0 0.2275198755603136 0.45502477278067277 0.04015363855894431 0.03886409255827132
0 0.20913960009177757 0.5221403509109738 0.027517246239076254 0.03374008293962447
0 0.2631571618494023 0.6047147487340556 0.08458560015828454 0.06382937622353531
0 0.15508991224511376 0.7609870853018773 0.03711956677218971 0.04187996515360979
0 0.4097640742275301 0.42910956960796265 0.034040030878812466 0.043333337748947896
0 0.031319791632858064 0.7269890859348495 0.02172188730530311 0.049146828130301044
0 0.042412752836486864 0.5975644807627063 0.05163670783841652 0.05799603847458741
0 0.23102164561857333 0.27972467241785304 0.036755853919208284 0.0293799651536097
0 0.20689147532288676 0.3642460053574776 0.03711956677218975 0.0418799651536097
0 0.23767246239076303 0.32015869945969505 0.04980142319868044 0.04856647477225655
0 0.11031800369441669 0.4317460186043215 0.03372178213245362 0.0323958377489479
0 0.1347700859060126 0.49267359492052415 0.035329746239076296 0.034012901451278665
0 0.040724569212965175 0.4857911670603755 0.0304149257059629 0.02603671034428636
0 0.07449181545204148 0.5174578293114275 0.049011813011266 0.0750744110699257
0 0.23540160556856088 0.16148310390619874 0.052289925705962935 0.026800602176918265
0 0.3010038735152496 0.15841017840830282 0.024164925705962938 0.02581845553496285
0 0.24903717438581469 0.49572169465037164 0.04520485141192578 0.05152778366526398
0 0.09332569813849108 0.761579851543946 0.028897889812585564 0.02754464664195542
0 0.1046185508040581 0.8002876874787954 0.028897889812585564 0.027544646641955595
0 0.13128635088320037 0.8298561363903364 0.027335389812585563 0.02749008293962447
0 0.3010569447732788 0.9396701020921002 0.0776081744523216 0.03861112141421188
0 0.33441736256168286 0.876723668789656 0.06551735141192579 0.052237111795565026
0 0.3419183785298145 0.1131869584453697 0.05145485141192578 0.051746038474587405
0 0.36893185642649073 0.0002479927436058592 0.05036371285298147 0.0004959854872117183
0 0.22966954999999997 0 0.18118941875 0.1247393421875 0.1397400578125 0.2505914046875 0.0833776515625 0.4047515203125 0.05355717812500001 0.5173376953125 0.03735133125 0.6555592765625 0.024585229687499998 0.77002666875 0.0296033078125 0.8830325734375 0.040738923437500005 0.893798265625 0.0666702109375 0.8993180765625001 0.04211759375 0.8577119671875 0.0392408390625 0.7748953328125 0.057695478125 0.6983683890625 0.065508478125 0.5985879093750001 0.076868690625 0.5065586109375 0.11831805312499999 0.38070654843749996 0.17055901874999999 0.2134259375 0.22859037343750002 0.05962108125 0.254621096875 0 0.22966954999999997 0
0 0.26519964375 0 0.220041940625 0.1067741984375 0.1057019140625 0.4304918546875 0.08578765000000001 0.5137042078125 0.07427185 0.6144455265625 0.054052034375 0.7710519796875 0.053327842187499995 0.8303647515625 0.080677534375 0.9022997171875 0.1034299890625 0.9071428718749999 0.084517328125 0.8474980015625 0.0925396484375 0.7547581859375 0.1068728484375 0.6651107515625 0.12824112031249998 0.519242925 0.16280537343749998 0.3849291703125 0.21801932812499997 0.2200304265625 0.265360925 0.0831894140625 0.2977261640625 0 0.26519964375 0
0 0.9582979437500001 0.0648822703125 0.9234824906249999 0.15821531718749998 0.8057667125 0.41580078593750003 0.7347679421875 0.5490052828125 0.6833801328125 0.694779559375 0.6018720578125001 0.8761189999999999 0.5624443578125 0.9813751015625 0.5985532140625 0.9801141515625 0.654608509375 0.8649570890625 0.7210134640625 0.688798084375 0.7719034 0.570902265625 0.793342896875 0.5111017375 0.8613364421874999 0.3660637640625 0.9470174437500001 0.19120947187499998 0.9908172343749999 0.0718044234375 0.9582979437500001 0.0648822703125
0 0.7839901921875 0.23556303750000002 0.675901690625 0.49065032343750004 0.6354395796875 0.5799829625 0.5922675359375 0.6897270843750001 0.5273510765625 0.83507025 0.4744821484375 0.9812288625000001 0.47377417499999996 0.98447153125 0.5025282140625 0.9834674187499999 0.5229778203125 0.91109654375 0.5803330953125 0.776387071875 0.6714747 0.550923934375 0.7476014046875 0.3782335515625 0.8002128984375 0.26525165781250004 0.88763381875 0.04984049375 0.855315071875 0.0429610296875 0.7839901921875 0.23556303750000002
0 0.7230639296875 0.247080471875 0.7834533 0.08425444374999999 0.8092247359375 0.033150103125000004 0.7850077671875 0.0279952078125 0.72903718125 0.1628427140625 0.6527010265625 0.33471334375 0.5366931593750001 0.610074278125 0.4441394015625 0.8562251484375001 0.40933984375000004 0.9722597531250001 0.4335431234375 0.9774117359375 0.47306566562499996 0.8375071125 0.531231909375 0.699083228125 0.6316176125 0.43128006250000006 0.7230639296875 0.247080471875
0 0.44585110937500005 0.8270491375000001 0.5080492109375 0.663054984375 0.5782639625 0.48366599218750006 0.6505202062500001 0.32336598125 0.707990325 0.17391077187499998 0.7848765906249999 0.027967285937500003 0.7581702796875 0.0222825 0.6700239906250001 0.1984785859375 0.5856717687499999 0.38574138125 0.5372891875 0.543349134375 0.48352421874999996 0.66871766875 0.4260567703125 0.81817345 0.39259755625000003 0.9571915390625 0.38946902968749997 0.9680299937499999 0.3975009296875 0.9697396875000001 0.4053929140625 0.9412579750000001 0.44585110937500005 0.8270491375000001
0 0.818658271875 0.26431989843750003 0.6953695140625 0.5303569234375 0.60800826875 0.752737721875 0.5259233859375 0.929602803125 0.5114454953124999 0.9831560203124999 0.54204973125 0.9820872968750001 0.550867934375 0.9504579265625 0.65862679375 0.7199827421875 0.7177188484375 0.56309870625 0.747425265625 0.4839156578125 0.8354910546875001 0.3223159109375 0.9397532312499999 0.0609347875 0.9117546453125 0.054974924999999994 0.818658271875 0.26431989843750003
0 1 0.0886150390625 0.933163446875 0.2731456578125 0.825493778125 0.48187633124999996 0.7853544578125 0.5448491796875 0.75671566875 0.6475817140625 0.7225128609375 0.76156615625 0.6195428671875 0.9793811765625 0.6430718546875 0.9785595265625 0.6707022828125 0.9277714265625001 0.7298886890625 0.7988947078125 0.7589470328125001 0.7226799828125 0.7950958124999999 0.5997825531250001 0.8244781937500001 0.52208366875 0.8871907875 0.41261196875 0.983178290625 0.207612734375 1 0.16507856875 1 0.0886150390625
0 1 0.2312177921875 0.9750743578125001 0.294506021875 0.8962783234374999 0.4207645109375 0.833750440625 0.5364936703125001 0.8042308171875 0.6219374171875 0.7672486703125 0.7415483828125 0.7009258640625 0.9031114015625 0.66140079375 0.9779194656250001 0.685407890625 0.9770811203124999 0.74232019375 0.8699460703125 0.789776965625 0.73079846875 0.8309762640624999 0.5918720203125 0.8505326765625 0.530738775 0.9014733312500001 0.44674569999999997 1 0.2797170953125 1 0.2312177921875
0 1 0.28893219375 0.9752167625 0.3365129875 0.8843247515625 0.4897342625 0.8650449046875 0.535381028125 0.8389929140625 0.57647718125 0.8184683828124999 0.6918200859375 0.7721716875 0.8327705578125 0.7036149640625 0.9764453140624999 0.7244722593749999 0.9757169625 0.7721747625 0.88251914375 0.8132842859375 0.765339878125 0.8484577015625 0.6468970359374999 0.8748285671874999 0.5545648937500001 0.92080580625 0.46485308593749997 0.998768475 0.33530813125000003 1 0.3328163421875 1 0.28893219375
0 0.8106127000000001 0.9482259624999999 0.9078841171875001 0.588032496875 0.8742273765625 0.5715382109375 0.8281205515625001 0.768497971875 0.7781583390625 0.8977850421875001 0.737103778125 0.975275859375 0.7983135625 0.9731383671874999 0.8106127000000001 0.9482259624999999
0 0.4326259828125 0 0.384633390625 0.11907226875000002 0.2569588453125 0.5474201296875 0.22253476874999997 0.7406457734375 0.21355765624999998 0.909753359375 0.21542346562499998 0.9309821359375 0.24513784374999997 0.937307228125 0.25266590624999996 0.737732365625 0.2912173578125 0.5469384234375 0.36281670781250003 0.2901089953125 0.41648406875 0.136735246875 0.468154609375 0 0.4326259828125 0
0 0.3777487 0 0.30430519375 0.2310124015625 0.24225216718749998 0.4370140875 0.1918390015625 0.675033840625 0.180910753125 0.8033025859375 0.18451106875 0.9244020328125 0.208497621875 0.92950788125 0.20237658125000002 0.8187550124999999 0.22164551718749997 0.6736072671875 0.2480586875 0.545525615625 0.29731694375 0.3554548203125 0.3971464328125 0.0688760328125 0.42706237968750005 0 0.3777487 0
0 0.5233543093749999 0 0.4603415359375 0.14917995 0.39531911875 0.3545495625 0.3441148921875 0.5535333437500001 0.3028283140625 0.7639582375 0.27924520625000004 0.9004135812499999 0.27830775625 0.9443678734375001 0.296461253125 0.9482320812499999 0.3005263234375 0.9096085468749999 0.34185195468749996 0.663436253125 0.394868165625 0.463282240625 0.46002515468749994 0.250167196875 0.5243539359375 0.0835175171875 0.5585288421875 0 0.5233543093749999 0
0 0.4769915921875 0 0.41625497031250003 0.1662240515625 0.35887978593750003 0.3436839046875 0.3091575828125 0.54298315625 0.2675444765625 0.70514095 0.2493854765625 0.838088678125 0.2462570375 0.9375454624999999 0.2676828484375 0.9421062234375001 0.2729396796875 0.886635084375 0.3015258375 0.7201484 0.3339564734375 0.5218334203125 0.400041940625 0.2902587921875 0.5100972765625 0 0.4769915921875 0
0 0.3032016484375 0 0.17525430625 0.35279163593749996 0.139624190625 0.5302180015625 0.110484896875 0.7276776515625001 0.1040978328125 0.8351467546875 0.10581986875 0.9054743999999999 0.10712341875 0.9079290671875 0.13416086562500001 0.9136843375 0.1260724078125 0.8553724796875001 0.1391814765625 0.738451096875 0.1778650078125 0.4901604640625 0.22040334218750002 0.3095451921875 0.28978531093750004 0.1268670609375 0.3380715125 0 0.3032016484375 0
0 0.3450989390625 0 0.33914633437499997 0.0145533078125 0.3003074046875 0.1213327484375 0.22119765624999999 0.34857905625 0.1923291828125 0.48080306874999995 0.1701806296875 0.60357155625 0.1522981984375 0.7210328015624999 0.1447087578125 0.8624485390625001 0.1439664859375 0.9157715906250001 0.168935321875 0.92108653125 0.1651544234375 0.8683538015625001 0.1724192453125 0.7284248984375 0.19104526875 0.6359973 0.21268240624999998 0.5084549453125 0.27482520625 0.280706075 0.3285427046875 0.1413352171875 0.38273504375 0 0.3450989390625 0