0 0.16401069224224638 0.5130786154069791 0.09023768083635883 0.06922408510611114
0 0.330119806386422 0.655444687310972 0.09680601581733077 0.07718205547083343
0 0.2773171640676259 0.37672092847725674 0.06533583992388783 0.03274107123840277
0 0.2369865717094612 0.7303375441685762 0.05449118182494202 0.07307513050895835
0 0.18118755786929674 0.6659490422687151 0.03721083992388783 0.03208645459715278
0 0.15058881528367057 0.7018508278879165 0.03689250494291585 0.02427395459715278
0 0.18577689878176776 0.701813807086354 0.029207338935304694 0.027217116641249994
0 0.17802008999824995 0.8185109978157985 0.06408635771838496 0.11700696846486096
0 0.06497360334412278 0.8844834495631597 0.0241033448668037 0.05519664627652787
0 0.6805999674511174 0.6206994792953466 0.0818813527754692 0.09400587955902787
0 0.34418360087266486 0.8662549007418401 0.032523339923887826 0.031977351823611146
0 0.10466084444687422 0.8413322083968751 0.024774506920082207 0.033358013867708536
0 0.10865461916145358 0.9585378921924652 0.02139483893530465 0.02703527868534721
0 0.13929978269760684 0.9429667903688541 0.02139483893530465 0.02703527868534721
0 0.1734055272603994 0.9163672695672915 0.02939833992388783 0.031904616641249814
0 0.08373287361007786 0.9802317074469444 0.04177100593149903 0.029070557370694416
0 0.22590844475088537 0.9190552052627428 0.023275673916276673 0.034884146276527875
0 0.28860476292594334 0.8456527664331596 0.05621550790866543 0.03877286569131968
0 0.3268170287432742 0.9198344956315971 0.03408583992388783 0.03201371941479181
0 0.2938108691614536 0.9542283326375692 0.02439250494291585 0.023983013867708534
0 0.2636989689339921 0.6374408761405553 0.03089717292769345 0.03037848423243066
0 0.39572490174751723 0.7110030498681594 0.03603034190105418 0.04142508700597212
0 0.4445298162722537 0.6997012207459719 0.030960839923887918 0.03194098423243048
0 0.46074772387690804 0.6563142434473954 0.021649506920082117 0.03328527868534721
0 0.3945988004549229 0.6257922484813886 0.03064250494291585 0.02412848423243048
0 0.5707394891999472 0.7264793134515274 0.02464717292769336 0.03023301386770836
0 0.6253487347513229 0.7040945139646176 0.03057883794672147 0.022565984232430482
0 0.5992491497703509 0.6968820792190968 0.029589340912470875 0.03659211664125017
0 0.49987123227986496 0.6952851712590621 0.021331171939110227 0.025472778685347208
0 0.4798319407965527 0.894377287900312 0.02464717292769336 0.030233013867708537
0 0.5298146947508854 0.9119817087781247 0.021140170950527094 0.020785278685347207
0 0.39138095855386873 0.5852036160725691 0.04709517589344294 0.04480466014423605
0 0.4829927969948818 0.6073130457840968 0.02439250494291585 0.023983013867708357
0 0.5503421230786052 0.5713378717721523 0.05309050790866543 0.038700130508958354
0 0.5911103390096667 0.8042042699485412 0.029398339923887917 0.031904616641249814
0 0.4663650069944444 0.8133636772429856 0.055706171939110406 0.02627286569131968
0 0.670951689313678 0.8828910079806939 0.050793178859192524 0.058939895326597026
0 0.60797418684222 0.8726269616279161 0.024519838935304607 0.027108013867708537
0 0.609901442773719 0.9007337778323258 0.02432883794672147 0.022420513867708537
0 0.6099744496566202 0.5378882857161107 0.04052684091247105 0.03684668977951393
0 0.6806543641813567 0.5260773103173954 0.029271005931499162 0.028779616641250172
0 0.5977410465005902 0.6022962778323259 0.024265170950527094 0.020858013867708358
0 0.5412191324701453 0.6161236949104162 0.021394838935304604 0.02703527868534721
0 0.4319887125082015 0.603026242497465 0.03140650889724857 0.04287848423243048
0 0.6362809175648481 0.7804751760087149 0.04996550790866543 0.03862739532659738
0 0.8711851581733079 0.7304342359448605 0.07716467787060921 0.05487064437666671
0 0.9001033370325005 0.7876284868947909 0.03520267095052709 0.021112587005972294
0 0.8482861690477229 0.7825786174037492 0.06559050790866543 0.03899107123840295
0 0.7952394234963471 0.8049270492994787 0.025700336958138337 0.017769381458888844
0 0.7614692599601939 0.8205708863054507 0.024265170950527094 0.020858013867708535
0 0.79077209938979 0.8488225196642007 0.01626166996194378 0.015988675911805573
0 0.9369640084773192 0.8094482822976381 0.021776840912470875 0.03641027868534721
0 0.8387639304164294 0.8367576243376036 0.02439250494291585 0.023983013867708534
0 0.8065416794278463 0.8328156599568051 0.01801517095052709 0.020712543502985882
0 0.7222820845610425 0.7800374584937841 0.024456171939110226 0.025545513867708182
0 0.6956214254735136 0.8166295751350342 0.03245967292769336 0.030414851823611144
0 0.9281129318993042 0.8417159216403117 0.02139483893530496 0.02703527868534721
0 0.7889271206071473 0.5540548803215272 0.08612318380210837 0.0831774823325695
0 0.8487477895805082 0.563610411856666 0.030544345855386724 0.06002961664125017
0 0.8786117031166614 0.5480574938286452 0.018460839923887917 0.03165004350298624
0 0.846918692736538 0.49952972806107565 0.021649506920082117 0.03328527868534721
0 0.8880530287060932 0.5110841706903813 0.0457236768820259 0.049455792553055745
0 0.9622717787060932 0.5093567101093047 0.07480368182494175 0.07354790919430557
0 0.989912017318796 0.5522338879209714 0.02017596536240802 0.03223192496187508
0 0.9574808024320893 0.6220749156563882 0.030769838935304605 0.02725348423243048
0 0.9712024042189753 0.7093385263137145 0.0363486768820259 0.04923758700597212
0 0.9920567905505007 0.7713111962415964 0.015886418898998757 0.028670513867708358
0 0.8112584239534577 0.41121276368027715 0.05548067885919252 0.059048998100139014
0 0.7406130015200558 0.38548737148781187 0.05541701186299815 0.05748649810013902
0 0.8168279916342241 0.336793991928784 0.06871550790866543 0.03906380642076392
0 0.8189462485543062 0.36958830813319377 0.024519838935304607 0.027108013867708357
0 0.8582925914439435 0.41402798594486045 0.02464717292769336 0.03023301386770836
0 0.5839809995428894 0.3797491306058676 0.03721083992388792 0.03208645459715278
0 0.6637613414439436 0.41855575104683973 0.04642401384016441 0.06664329255305557
0 0.4266539777940596 0.28018815454156215 0.04020850593149898 0.02903418977951393
0 0.317085318212239 0.3163640035153817 0.07458350593149898 0.029834276785486225
0 0.2982318419382352 0.42940951738309 0.027963173916276583 0.03499324905006951
0 0.34681392197629135 0.4126389382609025 0.03695617193911023 0.02583645459715278
0 0.4040945227745941 0.49419675636517335 0.028281508897248564 0.04280574905006951
0 0.37085359984690064 0.4652547919843747 0.021458505931498985 0.028597778685347207
0 0.32379952771750997 0.5195253711065623 0.059213173916276673 0.035720600873680654
0 0.2397919422422464 0.5113147872347221 0.032841674904859806 0.039789851823611146
0 0.06842627821180151 0.5278152222645833 0.031279174904859784 0.03975348423243048
0 0.11770474212851564 0.35541223898208324 0.02451983893530465 0.027108013867708357
0 0.17796842148199973 0.41422288810840263 0.03421317391627658 0.03513871941479163
0 0.22951633402956984 0.39347332380385397 0.02783583992388783 0.031868249050069505
0 0.4792059748283101 0.2648891564414232 0.045723676882026255 0.049455792553055565
0 0.5348193048663662 0.24795492315892317 0.032587006920082116 0.03353985182361115
0 0.6025333868815886 0.24012293294256892 0.028952670950527094 0.020967116641249995
0 0.6739255672236558 0.30336650893062445 0.049867348821136304 0.07452852773541671
0 0.8371166339158391 0.2205871104698951 0.035584672927693364 0.030487587005972296
0 0.4894470909496521 0.42026698746347185 0.040081171939110406 0.02590918977951393
0 0.8221071047526355 0.08252406601697848 0.040908842889637496 0.04622168977951393
0 0.6946996877564411 0.08392552469819387 0.045978344866803765 0.05570579255305559
0 0.36586371642535315 0.22764568921083303 0.024774506920082297 0.033358013867708355
0 0.45063796444818677 0.21628865549149268 0.03552100593149898 0.028925087005972294
0 0.40468613589300545 0.2400359332269094 0.039091674904859805 0.03993532218833336
0 0.5254204471479812 0.13243902593246484 0.027708505931498983 0.028743249050069464
0 0.5822580375661607 0.16474172644555507 0.02777217292769336 0.030305749050069462
0 0.5855966017868859 0.07395307228524257 0.021394838935304604 0.027035278685347254
0 0.6120927761974542 0.11008994082635366 0.06858817391627667 0.03593880642076393
0 0.2520412969577008 0.2170010895714234 0.017662343878220542 0.05036367591180557
0 0.24205614330737926 0.27901078030086784 0.024265170950527094 0.020858013867708358
0 0.5718709772997681 0.2744622185617704 0.043651840912470874 0.03691942496187508
0 0.8448535380604522 0.16097572112722153 0.02439250494291585 0.023983013867708357
0 0.8799607085166878 0.17814438412124928 0.02439250494291585 0.023983013867708357
0 0.9053572979462838 0.20648693645795063 0.02439250494291585 0.023983013867708357
0 0.9903729557980838 0.3849736527386103 0.01925408840383227 0.07416485182361114
0 0.9284140904553604 0.40770394434173535 0.04141817885919252 0.05872168977951393
0 0.19336131672936427 0.31220579321864567 0.04377917490485981 0.04004442496187508
0 0.058396067717947454 0.32003908985576385 0.04377917490485979 0.04004442496187508
0 0.03937149509426517 0.37131130233670134 0.048403007908665405 0.038591027735416714
0 0.9431045703125 0.124799634375 0.9914364062500001 0.1626545328125 0.9918231953125 0.1632434609375 0.9900766531249999 0.144517471875 0.96885166875 0.11620354375 0.860787403125 0.0961656515625 0.7493183421875 0.0929942453125 0.6146284046875 0.08992320468750001 0.5030498421875 0.10336835625 0.3485229484375 0.13667917499999999 0.22288463281249998 0.1594948140625 0.0085686484375 0.21028970937499997 0.009659940625 0.23707191718749998 0.15495827812500002 0.19620236562499999 0.3093313578125 0.1612423875 0.47600703906249997 0.13365344375 0.6016453546875 0.1108378046875 0.6913873734375 0.11233544843750001 0.7881814265625 0.11828070312500001 0.8638193796875001 0.11088311718749999 0.9431045703125 0.124799634375
0 0.9948368421874999 0.19555499999999998 0.9928158859374999 0.1738868421875 0.9155560125 0.1318715296875 0.8584593078125 0.12457625312500001 0.7056452531249999 0.12287983437500001 0.6075111828125 0.1203578625 0.5252826390625 0.1282553109375 0.20124621406249998 0.19435248125 0.010013028125 0.2457373234375 0.0111318828125 0.273195965625 0.17347865 0.234657490625 0.31034286718750004 0.20766877187500002 0.47506327343750004 0.1769064765625 0.6080612484375 0.1618367703125 0.75068179375 0.16098466718749999 0.8384685359375 0.15930895625 0.9285181859374999 0.1641049140625 0.9948368421874999 0.19555499999999998
0 1 0.6414715359375001 0.8978514046875 0.664346209375 0.714370234375 0.7181221421874999 0.5684637703125001 0.7477896609375 0.43243483749999995 0.7979665765624999 0.1715893234375 0.8762114484374999 0.057149084375000006 0.9016719265625 0.060135142187500004 0.93368766875 0.2006588125 0.903237196875 0.3783753078125 0.8445838437500001 0.5254413890625 0.7988844562499999 0.5853364953125 0.78636975 0.7043883984375 0.7534243765624999 0.8811913796875 0.713441553125 1 0.674579675 1 0.6414715359375001
0 1 0.55907994375 0.8667729546875 0.5873159140624999 0.7197595375 0.6300218234375 0.6094114890625 0.6566602484375 0.518989021875 0.683448240625 0.2616275546875 0.7527925765625 0.047653126562499995 0.7998587125000001 0.0506942203125 0.832464546875 0.2883418515625 0.7723571578125 0.40286376874999996 0.7370980406250001 0.5774257453125 0.687320234375 0.8044048015625 0.630245203125 0.9403461328124999 0.59336153125 1 0.585167571875 1 0.55907994375
0 1 0.49440214375 0.8964659781250001 0.510326715625 0.6494417343750001 0.5659697890625 0.3717013578125 0.6401814109374999 0.1979038296875 0.69027060625 0.041252046875 0.7312279875 0.0436367 0.756795634375 0.11624034218749998 0.731894425 0.279550321875 0.695887259375 0.46689845781250006 0.6329611875000001 0.73561703125 0.5727204265625 0.875220090625 0.5355590296875 1 0.5184278203125 1 0.49440214375
0 1 0.47437758125 0.99931753125 0.47447526875 0.8619217109375 0.48785099374999996 0.7117926625 0.52285579375 0.5852341890625 0.5575530093750001 0.42829057812500004 0.5827429984375 0.23879565625 0.6384498578125 0.0389246234375 0.706273959375 0.041430460937500004 0.733140903125 0.2109099828125 0.6715678015625001 0.361038784375 0.6365603625 0.5232550828125 0.5888270171875 0.703591365625 0.545623928125 0.8682276234374999 0.5080387 0.9825622578125 0.4846055765625 1 0.4823012109375 1 0.47437758125
0 1 0.5933756796874999 0.9578042984374999 0.5986807171875 0.7785593046875 0.653612825 0.5549683140624999 0.7074759484375 0.2853719078125 0.7899293984375 0.052984699999999996 0.8570224640624999 0.055485528125 0.883835703125 0.3392284890625 0.8138926609375 0.5044720421875 0.7511656421875 0.5839285328125 0.7333301328124999 0.7413807984375 0.6977672453125 0.97504645 0.6254236578125 1 0.622085521875 1 0.5933756796874999
0 1 0.6936795109375 0.7741691515625 0.7646657015625 0.66075366875 0.78212720625 0.558779946875 0.795765965625 0.4937325125 0.8257952203125001 0.2809791171875 0.9009824734375 0.061433653125 0.9476099609374999 0.0641021234375 0.9762206062500001 0.2123602203125 0.9401421109375001 0.420212996875 0.875660865625 0.5324966078125 0.83023719375 0.610489990625 0.81251265625 0.732692046875 0.794384734375 0.8092223187500001 0.776771165625 0.9397627500000001 0.7373448406249999 1 0.714528746875 1 0.6936795109375
0 1 0.7311695515625 0.9126591484375 0.7630214343749999 0.7498960109375 0.8048916890625 0.6307593984375 0.824261921875 0.5453057203125 0.8410748187499999 0.4270278078125 0.8854783140625001 0.2967989859375 0.9440721703125 0.19006147812500002 0.9698840296875 0.06603979843749999 0.9969958640625001 0.06626459375 0.9994060687499999 0.11606208124999999 0.9982470187500001 0.168542171875 0.9921848000000001 0.2796742828125 0.9660396296875 0.4514184 0.8939627281250001 0.5378864984375 0.8564016000000001 0.5988509390625001 0.8458731875 0.7370290796875001 0.8250587484375 0.8761234890624999 0.798270246875 1 0.7527748625 1 0.7311695515625
0 1 0.769474315625 0.9831344171874999 0.7753899328125 0.8370310375000001 0.8219038515625 0.696334046875 0.847336428125 0.5831509125000001 0.8514910515624999 0.5407169578125 0.8709509953125 0.494670225 0.8833002578125001 0.337162778125 0.9498676250000001 0.22726118281250002 0.9892060671875 0.17917158125 0.9967781296875 0.2661069140625 0.9947546875000001 0.33335608906249997 0.9723024515625 0.4666503546875 0.914950909375 0.5580575078125001 0.8829224015625 0.6497786624999999 0.8700585875 0.767588996875 0.852266415625 0.8848522437499999 0.8286085125 1 0.7883298578125 1 0.769474315625
0 1 0.7993880375 0.8988539296875 0.836406059375 0.7689563453125 0.8669267796875 0.5744409640625 0.8846320796875 0.5865114671875 0.9191466437500001 0.9436913421875 0.87433998125 1 0.855567884375 1 0.7993880375
0 1 0.302322021875 0.9738508250000001 0.2963016 0.810284171875 0.2821341109375 0.620672046875 0.28913320625 0.19455878124999998 0.353929534375 0.0162405921875 0.3985726703125 0.017525134375 0.430097609375 0.20795580781249998 0.386868675 0.361423721875 0.35603773437499997 0.61635645625 0.3219382890625 0.8040952171875 0.31065152500000004 1 0.3306415796875 1 0.302322021875
0 1 0.27219889375 0.9950940765625 0.2710694859375 0.8751947734375 0.2506377640625 0.7506656359375 0.2438437921875 0.51619646875 0.2601496359375 0.3111961734375 0.2919367671875 0.0469682125 0.33707552500000004 0.0142973546875 0.35088223125 0.016100515625 0.3951349515625 0.1448997625 0.35917339375 0.43160412499999995 0.30199559374999996 0.619851784375 0.2803385703125 0.745942428125 0.2722500390625 0.8876347046875 0.273315175 1 0.295403409375 1 0.27219889375
0 1 0.3631088796875 0.9574859296874999 0.358068575 0.8236642046875 0.36231372031250003 0.616747328125 0.3735802359375 0.4197130953125 0.395903675 0.2149864671875 0.43062498906249996 0.0196810765625 0.4830082 0.020906935937500003 0.51309296875 0.021070146875 0.5148428671875 0.1446689828125 0.48319740156249996 0.31209750937499997 0.4439255828125 0.5242846812499999 0.41011854843749995 0.7226475796875 0.3862142109375 0.963931559375 0.37972581562499996 1 0.3809759921875 1 0.3631088796875
0 1 0.3317565953125 0.9009330859375 0.3210232109375 0.7710930765625 0.320536609375 0.61053693125 0.3386185546875 0.4133661125 0.35947754062500004 0.23632811406249998 0.3906213421875 0.017833956249999998 0.437676628125 0.019512101562500002 0.47886128906250003 0.0569871140625 0.460322146875 0.3573815515625 0.3917743625 0.58741768125 0.3595632 0.78169783125 0.355162340625 0.9449502375 0.35016249843749997 1 0.3526425234375 1 0.3317565953125
0 0.99544411875 0.2020660625 0.981853265625 0.192354128125 0.91444344375 0.1812279421875 0.810418946875 0.1728787984375 0.6173311203125 0.17423694218750002 0.4427706546875 0.1845215421875 0.01126069375 0.27635723125 0.0126275890625 0.3099032328125 0.2127177796875 0.2639758109375 0.3961221453125 0.222014834375 0.5745248546874999 0.2055315984375 0.817548003125 0.201863578125 0.9314145640625 0.2050365 0.9889823218749999 0.2213389109375 0.9976912390624999 0.22615910781249998 0.99544411875 0.2020660625
0 1 0.2509130453125 0.9982076734374999 0.23169617812499999 0.9361207796875 0.2238707234375 0.7993293703125001 0.2121022171875 0.6844070671875 0.2134364640625 0.5639033546875 0.218148975 0.433554690625 0.2280352703125 0.206214578125 0.27332589375 0.0992036515625 0.29620620937500003 0.012968567187499998 0.3182714515625 0.014318006250000001 0.3513890296875 0.22226704375 0.30311135 0.3622801109375 0.270345953125 0.5881953015625 0.24140228437500003 0.7132304546875 0.23782355625 0.80417241875 0.232403534375 0.93949808125 0.24428320937499998 1 0.2572001296875 1 0.2509130453125