0 0.5395900342440247 0.16829431327283836 0.06808006175762475 0.08743153349844598
0 0.3809244249145401 0.2978083771693585 0.07451191818411544 0.09397263192686944
0 0.6507739236608988 0.29942449689511885 0.03150606426490725 0.06388271753501122
0 0.32439093157845766 0.1973866920993359 0.07020485141192578 0.053202082712657715
0 0.3928741586172041 0.15598475020488778 0.03073317445232169 0.03732021753501127
0 0.3641641369095917 0.12100828266987648 0.0244831744523216 0.03702911910658786
0 0.35849915861720405 0.15438370884855893 0.024210389812585564 0.02765411910658786
0 0.2498061202165443 0.1258519863511489 0.11261967194503919 0.06297949710451589
0 0.2037925897334433 0.013403336227314391 0.05178982053311341 0.010214062034493293
0 0.36094792788404095 0.6348353422231704 0.08968227711788863 0.07907537799792799
0 0.17979383392745554 0.27357670285270286 0.030551318025830908 0.031070217535011314
0 0.05566131512283706 0.10351029776646965 0.03349446159934022 0.024965766749222996
0 0.23942020117449894 0.052613539494302045 0.03349446159934022 0.024965766749222996
0 0.1296276640274804 0.03498292969333909 0.025591033386094874 0.021476893713693723
0 0.13965588189502678 0.06674235194308009 0.025545569279472158 0.019914393713693725
0 0.15811872538939378 0.10437078453190332 0.030460389812585566 0.02794521753501127
0 0.11140050125364123 0.016140884408068806 0.027198997492717546 0.023112168320799577
0 0.08224419866721648 0.02338830417661044 0.024301318025830954 0.03077911910658786
0 0.14889683808409065 0.15244441149637403 0.03340353338609488 0.021840766749222994
0 0.2078111853393813 0.22481387117350246 0.039045779625171126 0.05487159057054054
0 0.13362352758010712 0.24717471463952717 0.0306422462390763 0.03419521753501131
0 0.10498170203242878 0.2098544971045159 0.024119461599340218 0.02452911910658786
0 0.05953882139104323 0.15845250889134016 0.02824467194503919 0.05904966832079959
0 0.4076520609662019 0.2395977708830522 0.027335389812585476 0.027799668320799588
0 0.31837294912943487 0.35043891749223005 0.04001724623907634 0.0346318651776464
0 0.32247777593075444 0.3975686286171006 0.030460389812585652 0.027945217535011224
0 0.36090377843803695 0.4212629937947471 0.03340353338609488 0.021840766749222952
0 0.3985234503830761 0.3651243097581817 0.024210389812585654 0.027654119106587948
0 0.2784656999873647 0.5120827388323482 0.030323997492717504 0.023257717535011223
0 0.2909596883088822 0.5666439602963009 0.021085389812585564 0.02750856989237622
0 0.3017751678549111 0.544460745242489 0.03358538981258565 0.02809076674922295
0 0.3178069963055833 0.45054807940288893 0.024028533386094876 0.021404119106587773
0 0.13401466950426374 0.39504928846084475 0.0271989974927175 0.023112168320799497
0 0.11001722835889464 0.44008780665780983 0.019341033386094875 0.02118579528527036
0 0.4375404862764535 0.36850617493582816 0.04346049498543501 0.04571491439185813
0 0.40307690657214 0.45060804549015804 0.02255696159934022 0.024456344499482086
0 0.426857735880742 0.5205588265074047 0.038954851411925874 0.05174659057054072
0 0.20243439740094 0.5171469203877141 0.030460389812585566 0.027945217535011224
0 0.21218513361088642 0.3971255188161376 0.0265003155185485 0.052726893713693726
0 0.1169538869760987 0.5780972289075509 0.056051423198680436 0.049422111248705033
0 0.13506504097444924 0.5202676122821623 0.02724446159934022 0.0246746683207995
0 0.10854800508107194 0.5174679439613626 0.02099446159934022 0.024383569892376045
0 0.4493033857224574 0.5826243329175455 0.033903638558944314 0.03902826674922295
0 0.4496467150310595 0.6514834948282043 0.027335389812585653 0.027799668320799498
0 0.3905194191085523 0.5595463978475228 0.02099446159934022 0.024383569892376045
0 0.3858833948936575 0.5037865494190996 0.027153533386094785 0.0215496683207995
0 0.41459707977082044 0.40420608043634615 0.04296038981258547 0.02852741439185813
0 0.2174994562555709 0.5640048037623256 0.03569345909205772 0.04691354135632882
0 0.23037021463534807 0.7938207363511489 0.05209134890464338 0.07420378742738745
0 0.17120816330256458 0.8106229385846792 0.021267246239076297 0.03375856989237604
0 0.18355505060786767 0.7626948608344202 0.03931856426490725 0.06424659057054072
0 0.17103833023303885 0.7089148893704675 0.01786946159934022 0.024238020678164496
0 0.16031979057873785 0.6739940798171735 0.01943196159934022 0.02431079528527036
0 0.13070884692608628 0.6968664995857152 0.01603417695960414 0.014790246071058633
0 0.14605739911679963 0.8415261821745386 0.03496603338609487 0.021913541356328635
0 0.1340551557807172 0.7431785734070327 0.02255696159934022 0.024456344499482086
0 0.1434899917532368 0.714672583746115 0.02081260517284953 0.018133569892376224
0 0.20495634065788013 0.6455630188161375 0.024119461599340218 0.024529119106587772
0 0.17539687279033375 0.6128939139775733 0.02742631802583091 0.030924668320799497
0 0.1159750940230924 0.8268258273359741 0.027153533386094875 0.0215496683207995
0 0.40769724426051923 0.7488828796505579 0.07883570533113407 0.08169095574818694
0 0.3896770184754141 0.8035874962759463 0.05863085391920819 0.030817660462916764
0 0.3997507004495831 0.8337844185256873 0.03018760517284953 0.018570217535011223
0 0.4496514120489234 0.8126393186495218 0.03340353338609496 0.021840766749222952
0 0.433716523489979 0.8494479598820162 0.04654003087881246 0.04429796360606986
0 0.4238581386919583 0.9193965868464868 0.07075042069139795 0.07195208271265799
0 0.37765908861281605 0.947754873240417 0.03082410266556703 0.04044521753501158
0 0.3181764400247419 0.8949166635632887 0.02742631802583091 0.030924668320799497
0 0.2345599579714305 0.8918044720831253 0.04626724623907634 0.034922963606069855
0 0.17162804895851505 0.9037372377988909 0.02724446159934022 0.0246746683207995
0 0.1695283398664573 0.9490133504953381 0.024164925705962893 0.02609161910658777
0 0.5385464274883296 0.7956573339510029 0.05770485141192587 0.0526198858558109
0 0.5731774917532368 0.7346856007002258 0.056187815518548415 0.05410961124870504
0 0.6076230364221027 0.8145208039672134 0.03936402837152997 0.06580909057054071
0 0.5764639646353481 0.8099403118250963 0.02724446159934022 0.0246746683207995
0 0.5286569504495832 0.8397883236119206 0.02719899749271768 0.023112168320799497
0 0.6017153318823916 0.5873761071103666 0.03068771034569906 0.035757717535011224
0 0.5535756970843708 0.6555417562007438 0.065335494985435 0.04673375889134022
0 0.7197104771052534 0.4575324034290942 0.0276081744523216 0.0371746683207995
0 0.7025577325155298 0.347992583536718 0.028608384798020657 0.07154966832079959
0 0.598043728754606 0.3102677975570727 0.03353992570596276 0.02652826674922304
0 0.6068133235026142 0.35839708250326074 0.02443771034569906 0.03546661910658786
0 0.5219693105704906 0.3974723910230974 0.042914925705962934 0.02696491439185813
0 0.5532336824363874 0.37154774586166156 0.027153533386094962 0.0215496683207995
0 0.509421497954936 0.31787478225559174 0.03440374373179385 0.05621576674922295
0 0.5297089173926927 0.23902419023730906 0.03836381802583091 0.03143409057054054
0 0.5391474165347628 0.07596126405862666 0.036755853919208194 0.02979881596343472
0 0.6941327817367422 0.15358761207276533 0.025636497492717503 0.023039393713693724
0 0.6302233944314392 0.19911412778853105 0.03372178213245362 0.032778266749222996
0 0.6427855789128907 0.2513315992524837 0.030414925705962936 0.026382717535011313
0 0.7259999295333935 0.5102400264646235 0.04654003087881229 0.04429796360606986
0 0.7330024358015997 0.5653277868037057 0.03211381802583091 0.031142992142117264
0 0.7303344253767585 0.6301351495001528 0.021085389812585474 0.027508569892376045
0 0.6606380393250966 0.686344454091048 0.07158549498543501 0.04702485731976367
0 0.714389861969781 0.8554797518575177 0.029079746239076342 0.03412244292790554
0 0.5787073923863751 0.49086282609311993 0.024483174452321777 0.037029119106587946
0 0.4256275756806923 0.9816813783075145 0.06726170783841656 0.03663724338497119
0 0.8463074517032243 0.8655354561579627 0.043278638558944496 0.03946491439185813
0 0.8638934199664821 0.7450966776219153 0.05283549498543536 0.04615156203449331
0 0.7774153285171792 0.4101522892849051 0.031886497492717505 0.023330492142117087
0 0.7758324449727998 0.4914386765884579 0.027517246239076344 0.034049668320799496
0 0.7607673861181689 0.44458079321384647 0.0401081744523216 0.037756865177646405
0 0.8429540973217977 0.5774896466046686 0.027335389812585476 0.027799668320799498
0 0.8048032279631834 0.624998193337681 0.028897889812585474 0.027872442927905538
0 0.8895048368969565 0.6445894094249501 0.02402853338609461 0.021404119106587773
0 0.8506325535108615 0.6631189315508568 0.03467652837152997 0.06559076674922296
0 0.8047029057142101 0.30581154569504587 0.047329641066226814 0.01780823821317572
0 0.7482172249936824 0.28440527253568204 0.020948997492717503 0.022821069892376134
0 0.7031641716158348 0.5960127065722473 0.03399456677218957 0.04215326674922295
0 0.7686454529568656 0.8728706131062227 0.024073997492717502 0.02296661910658777
0 0.7482049208244119 0.9032109305173993 0.024073997492717502 0.022966619106588128
0 0.7163638874383171 0.9220679383752823 0.02251149749271768 0.02289384449948173
0 0.5343804500538717 0.978668771297337 0.0738299565847754 0.04266245740532604
0 0.5251622259181191 0.9061217990048147 0.05577863855894449 0.04004711124870504
0 0.7239135584589195 0.23242324151843538 0.04024456677218975 0.0424443651776464
0 0.7362580972552907 0.10391725185751763 0.04024456677218975 0.0424443651776464
0 0.6916730229612537 0.07680678825144775 0.03725595909205772 0.04698631596343472
0 0.787588590625 1 0.792552484375 0.9975343734375001 0.8275271890625 0.8995610921875 0.847150115625 0.7953108953125 0.8701452156249999 0.669204890625 0.8741594375 0.5618223203125 0.8659049515625 0.4104282890625 0.86320674375 0.2881152171875 0.84590996875 0.056891403125 0.8198664703125 0.0543095875 0.838829971875 0.21754330624999998 0.8486581718749999 0.3690933453125 0.8497185625 0.53086924375 0.8524167703125001 0.6531823171875 0.8376112750000001 0.7373049890625001 0.8175707875 0.8272487249999999 0.8132352812500001 0.8997292765625 0.7883130015625001 0.971753971875 0.7569455265625 1 0.787588590625 1
0 0.7422368046875001 1 0.7857756953125 0.9445573062499999 0.801159396875 0.8921921062499999 0.82556756875 0.7487911015625001 0.8425890875000001 0.6569630765625 0.8474384390624999 0.5781934328125 0.8336593359375 0.2614109296875 0.8119373078125 0.053523532812499997 0.7866063875 0.0510123609375 0.799904625 0.227949521875 0.8048510359375 0.36158052343749997 0.8091873203125 0.52209616875 0.8035031 0.6499182828125 0.7830131265625 0.7841976703125 0.7714835265625 0.8670600921875 0.7535306 0.9508707453125 0.7192875390625 1 0.7422368046875001 1
0 0.29828270625000003 1 0.2877167203125 0.8308310703125 0.26454073437500003 0.6484766609375 0.2584252484375 0.505853721875 0.231549575 0.3687807625 0.1969141125 0.10920995468750001 0.1907864703125 0.0088860234375 0.160259146875 0.0074641890624999995 0.167161321875 0.13162054375 0.195784275 0.3094429109375 0.21680190000000002 0.4560791828125 0.2196283625 0.5146876640625 0.23283512343749999 0.632653475 0.2440379921875 0.8062128968750001 0.274711275 1 0.29828270625000003 1
0 0.3687653921875 1 0.3721132828125 0.9590242765625 0.36479020625 0.8156476187499999 0.346579578125 0.6696066203125 0.33800406875 0.5609759703125 0.3263133078125 0.47105658437500003 0.2995271703125 0.2163849359375 0.2876130296875 0.0133957921875 0.2568588875 0.0119633953125 0.2771419375 0.237940896875 0.29320064375 0.3520684125 0.313948578125 0.5253060765625001 0.3337331828125 0.7491684859375 0.3481218921875 0.88373554375 0.3456985453125 1 0.3687653921875 1
0 0.4320685078125 1 0.4327527265625 0.8576077375000001 0.41730709375 0.615155378125 0.38898638124999996 0.34043151250000003 0.3678315171875 0.167855984375 0.3530336234375 0.0164428046875 0.32911384843749997 0.0153287234375 0.34088259062500004 0.083469025 0.350361340625 0.24361447187500002 0.38156419375 0.431273653125 0.3980945125 0.69496613125 0.4121977296875 0.8330274093750001 0.40870651718750006 1 0.4320685078125 1
0 0.45051592031250004 1 0.45111064062499995 0.9608681296875 0.459044296875 0.8292189999999999 0.448540375 0.681651984375 0.4348069265625 0.5563074234375 0.434549484375 0.40412117031249994 0.410455559375 0.21575924375 0.3768761125 0.0175532875 0.3515443875 0.01637344375 0.3834766953125 0.1834970484375 0.3939831359375 0.3310643140625 0.4146516390625 0.49231905468750004 0.42835514999999996 0.6697883765625 0.439119803125 0.8314687890625001 0.44408613125 0.9432641640625 0.44261420312500005 1 0.45051592031250004 1
0 0.3372630171875 1 0.34051384375 0.89918390625 0.31561826875 0.7206025234375 0.298348128125 0.5005119062500001 0.2610615953125 0.231944259375 0.233860503125 0.010892228125 0.20800310624999999 0.009687900000000001 0.23048819062499998 0.27822359531249996 0.26480376875 0.4450587671875 0.26971330625 0.5230333234375 0.2796487609375 0.677589028125 0.3127926390625 0.9105233203124999 0.31061379843750003 1 0.3372630171875 1
0 0.2563875484375 1 0.21184728437499997 0.696227671875 0.2123590359375 0.5863853859375 0.2147573328125 0.48800016093750004 0.1962305828125 0.421353190625 0.15729081875 0.20756689218750002 0.1469541765625 0.006844500000000001 0.120187265625 0.0055978124999999995 0.130711659375 0.13589665 0.1603158375 0.3431224484375 0.186266728125 0.45699812343749996 0.1912903375 0.533576503125 0.190093528125 0.651803403125 0.195231209375 0.7269856046875 0.21281712968750002 0.8569370749999999 0.23197438125 0.950414159375 0.2279320625 0.999889178125 0.2290499546875 1 0.2563875484375 1
0 0.165027571875 0.7859816578125 0.20624119218749998 0.9977388609375 0.221850271875 0.9992862609375001 0.2164729328125 0.9502874515625 0.1927188390625 0.8267670078125 0.1776452125 0.6660669125 0.177216209375 0.5504963484375 0.174163565625 0.46706831875 0.1500668390625 0.3477414375 0.11441059218750001 0.214588546875 0.106073321875 0.1095040375 0.10005448125000001 0.0046601125 0.089962284375 0.0041900609375 0.0913420453125 0.0136456734375 0.0883157640625 0.085201034375 0.09631040156250001 0.194479109375 0.13844751718749998 0.36913217187499997 0.1608589140625 0.45729683593750003 0.16165796875 0.5165488234375 0.1606023703125 0.650289828125 0.165027571875 0.7859816578125
0 0.15649327500000002 0.907708690625 0.16317865781250002 0.9934698703124999 0.1894932140625 0.9960785546875 0.17056740312500002 0.8907888453125 0.14864013125 0.7449094234375 0.1457291859375 0.6079576875 0.1587191140625 0.5007599109374999 0.14675513125 0.45730614843749995 0.1420168734375 0.41175119843749997 0.102935203125 0.2514911203125 0.0823508375 0.1409649671875 0.0825240140625 0.0038436171875 0.0620315109375 0.0028891640625 0.06921746250000001 0.1636130921875 0.0824073453125 0.243821078125 0.11643778125 0.3796303046875 0.13290935625 0.4714311234375 0.1313129140625 0.5600332875 0.13045601406250001 0.6740688875 0.1351965046875 0.788659384375 0.15649327500000002 0.907708690625
0 0.12577398281250002 0.800405346875 0.11646630468750001 0.672682021875 0.1288558734375 0.4865268515625 0.09459883125 0.49158585625000006 0.0834099765625 0.835655809375 0.10840128125 0.9880395312499999 0.1318141578125 0.9903605593749999 0.16245995 0.990018115625 0.12577398281250002 0.800405346875
0 0.6099972375 1 0.62245454375 0.969401728125 0.6601948515625 0.818162325 0.681919803125 0.638570171875 0.6846025546875001 0.22602913125000001 0.6682905046875 0.0392831515625 0.6388004078125 0.0363596578125 0.6516288984374999 0.23262285 0.6577095703125 0.3825688765625 0.65171645 0.628530928125 0.6343029890625 0.8071430140625001 0.5829963375 1 0.6099972375 1
0 0.6405588046874999 1 0.6430097421875 0.9939795374999999 0.68012158125 0.8849480828124999 0.7051006 0.7690762890625 0.7247706578125 0.5456026859375 0.7254839093750001 0.34701995 0.7224840734375 0.090303834375 0.71107759375 0.0435248359375 0.67122715625 0.039574275 0.6870849859375 0.1783724921875 0.6980500843749999 0.4584208546875 0.69031211875 0.639402140625 0.6790944578125 0.7594556703124999 0.65694021875 0.89251255625 0.6172371171875 1 0.6405588046874999 1
0 0.5505683796875 1 0.5668162359375 0.9427509140625 0.5828020921875 0.8161275703124999 0.6030976171875 0.6194835828125 0.6115206421875 0.43011768281249996 0.6094339359375 0.2312573734375 0.5886409484375 0.031387115625 0.5587159328125 0.028420507812500002 0.57049591875 0.15554443281250002 0.5824296796875 0.3201582515625 0.582542903125 0.5258679609375 0.575408096875 0.7167715921875 0.5454890390625 0.94486418125 0.534753603125 1 0.5505683796875 1
0 0.581809325 1 0.6100936531250001 0.8963209640625 0.6299345 0.77430478125 0.6369002640625 0.6200170890625001 0.64672075 0.4307897234375 0.6438645671875001 0.25862074375 0.63175143125 0.0356608609375 0.59111115625 0.031631998437499996 0.6050958734375 0.0772565671875 0.624708778125 0.3722523109375 0.6206567609375 0.5944566953125 0.5957917359375 0.777965090625 0.5761219609375 0.932403396875 0.5622251546875 1 0.581809325 1
0 0.714826671875 1 0.7190048359375 0.9958782703125 0.739530459375 0.9345127671875 0.7629108015625 0.8382075906249999 0.7904589828125 0.6563752125 0.806847478125 0.49033904218749996 0.7840254437499999 0.0507564984375 0.7521202671875 0.047593589062500004 0.766477875 0.2595059375 0.778555365625 0.4396341125 0.76742204375 0.6104137140625 0.73459126875 0.839627675 0.7146090046875 0.9461322687499999 0.690685303125 0.9972983531249999 0.688530028125 1 0.714826671875 1
0 0.680761509375 1 0.6961960453125 0.9471244140625 0.7276833500000001 0.8206277796875 0.743584996875 0.71230863125 0.7571431843750001 0.598124684375 0.76730601875 0.47373905 0.7586565453125 0.25168553125000004 0.7531167140624999 0.14687834375 0.7438555671875 0.0467742703125 0.712966371875 0.043712078125 0.7282519734374999 0.26135144375 0.7381602921875 0.3989968640625 0.7316509515625 0.616730109375 0.7163501515624999 0.7349688359375001 0.7078704124999999 0.8214811390625 0.6764973859375 0.94657908125 0.6557546921874999 1 0.680761509375 1