0 0.1453125 0.475 0.0796875 0.06015625
0 0.28828125 0.621875 0.08671875 0.06640625
0 0.26328125 0.3546875 0.06015625 0.0265625
0 0.19453125 0.684375 0.0453125 0.06484375
0 0.146875 0.62109375 0.0328125 0.028125
0 0.115625 0.6515625 0.0328125 0.021875
0 0.14921875 0.6546875 0.025 0.02265625
0 0.13125 0.76328125 0.05078125 0.10703125
0 0.01484375 0.81875 0.0296875 0.04921875
0 0.621875 0.61328125 0.06953125 0.084375
0 0.28359375 0.82109375 0.028125 0.028125
0 0.128125 0.95703125 0.021875 0.03046875
0 0.06015625 0.7796875 0.021875 0.0296875
0 0.05390625 0.88984375 0.0171875 0.0234375
0 0.084375 0.87734375 0.01640625 0.0234375
0 0.11796875 0.85546875 0.025 0.028125
0 0.02578125 0.91015625 0.0453125 0.02421875
0 0.046875 0.93671875 0.02734375 0.02109375
0 0.1671875 0.8609375 0.01953125 0.03046875
0 0.2328125 0.79765625 0.05078125 0.03359375
0 0.2625 0.86953125 0.0296875 0.028125
0 0.22890625 0.9 0.02109375 0.021875
0 0.18203125 0.9484375 0.05546875 0.0234375
0 0.228125 0.59921875 0.02578125 0.02578125
0 0.34609375 0.678125 0.03046875 0.03671875
0 0.3921875 0.67109375 0.02578125 0.028125
0 0.41171875 0.63046875 0.01796875 0.0296875
0 0.35234375 0.59765625 0.02578125 0.02109375
0 0.509375 0.7046875 0.0203125 0.02734375
0 0.56171875 0.68828125 0.02578125 0.01953125
0 0.53828125 0.67890625 0.025 0.03203125
0 0.44453125 0.67109375 0.0171875 0.02265625
0 0.40859375 0.85625 0.0203125 0.02578125
0 0.4546875 0.8765625 0.0171875 0.01640625
0 0.35234375 0.559375 0.04140625 0.03984375
0 0.43671875 0.58671875 0.021875 0.0203125
0 0.503125 0.55859375 0.0484375 0.03359375
0 0.521875 0.77890625 0.025 0.028125
0 0.40234375 0.7796875 0.05 0.02109375
0 0.58984375 0.859375 0.0421875 0.053125
0 0.53125 0.8453125 0.02109375 0.02421875
0 0.53046875 0.871875 0.021875 0.01953125
0 0.56171875 0.53046875 0.0359375 0.03203125
0 0.6296875 0.525 0.025 0.025
0 0.5453125 0.590625 0.021875 0.0171875
0 0.490625 0.59921875 0.0171875 0.02421875
0 0.38984375 0.5796875 0.02578125 0.0390625
0 0.56640625 0.76015625 0.04453125 0.0328125
0 0.79140625 0.7296875 0.06796875 0.046875
0 0.8140625 0.7859375 0.03046875 0.0171875
0 0.76484375 0.778125 0.06015625 0.03359375
0 0.7140625 0.7953125 0.02265625 0.01484375
0 0.68046875 0.8078125 0.02109375 0.01640625
0 0.70546875 0.8359375 0.01328125 0.01484375
0 0.84609375 0.80859375 0.0171875 0.0328125
0 0.7515625 0.828125 0.021875 0.0203125
0 0.721875 0.821875 0.01484375 0.0171875
0 0.64765625 0.76640625 0.021875 0.02265625
0 0.61796875 0.7984375 0.028125 0.02578125
0 0.83515625 0.83984375 0.0171875 0.02421875
0 0.7296875 0.55859375 0.075 0.07265625
0 0.78515625 0.571875 0.02421875 0.0546875
0 0.81484375 0.559375 0.015625 0.02890625
0 0.7890625 0.51171875 0.0171875 0.0296875
0 0.8265625 0.525 0.0390625 0.04296875
0 0.896875 0.528125 0.06484375 0.06484375
0 0.9296875 0.571875 0.0375 0.028125
0 0.8828125 0.634375 0.02734375 0.02421875
0 0.8875 0.7171875 0.0296875 0.04453125
0 0.90546875 0.778125 0.021875 0.025
0 0.95078125 0.77734375 0.0234375 0.02265625
0 0.76328125 0.42578125 0.04765625 0.0515625
0 0.69921875 0.39609375 0.0484375 0.05078125
0 0.775 0.35546875 0.06171875 0.03359375
0 0.77421875 0.38671875 0.021875 0.02421875
0 0.8078125 0.43203125 0.0203125 0.02578125
0 0.55234375 0.3796875 0.0328125 0.028125
0 0.6234375 0.421875 0.0390625 0.0609375
0 0.4125 0.275 0.034375 0.025
0 0.30625 0.30078125 0.06875 0.0234375
0 0.27890625 0.40625 0.0234375 0.03125
0 0.32578125 0.39375 0.0328125 0.021875
0 0.37265625 0.47421875 0.0234375 0.0390625
0 0.34375 0.4453125 0.01875 0.025
0 0.2953125 0.49296875 0.053125 0.0296875
0 0.215625 0.47890625 0.028125 0.0359375
0 0.05390625 0.4828125 0.0265625 0.034375
0 0.11484375 0.32421875 0.0203125 0.0234375
0 0.16640625 0.3828125 0.0296875 0.03125
0 0.21640625 0.3671875 0.0234375 0.028125
0 0.46328125 0.2640625 0.0390625 0.04375
0 0.5171875 0.25234375 0.028125 0.0296875
0 0.58125 0.25 0.025 0.01875
0 0.64375 0.3140625 0.040625 0.06875
0 0.8046875 0.24765625 0.03125 0.0265625
0 0.459375 0.4109375 0.034375 0.021875
0 0.971875 0.521875 0.05625 0.0625
0 0.80234375 0.1171875 0.0359375 0.040625
0 0.68203125 0.109375 0.0390625 0.05
0 0.36015625 0.221875 0.0203125 0.0296875
0 0.440625 0.2171875 0.03046875 0.025
0 0.3953125 0.23515625 0.034375 0.03671875
0 0.51875 0.14296875 0.02421875 0.025
0 0.56875 0.178125 0.02421875 0.02578125
0 0.58046875 0.0921875 0.01796875 0.02265625
0 0.60234375 0.128125 0.06171875 0.0296875
0 0.25390625 0.203125 0.0125 0.046875
0 0.23828125 0.26015625 0.0203125 0.01796875
0 0.55 0.2796875 0.03828125 0.03203125
0 0.8171875 0.19296875 0.0203125 0.021875
0 0.84921875 0.2109375 0.0203125 0.021875
0 0.8703125 0.23984375 0.0203125 0.0203125
0 0.96328125 0.415625 0.06796875 0.06796875
0 0.87421875 0.43046875 0.034375 0.05234375
0 0.18984375 0.28828125 0.03828125 0.03671875
0 0.0625 0.28671875 0.03828125 0.03671875
0 0.03984375 0.3328125 0.04296875 0.034375
0 0.3125 0.1546875 0.471875 0.140625 0.5921875 0.128125 0.6765625 0.1359375 0.7671875 0.1484375 0.8390625 0.146875 0.9125 0.165625 0.9546875 0.2046875 0.9974999999999999 0.284375 0.9734375 0.2171875 0.9375 0.159375 0.8375 0.1328125 0.7328125 0.121875 0.60625 0.109375 0.5 0.1140625 0.3515625 0.134375 0.23125 0.146875 0.003125 0.1828125 0 0.209375 0.1640625 0.1765625 0.3125 0.1546875
0 0 0.2421875 0.178125 0.2140625 0.309375 0.1984375 0.4671875 0.18125 0.59375 0.1765625 0.728125 0.1859375 0.8109375 0.190625 0.8953125 0.2015625 0.9578125 0.2375 0.9974999999999999 0.2953125 0.9953125 0.28125 0.9578125 0.2171875 0.8859375 0.1703125 0.8328125 0.159375 0.6890625 0.146875 0.596875 0.1375 0.51875 0.1390625 0.2078125 0.178125 0 0.2171875 0 0.2421875
0 0 0.865 0.145 0.845 0.3175 0.8025 0.45999999999999996 0.77 0.5175 0.7625 0.6325000000000001 0.74 0.8025 0.7150000000000001 0.9974999999999999 0.6675 0.9949999999999999 0.645 0.8225 0.67 0.645 0.7075 0.505 0.725 0.3725 0.7625 0.12 0.8175000000000001 0 0.8347225 0 0.865
0 0 0.7694449999999999 0.2390625 0.728125 0.35 0.703125 0.51875 0.66875 0.7375 0.63125 0.86875 0.60625 0.9974999999999999 0.5984375 0.9974999999999999 0.5765625 0.940625 0.5765625 0.8 0.5953125 0.6578125 0.625 0.5515625 0.6421875 0.4640625 0.6609375 0.215625 0.7078125 0 0.738235 0 0.7694449999999999
0 0 0.6986100000000001 0.080555 0.6777775 0.2375 0.655555 0.41944499999999996 0.6097225 0.6777775 0.5722225 0.8125 0.5472225 0.9958325 0.5361100000000001 0.9974999999999999 0.5125 0.8347225 0.525 0.5972225 0.5597225 0.3291675 0.6097225 0.16111 0.6444449999999999 0 0.67361 0 0.6986100000000001
0 0.319445 0.6055550000000001 0.47639 0.5722225 0.65 0.544445 0.8083325 0.5208325 0.9180550000000001 0.506945 0.993055 0.5027775 0.9974999999999999 0.49444499999999997 0.9347225 0.49861000000000005 0.8041674999999999 0.50139 0.6597225 0.52361 0.5375 0.5472225 0.3875 0.5597225 0.2041675 0.5986100000000001 0.0027775 0.65 0 0.6763899999999999 0.175 0.6277775 0.319445 0.6055550000000001
0 0 0.818055 0.2833325 0.7708325 0.444445 0.7236100000000001 0.5208325 0.7125 0.6722225 0.6902775 0.89861 0.63889 0.9958325 0.6333325000000001 0.9974999999999999 0.606945 0.8847225 0.6125 0.71111 0.6513899999999999 0.4958325 0.68611 0.2347225 0.744445 0 0.7930550000000001 0 0.818055
0 0.3541675 0.8347225 0.46388999999999997 0.8 0.53889 0.78889 0.655555 0.780555 0.7291675 0.7694449999999999 0.8555550000000001 0.7416674999999999 0.9458325000000001 0.7152775 0.9974999999999999 0.7152775 0.9972225 0.68611 0.6972225 0.755555 0.5888899999999999 0.76389 0.4916675 0.7694449999999999 0.42777750000000003 0.7930550000000001 0.2208325 0.8486100000000001 0.0027775 0.8777775 0 0.905555 0.1527775 0.880555 0.3541675 0.8347225
0 0 0.9375 0.036109999999999996 0.9291674999999999 0.106945 0.9263899999999999 0.21389 0.9097225 0.381945 0.8541675 0.46666749999999996 0.825 0.525 0.819445 0.656945 0.8097225 0.7902775 0.794445 0.9974999999999999 0.73611 0.9974999999999999 0.7208325 0.9472225 0.7305550000000001 0.8277775 0.76389 0.6708325 0.7916675 0.556945 0.8013899999999999 0.475 0.81111 0.3597225 0.844445 0.23194499999999998 0.8902775 0.1291675 0.906945 0 0.925 0 0.9375
0 0.6166674999999999 0.8277775 0.5097225 0.8236100000000001 0.468055 0.8388899999999999 0.42361000000000004 0.8472225 0.269445 0.89861 0.1625 0.9277775 0.006945 0.9402775 0 0.9625 0.18611 0.93889 0.26389 0.919445 0.394445 0.875 0.48333250000000005 0.85139 0.5708325000000001 0.8458325 0.6833325 0.8375 0.7958325 0.8236100000000001 0.9111100000000001 0.7930550000000001 0.9974999999999999 0.7791675 0.9974999999999999 0.7527775 0.893055 0.780555 0.75139 0.81389 0.6166674999999999 0.8277775
0 0.506945 0.8875 0.8472225 0.8708325 0.9974999999999999 0.8333325 0.9916674999999999 0.780555 0.8083325 0.8319449999999999 0.6833325 0.85139 0.49861000000000005 0.8541675 0.506945 0.8875
0 0 0.38889 0.1972225 0.3597225 0.344445 0.3416675 0.5875 0.3277775 0.7652775 0.33055500000000004 0.9974999999999999 0.3722225 0.9974999999999999 0.35139 0.9263899999999999 0.3291675 0.77361 0.30416750000000004 0.594445 0.2972225 0.1875 0.3277775 0 0.3597225 0 0.38889
0 0 0.35694499999999996 0.1402775 0.3291675 0.4152775 0.2958325 0.594445 0.28889 0.7138899999999999 0.2902775 0.8472225 0.30139 0.9974999999999999 0.343055 0.9974999999999999 0.32222249999999997 0.9486100000000001 0.30694499999999997 0.8375 0.2791675 0.7208325 0.26389 0.49861000000000005 0.2625 0.30277750000000003 0.2777775 0.05 0.30139 0 0.31805500000000003 0 0.35694499999999996
0 0.1291675 0.4458325 0.2902775 0.42083250000000005 0.493055 0.40416749999999996 0.681945 0.3958325 0.9097225 0.406945 0.9974999999999999 0.41666749999999997 0.9974999999999999 0.40416749999999996 0.905555 0.38611 0.7791675 0.38055500000000003 0.5833325 0.37639 0.3958325 0.38333249999999996 0.2 0.40138999999999997 0 0.43888999999999995 0.0027775 0.468055 0.1291675 0.4458325
0 0 0.4375 0.04861 0.418055 0.3375 0.375 0.556945 0.36111 0.7402775 0.3708325 0.8944449999999999 0.3777775 0.9974999999999999 0.3902775 0.9974999999999999 0.37361 0.8555550000000001 0.3472225 0.7333325 0.3375 0.580555 0.343055 0.39305500000000004 0.34861 0.22361 0.36527750000000003 0 0.3958325 0 0.4375
0 0.38889 0.21805500000000003 0.5583325 0.2152775 0.7875 0.22916750000000002 0.8944449999999999 0.2402775 0.9472225 0.25972249999999997 0.9974999999999999 0.293055 0.9791675 0.2625 0.943055 0.23194499999999998 0.880555 0.2166675 0.7833325 0.20139 0.60139 0.18889 0.43611000000000005 0.18611 0.00139 0.24444499999999997 0 0.27639 0.2125 0.24444499999999997 0.38889 0.21805500000000003
0 0 0.3152775 0.21805500000000003 0.281945 0.3527775 0.26111 0.568055 0.25 0.68611 0.25555500000000003 0.7722225 0.256945 0.89861 0.2777775 0.9974999999999999 0.30694499999999997 0.9974999999999999 0.3 0.9652775 0.2722225 0.8972225 0.25833249999999996 0.7694449999999999 0.2375 0.6611100000000001 0.230555 0.5472225 0.22639 0.42361000000000004 0.22639 0.20555500000000002 0.2527775 0.10277750000000001 0.2666675 0 0.2847225 0 0.3152775