0 0.1667361876484315 0.5627653023577273 0.09653274881887364 0.0835075197716634
0 0.34854423755576425 0.6609760147915666 0.10461806733052796 0.09163835475263546
0 0.24595491777816564 0.41167103456323006 0.06709821996293312 0.044861513840164416
0 0.2765452411839614 0.7499695306088974 0.06511905771188112 0.07754667984777566
0 0.21229920270937397 0.702516210456673 0.0418799651536097 0.037592841901054184
0 0.19097976341647996 0.7417206319014917 0.040099210344286276 0.031279174904859805
0 0.22360129045832194 0.7349148749814095 0.030669646641955418 0.029334672927693362
0 0.2391940633238127 0.8453748725099516 0.08221727767481415 0.12037084980971961
0 0.14442968954734808 0.9321665597721009 0.03628472958157998 0.05608817391627667
0 0.6694346017135822 0.5524526130812303 0.09255457694917482 0.10362901878308044
0 0.40302095034712127 0.8543466714076378 0.03557540145127884 0.035775673916276673
0 0.17476946477509153 0.8824238863501159 0.0309424651536097 0.03714717292769336
0 0.201026919128928 0.9846257149052974 0.024037700725639422 0.01814250494291585
0 0.22709834580795035 0.9694808759699927 0.02436508293962447 0.027517504942915848
0 0.25415935361249864 0.9378661200384937 0.032450401451278844 0.03564833992388792
0 0.30310528510084433 0.9280481096583703 0.027762901451278844 0.0354573389353046
0 0.3472248181331361 0.8472318497725386 0.06101191106992569 0.04929434585538672
0 0.3970363343752049 0.9070087563886096 0.0387549651536097 0.03746550790866543
0 0.37340042693347636 0.9470899283277199 0.02749008293962456 0.027644838935304606
0 0.2835095145976063 0.6581494451336338 0.03234127404661713 0.032523339923887916
0 0.42183789381636655 0.6986723329666246 0.04215278366526398 0.045405341901054184
0 0.4633433475372309 0.677422074069376 0.032450401451278844 0.03564833992388792
0 0.47116328202080143 0.6325088220922096 0.027762901451278844 0.0354573389353046
0 0.40340286314632745 0.6188402529285686 0.030669646641955418 0.029334672927693362
0 0.5868626930907272 0.6747361313700191 0.027708337748947896 0.03389483893530461
0 0.6326737008952754 0.6423573714841874 0.030560519237293703 0.026209672927693363
0 0.6075918553417792 0.6410322934232976 0.03406746515360979 0.03727450692008212
0 0.514414774216253 0.6612585631949611 0.02436508293962447 0.027517504942915848
0 0.5335715459006176 0.851374227225406 0.027599210344286362 0.030769838935304605
0 0.5846256144122719 0.8571175498490881 0.022638891832631992 0.02276633794672165
0 0.39193708429038693 0.5817540884038321 0.05330853847458741 0.05210101087441501
0 0.4819172435462141 0.5819994861226545 0.027435519237293704 0.026082338935304605
0 0.5373661461786192 0.5343631407615592 0.05783234736759475 0.04760451186299815
0 0.6205134959932848 0.7422127914461312 0.032450401451278844 0.03564833992388792
0 0.5059797700399019 0.7781741491645162 0.055887901451278844 0.036603344866803764
0 0.7101141985330227 0.7988036896592453 0.05843254809323426 0.06479201186299796
0 0.649258544086519 0.8036304525108265 0.029161710344286364 0.03083350593149916
0 0.6571900951749781 0.8291252010279517 0.027380955534962937 0.024519838935304607
0 0.5867014580668515 0.4908877133852415 0.043551592558271325 0.04078150889724856
0 0.6506994706807233 0.46402678304317424 0.03234127404661713 0.032523339923887916
0 0.5873215061600858 0.5534513803814359 0.027380955534962937 0.024519838935304607
0 0.5381399616950487 0.5789262242596565 0.02603671034428636 0.030706171939110228
0 0.43447924835553753 0.5901913295065835 0.03595734736759475 0.046713173916276676
0 0.6585392856489986 0.7109336165412714 0.05152778366526398 0.045787343878220456
0 0.8671479046161398 0.6132442385569314 0.08030754809323426 0.06568334980971961
0 0.9055854112395618 0.6609668141463632 0.035302582939624474 0.027963173916276673
0 0.8557763841977197 0.6684729080245837 0.06887897477225664 0.05117518083635879
0 0.810719344542006 0.7000385844123183 0.025709328130301044 0.021331171939110227
0 0.7825497045234725 0.7223101738419145 0.02576389183263199 0.022893671939110228
0 0.8152902826537737 0.7413175004199295 0.01627976442797028 0.019386669961943957
0 0.943549202709374 0.6727200562376978 0.027817465153609788 0.037019838935304604
0 0.8576042682258034 0.7208166580245837 0.027435519237293704 0.026082338935304605
0 0.8271900819281341 0.7236206644503744 0.021076391832632168 0.022702670950527092
0 0.7392436486256899 0.6919979327391631 0.02749008293962447 0.027644838935304606
0 0.7202952411839614 0.7318881036896902 0.03546627404661713 0.03265067391627667
0 0.9423785723094873 0.7064093067319893 0.02603671034428636 0.030706171939110405
0 0.7572222891923776 0.4675099273019557 0.0953521947351895 0.09438135277546919
0 0.8141716936388812 0.46284233194086033 0.04119048439090349 0.0625291749048598
0 0.8392708973597456 0.4422605765036529 0.024583337748947897 0.033767504942915846
0 0.7995982729503088 0.4039766679104154 0.027762901451278844 0.0354573389353046
0 0.8403324003549706 0.40544632600936126 0.051855165879248946 0.05516234387822046
0 0.9093452951828273 0.3877693946787109 0.08247024881887341 0.08293451680591399
0 0.9534871647829407 0.41961230228336516 0.045059528855940556 0.03928267589344294
0 0.9271454087924911 0.4942276417129614 0.03546627404661713 0.03265067391627667
0 0.9564906576113646 0.5728328027776567 0.043933538474587405 0.051719008897248564
0 0.9887066410104008 0.6261514623594773 0.022586717979198312 0.03083350593149916
0 0.7500223696849314 0.3285429277962472 0.06161211179556503 0.0664818458553869
0 0.6800818919174499 0.31965735912689763 0.06155754809323426 0.0649193458553869
0 0.7412897212288774 0.2577038457810248 0.07049603847458741 0.05280134783255326
0 0.7486037134243292 0.28791792779624725 0.029161710344286183 0.030833505931498983
0 0.7951438967267734 0.3212278349066099 0.027599210344286362 0.030769838935304696
0 0.5324355656012474 0.3483619737653648 0.04031746515360979 0.03752917490485981
0 0.6136682074338793 0.36695812346135365 0.05714286660488845 0.07254084486680376
0 0.36683535825218605 0.28860892486767875 0.040208337748947984 0.03440417490485981
0 0.2710342741314351 0.3457131121298282 0.07329365626060227 0.043553681824942014
0 0.2756622651457604 0.45583752863173094 0.03250496515360961 0.03721083992388792
0 0.3177852777596322 0.42986793623638525 0.038536710344286275 0.03121550790866543
0 0.38651048510869357 0.49356833889812357 0.03439484736759475 0.046649506920082115
0 0.350617625127227 0.47390709631249744 0.026036710344286274 0.030706171939110228
0 0.3175347958157995 0.5347146037268712 0.060848219962933034 0.0446068458553869
0 0.2365303324762884 0.5450565375289795 0.037410719962933034 0.043651840912471054
0 0.08110871169504864 0.597548820646516 0.03579365626060225 0.04202567391627667
0 0.09313001814098534 0.4265041501902804 0.025982146641955396 0.029143671939110403
0 0.1610640518062493 0.46754830285201876 0.03880952885594056 0.03902800790866543
0 0.20380462331312849 0.43685937695857574 0.030833337748947986 0.03402217292769336
0 0.4128919027172232 0.26326141498184696 0.05185516587924912 0.05516234387822054
0 0.46042910162876416 0.23550648809982086 0.03562996515360979 0.037338173916276585
0 0.5222743372007937 0.21420980825204522 0.030560519237293703 0.02620967292769345
0 0.602008966419554 0.25712020844232564 0.06048612141421188 0.07891817885919253
0 0.7373338528098905 0.1444225957810248 0.03870040145127884 0.03590300790866543
0 0.4515327951828274 0.4064238245636676 0.04009921034428636 0.031279174904859805
0 0.9707552326192139 0.3584373803442548 0.05848953476157206 0.0761751808363588
0 0.6969766929210911 0.022233179069157234 0.04700397477225664 0.04446635813831447
0 0.5774826484560539 0.04766429540046393 0.05363592068857255 0.06147601087441492
0 0.29987354754508005 0.2530016887078432 0.027762901451278844 0.0354573389353046
0 0.376316996456621 0.2240689223962208 0.03708333774894799 0.03427684091247096
0 0.3383184886520726 0.25612934730108056 0.04376984736759475 0.04703150889724857
0 0.43012898801910043 0.12955757703512552 0.03234127404661713 0.032523339923887826
0 0.48865081614940153 0.14751439817593304 0.0323958377489479 0.03408583992388783
0 0.47471231252120455 0.06202256714929377 0.02436508293962447 0.027517504942915872
0 0.5062177728654907 0.09046856072350314 0.07033234736759475 0.048113847832553215
0 0.1916071797590652 0.2668015449433534 0.025128974772256552 0.049392504942915846
0 0.19370788229880315 0.32695779494335336 0.02581845553496285 0.024456171939110226
0 0.5009003342055689 0.2518517296968639 0.04673115626060227 0.04247134288963732
0 0.7329985276748141 0.08748684627531637 0.025927582939624473 0.02758117193911027
0 0.7692634098887993 0.09539750536284537 0.025927582939624473 0.02758117193911027
0 0.7989608335725966 0.11687591593324913 0.025873019237293703 0.026018671939110227
0 0.9376562897405318 0.25752613775862865 0.08732143992586643 0.08781301779449713
0 0.8577703822988031 0.29989932156073695 0.04900298439090349 0.0628475098858317
0 0.1552827885594054 0.3692063033463103 0.048511911069925695 0.0487850098858317
0 0.034499062606022514 0.4054223290494729 0.042261911069925676 0.04853034190105419
0 0.0323388510806099 0.45558149653995894 0.03434028366526396 0.04508700692008212
0 0.81735410625 0.032704007812500005 0.86967373125 0.057694065625 0.930810890625 0.11796264062499999 0.9301231812499999 0.1157167890625 0.891490415625 0.06410964062499999 0.8396710296875 0.019142835937499998 0.735166359375 0.023628164062500002 0.6307482359375001 0.0446039140625 0.504725034375 0.07066031874999999 0.4034139375 0.10718527343749999 0.26594364062500003 0.1714952484375 0.1533490203125 0.21979497343749999 0.010139025 0.29034366718750004 0.0110211046875 0.31560314375 0.09718153125 0.26868046562500003 0.2341901015625 0.20286263125 0.38407897812499997 0.1412898359375 0.49667359843750003 0.09299011093750001 0.5805351562500001 0.0751165515625 0.671822853125 0.059884139062499994 0.7408321359375 0.0367282921875 0.81735410625 0.032704007812500005
0 0.8823904671875 0.0884178984375 0.9343418953124999 0.1294938359375 0.9311047484375001 0.11892229531250001 0.876388021875 0.06881572500000001 0.793065215625 0.0452279296875 0.7384849906250001 0.0506736 0.59584915625 0.08190670156249999 0.503974675 0.1006254421875 0.42892443281250003 0.1256637234375 0.13992996093750001 0.2570112890625 0.0113535046875 0.3251218421875 0.012383245312500001 0.354609746875 0.121855121875 0.300633615625 0.2440979640625 0.24602391250000002 0.39155315 0.1819060078125 0.512497359375 0.1392631453125 0.645148303125 0.10783797656250001 0.7265761703125 0.08741930625 0.8113611828125 0.07256146718749999 0.8823904671875 0.0884178984375
0 1 0.48897017500000006 0.8794096359375001 0.5465480890625 0.7189278796874999 0.6361978359375 0.58878176875 0.6952523765625 0.4717949078125 0.7713486015625 0.243992996875 0.9004755781249999 0.1377166578125 0.951040078125 0.14667206875 0.9802857484375 0.2762832140625 0.91948416875 0.430454678125 0.8265152203125 0.5585845984375 0.7522322531250001 0.61194511875 0.7276761375 0.7164498765625 0.6713261796875 0.8733762953124999 0.5959982296875 1 0.52009221875 1 0.48897017500000006
0 1 0.41019671874999997 0.9659724875 0.42080009531250007 0.8355916625 0.48124916874999996 0.70693268125 0.552723865625 0.609315396875 0.60131169375 0.530282709375 0.64576008125 0.30400644374999997 0.7658226046875 0.1092077140625 0.8579384703124999 0.118383509375 0.8879038484375 0.3326624796875 0.7783656515625 0.43250184999999997 0.7208267015625001 0.5854497203125 0.6368280828125 0.7858017984375001 0.5347542734374999 0.9052742796875 0.4710974140625 1 0.4351744671875 1 0.41019671874999997
0 1 0.343913396875 0.9996547609374999 0.34278595 0.8483751125 0.40293744218749994 0.6290793984375 0.5079781828125001 0.38476522968750004 0.6369650109375 0.23258938593749998 0.7210904046875 0.09005169843750001 0.7953807078125 0.0973246890625 0.8191320921875 0.16457861406250002 0.77751958125 0.30970744375 0.7088040296875 0.4720232359375 0.609774384375 0.710633903125 0.49577874531250005 0.8334627421875 0.43107600625 1 0.367932309375 1 0.343913396875
0 0.3741363984375 0.6358715609375001 0.515982171875 0.5564345265624999 0.6755770828125 0.47733891093749997 0.82163625625 0.40686406875000003 0.923585065625 0.360414959375 0.9948450359375001 0.33380399375 0.9956475546875 0.32969962656249996 0.9943117000000001 0.32533712812500004 0.9372320546875 0.34735136093749996 0.81186520625 0.3893559265625 0.67881755 0.454304196875 0.5676606140625 0.5139030921875001 0.4263714453125 0.5711443765625 0.2606622796875 0.6638897890625 0.08317470625 0.772922525 0.0907302375 0.797596609375 0.2410894828125 0.70082224375 0.3741363984375 0.6358715609375001
0 1 0.4439511078125 0.9225594562499999 0.472318103125 0.7662459296875 0.56213836875 0.5684287046875001 0.6604835125 0.33329028125 0.79542210625 0.125309771875 0.9105229312500001 0.132757128125 0.93484375 0.38807206875 0.8062460171874999 0.5298413890625 0.712149509375 0.600390909375 0.67842091875 0.740150540625 0.6113784765625 0.9437808406249999 0.49360247968750004 1 0.4725066703125 1 0.4439511078125
0 1 0.5404541468749999 0.7836041953125 0.6668434921874999 0.681358103125 0.70751561875 0.5890289156249999 0.742158746875 0.5342527046875001 0.784186096875 0.35064613125 0.90012798125 0.15056382968749998 0.992995065625 0.151257275 0.99525965 0.2116141625 0.9928002953125 0.294307259375 0.9514533125 0.4754176765625 0.8465670390625 0.571209640625 0.780011528125 0.6404180687500001 0.7467008390625 0.7507179640625 0.703519053125 0.8185853015625 0.6706262640625 0.9325371546874999 0.6057535656249999 1 0.56104604375 1 0.5404541468749999
0 1 0.5789424125 0.9122555828125 0.6355652359375 0.768768278125 0.7096415265625 0.6615629984375 0.753325740625 0.5852311046875001 0.787386796875 0.4836599265625 0.8542764343749999 0.37369990625 0.9369914046875 0.27928531562500003 0.9840315374999999 0.265323759375 0.9906117968749999 0.30535698125 0.9889805687500001 0.36199488281250003 0.9611943875 0.5080122031250001 0.8569657609375 0.5812818656250001 0.8033007265625001 0.6360217984375 0.780370853125 0.7606806140625 0.7312479125 0.8850389906249999 0.67634633125 1 0.6017952515625 1 0.5789424125
0 1 0.6195943765624999 0.9802743484375 0.6319865703125 0.853198246875 0.7068238421874999 0.7270856109375 0.7608026875 0.6224860624999999 0.7889916234375 0.5867275203125 0.8162870921875 0.5462313609375 0.83771456875 0.412407946875 0.933737915625 0.3270787421875 0.9880954750000001 0.36191983906249997 0.9866758093750001 0.413195590625 0.9555174234375 0.526250225 0.8733048812499999 0.60518785 0.823748546875 0.6881189859375 0.7920313218749999 0.7943939265625 0.7501064000000001 0.899026596875 0.702818325 1 0.63950145 1 0.6195943765624999
0 1 0.651185009375 0.9135715453125 0.7070969828125 0.798498490625 0.7635106671874999 0.6207751312500001 0.821827496875 0.638681271875 0.8514839484375001 0.96265225 0.732911334375 1 0.710238584375 1 0.651185009375
0 0.724049528125 0.20823388125000003 0.54882474375 0.25549434375 0.16451990625 0.40754835937499995 0.016852451562500002 0.482591084375 0.0179840421875 0.514995584375 0.1833571265625 0.43544793125 0.32032016093750004 0.37368245624999996 0.551141184375 0.2870725984375 0.7237933609375 0.236208271875 0.9580127765625001 0.20679579218750002 0.9517583546875 0.18637073906249998 0.8791071515625 0.1863439140625 0.724049528125 0.20823388125000003
0 0.8940171031249999 0.15820610625 0.7784149874999999 0.1648651375 0.661135065625 0.1852609046875 0.44593444531250004 0.2508505734375 0.26116649375 0.3245764953125 0.0238212046875 0.42349717187499997 0.0150096265625 0.4298194765625 0.0167172734375 0.47872006562499997 0.1192875984375 0.42311266718749996 0.37523907031250003 0.30811630624999997 0.5463624484375 0.2474532328125 0.66222240625 0.21281664375 0.7943791625000001 0.1833822046875 0.9493213656249999 0.1784122703125 0.9431392296875 0.158223278125 0.8940171031249999 0.15820610625
0 0.48242869375 0.38923707812499997 0.6625378921875 0.3243018875 0.8859807625 0.2664216140625 0.9711972234375 0.2498522171875 0.96744015 0.23758274687499997 0.87579580625 0.24757041875 0.7519940328125 0.2802762546875 0.561478309375 0.3352403296875 0.382301128125 0.3984130640625 0.1983546796875 0.4748217671875 0.020681207812499998 0.5688376125 0.029461171874999997 0.597510325 0.14302428125 0.5390441140625 0.2913580421875 0.46639373749999996 0.48242869375 0.38923707812499997
0 0.9584180109375 0.20811916406250003 0.8159766953125 0.225102284375 0.6949691015624999 0.2525319015625 0.54894305 0.30390760625 0.3693558546875 0.3657413609375 0.21050357812499998 0.43286103750000005 0.0182548875 0.5227515609375 0.0197590875 0.5658262453125 0.019956451562499998 0.5664707765625 0.056952781249999994 0.5365010578125 0.32345736875000003 0.40794108125 0.5314580703125 0.32844230625000004 0.7115317328125 0.28260700625 0.8625951031250001 0.24287552343750002 0.9633910671875 0.22435966718749997 0.9584180109375 0.20811916406250003
0 0.9335196375000001 0.1268085953125 0.9104188328125 0.10611174999999999 0.8664850281250001 0.0875019578125 0.8015608765625 0.09158305 0.7030755796875 0.10612219062499999 0.5235246640625 0.148858465625 0.362951246875 0.195956265625 0.012528910937500002 0.3587810609375 0.0137016859375 0.3923649703125 0.1640585671875 0.31960025625 0.326750509375 0.24100631562500002 0.4897049359375 0.1872916609375 0.71531208125 0.1316731046875 0.821963171875 0.11018388906250001 0.878721528125 0.11305287500000001 0.9342611640625 0.12923019375 0.9335196375000001 0.1268085953125
0 0.936166371875 0.1354520296875 0.899866459375 0.11967777500000001 0.829983115625 0.126770953125 0.7003232578125 0.1451521921875 0.593559434375 0.1710794125 0.48225032968750003 0.2013617703125 0.362772271875 0.23859254531250002 0.1598081515625 0.32973313125 0.06457279375 0.3740928921875 0.013972984375 0.40013389843749997 0.015177653125000001 0.4346311359375 0.18050920625 0.354115778125 0.3045688265625 0.2934323875 0.509362921875 0.21787160156250002 0.6251108875 0.187675428125 0.708753953125 0.1630806484375 0.8370703015625001 0.1451180609375 0.938637609375 0.14352234218749998 0.936166371875 0.1354520296875