0 0.16292835330694175 0.48401821984821314 0.08542284684397003 0.06743685079830275
0 0.3195351334587285 0.6208431047154545 0.09192751482874764 0.07394151878308045
0 0.2734599936113904 0.3543068621298282 0.06364600593149898 0.030671679847775656
0 0.22930406429508743 0.6918187909890208 0.05117518083635879 0.06916117688202625
0 0.17675738444731173 0.6313561348672412 0.03714717292769345 0.031151840912470873
0 0.14678072437119954 0.6638794747911291 0.03533000494291585 0.024838173916276674
0 0.18046997486549116 0.6648543843729496 0.025955004942915895 0.024456171939110226
0 0.17089599809719574 0.7755836373386991 0.0591441897336074 0.11160334486680376
0 0.058471593952582626 0.8396381615589869 0.028663510874414922 0.052644838935304604
0 0.6546449625082015 0.5868422005336603 0.07700285178688589 0.0904923488211363
0 0.32927884246970784 0.82156068771926 0.03089717292769345 0.03089717292769336
0 0.18279245611959188 0.9715182198482133 0.02471083992388783 0.03220500494291585
0 0.10059808554962564 0.798011735665544 0.02471083992388783 0.03220500494291585
0 0.10277469227942744 0.9090447361598356 0.02126750494291585 0.024265170950527094
0 0.1326704393136779 0.893740729734045 0.019705004942915848 0.024201503954332536
0 0.16534101786885924 0.8697156393158656 0.02777217292769345 0.030769838935304605
0 0.07632228022614891 0.9320339085932374 0.04795733893530465 0.0284725098858317
0 0.10002903566335637 0.9568919871484187 0.029080004942915894 0.02458350593149916
0 0.21550018535934523 0.871584545437645 0.02158583992388783 0.03207767095052709
0 0.2768568380210835 0.8025679485936749 0.05458934091247105 0.03810217787060921
0 0.31178493634792837 0.8723565251716898 0.03402217292769336 0.03102450692008212
0 0.28027760976991345 0.905724782091772 0.02276633794672147 0.02276633794672165
0 0.23703428714623112 0.9583523749814095 0.05883117193911023 0.027355678859192524
0 0.2562074625082015 0.6030772845632301 0.027644838935304606 0.027644838935304606
0 0.3811703118236295 0.6738925088600676 0.03440417490485981 0.040399506920082116
0 0.42766330984646306 0.6626074989742359 0.02777217292769336 0.030769838935304605
0 0.4439448844473118 0.6204690785180003 0.021585839923887917 0.03207767095052709
0 0.3817340445234239 0.5917020913695815 0.02595500494291585 0.024456171939110406
0 0.5476229827741566 0.6874563072634621 0.02302100593149916 0.029016337946721472
0 0.5999839788198239 0.6665416293928528 0.02582767095052709 0.021331171939110227
0 0.5754468938388518 0.6597159678338658 0.02789950692008212 0.03389483893530461
0 0.48072464285026867 0.6588803211036265 0.01964133794672147 0.022639003954332715
0 0.45792776589169293 0.8484030775294172 0.022893671939110405 0.02589133794672165
0 0.5063480198460255 0.8652112341454881 0.019450336958138338 0.017951503954332537
0 0.3793611196185641 0.5526714248676787 0.045469008897248565 0.043970175893442945
0 0.46553604155767436 0.5742015735750844 0.022702670950527092 0.021203837946721472
0 0.5314820351318837 0.5409951427387256 0.051464340912471054 0.037974843878220456
0 0.5663039985914873 0.761819637301518 0.02777217292769336 0.030769838935304605
0 0.4461824995800705 0.7714094960084863 0.05095500494291585 0.025474843878220455
0 0.6406129318993041 0.8378290389746734 0.047540844866803766 0.056533842889637496
0 0.581509845929749 0.8277165513319631 0.024456171939110226 0.02595500494291585
0 0.5825921848650536 0.854279051331963 0.022639003954332538 0.019641337946721647
0 0.5872717787060932 0.5082025473776304 0.038837006920082115 0.03434050790866543
0 0.6557034437251211 0.497588699545077 0.027644838935304606 0.027644838935304606
0 0.5749110415576744 0.569744883841477 0.022639003954332715 0.01964133794672147
0 0.521450460531035 0.5828788952101835 0.021331171939110227 0.02582767095052709
0 0.41765695707099404 0.5706746669590134 0.028281508897248564 0.0432698389353046
0 0.6100075776409601 0.7396926279099779 0.046713173916276676 0.03622134288963732
0 0.8342289862341976 0.6922114969598884 0.07234984387822045 0.052865014828747545
0 0.8614573311010014 0.7458803250207782 0.03207767095052709 0.021585839923887917
0 0.811234496614321 0.7424489188989987 0.06396434091247087 0.038484179847775656
0 0.7612172505686537 0.7632680962753164 0.02251166996194378 0.01651633794672147
0 0.728945920036306 0.7778863531953986 0.022575336958138337 0.018078837946721472
0 0.7558413424697079 0.8041795977581911 0.013136669961943782 0.016134335969555026
0 0.8959424190477229 0.7663864846025987 0.021649506920082474 0.03364017095052709
0 0.8023661739906387 0.7936758378723594 0.022702670950527092 0.021203837946721295
0 0.7709251730020555 0.7902616777962472 0.016389003954332716 0.019386669961943957
0 0.6921343281352519 0.7386938606097724 0.02276633794672147 0.02276633794672147
0 0.6645969185534313 0.7734654500393686 0.030769838935304605 0.02777217292769336
0 0.8870595089716108 0.7980503200778623 0.02133117193911005 0.02582767095052709
0 0.7600381166528146 0.5230741777962472 0.08124468281352507 0.07974584980971962
0 0.8159843691242725 0.5325327494313463 0.028918178859192522 0.0588948389353046
0 0.8451306996566202 0.5180418265036529 0.018397172927693363 0.030387836958138337
0 0.8150638562726913 0.4715315824351519 0.021585839923887917 0.03207767095052709
0 0.8538544422422465 0.48247174102838936 0.0440338428896375 0.04703150889724857
0 0.9249800257403435 0.48035614270154453 0.06992518083635879 0.06992518083635879
0 0.9618552846375922 0.5211111352871707 0.04027217292769336 0.031279174904859805
0 0.9192167984777566 0.5885824781768081 0.030769838935304605 0.02777217292769336
0 0.9304036492760595 0.6710766431958362 0.0346588428896375 0.046649506920082295
0 0.9531991621276406 0.731186472245309 0.024456171939110406 0.02595500494291585
0 0.9930940378318969 0.7262151293556717 0.01381192433620626 0.02439250494291585
0 0.7826559214819997 0.3867719218647482 0.05066584486680359 0.05666117688202608
0 0.7159167490485979 0.3621021857049126 0.05216467787060921 0.05516234387822054
0 0.7891659066532521 0.3160774198875818 0.06552684091247105 0.038547846843970036
0 0.7912204965771399 0.3472955863894846 0.024456171939110226 0.02595500494291585
0 0.8281594224705827 0.3896130789751108 0.02289367193911005 0.025891337946721472
0 0.5670335800752371 0.3572130503433798 0.035584672927693364 0.031088173916276673
0 0.6412815049800968 0.3933150350203406 0.044797846843970035 0.06578150889724857
0 0.4175827253226017 0.2615715809894582 0.037019838935304604 0.02802684091247105
0 0.31257423174839233 0.2963696867306768 0.0698323389353046 0.02936384783255317
0 0.29271667098770815 0.4043877751716899 0.026337006920082208 0.03383117193911041
0 0.3390186680219586 0.3884152652858582 0.033767504942915846 0.024774506920082116
0 0.39304693482787256 0.4660335879095404 0.026719008897248563 0.04320617193911023
0 0.3614321788963736 0.4391500943353311 0.021331171939110227 0.02582767095052709
0 0.3165626892764969 0.4902788542211628 0.055960839923887826 0.03347834486680377
0 0.23486702030313608 0.48265203802327117 0.03121550790866543 0.03870967292769336
0 0.07196777228030246 0.49868023912558507 0.029589340912471007 0.037083505931498985
0 0.12081515467608575 0.33392006076068415 0.02283000494291585 0.02432883794672147
0 0.17785833353527825 0.3895042158938805 0.03258700692008221 0.03408583992388783
0 0.22715799657713992 0.37027937201565997 0.02620967292769345 0.030706171939110228
0 0.4678546393530466 0.2470024036131405 0.0440338428896375 0.04703150889724857
0 0.521187886387297 0.23074339224443402 0.030960839923887918 0.03245967292769336
0 0.5858406353987139 0.2234137119023667 0.02582767095052709 0.021331171939110227
0 0.6540441487445867 0.2840209480622023 0.046615014828747546 0.07209517589344294
0 0.8104267999234503 0.20408941445037437 0.03395850593149916 0.029462006920082294
0 0.47546550399151377 0.3953762366169461 0.03533000494291585 0.024838173916276584
0 0.9838961334215476 0.4673348778727969 0.0322077331569048 0.06616351087441483
0 0.7988287722431214 0.07309408243515192 0.03921900889724857 0.04371550790866539
0 0.6767946047526354 0.07415385813831446 0.04428851087441501 0.053281508897248565
0 0.36154363095008957 0.2114243423581647 0.02308467292769336 0.03057883794672147
0 0.4409446294672148 0.20114607555225078 0.03389483893530461 0.027899506920082206
0 0.3972410504177419 0.22327308494379094 0.03752917490485981 0.04052684091247105
0 0.5143556131555924 0.12068264273872557 0.027644838935304606 0.02764483893530465
0 0.5680682035737719 0.15214354836621347 0.027708505931498983 0.029207338935304694
0 0.5739096852849832 0.06504279638904711 0.019641337946721647 0.022639003954332715
0 0.597249026197454 0.10008895844232564 0.06533583992388792 0.03386034684397003
0 0.25234504448624284 0.20100544859367492 0.0159725098858317 0.04744800296574949
0 0.24067005684353254 0.26017220155942444 0.021076503954332713 0.019577670950527093
0 0.5566452253226016 0.2559052183281574 0.04196200692008212 0.03446784190105419
0 0.8191041215585493 0.14817499547701363 0.02120383794672165 0.022702670950527092
0 0.8525851250185905 0.1632442385569314 0.02120383794672165 0.022702670950527092
0 0.8764192144481868 0.19122731711211274 0.021140170950527094 0.021140170950527094
0 0.9722609550566468 0.3599362133480605 0.05547808988670653 0.07311384783255326
0 0.8952195884781942 0.38375039813875195 0.038165844866803765 0.05615184091247105
0 0.19425531326932316 0.2925827949433534 0.04221667490485981 0.04071784190105419
0 0.06622581376361475 0.3001472386312935 0.04221667490485979 0.04071784190105419
0 0.046292657147543693 0.348694826578015 0.04677684091247101 0.03778384288963732
0 1 0.20839136875 0.9787301062499999 0.1607030703125 0.9380873031249999 0.105170321875 0.8352533890625 0.086032553125 0.728887765625 0.0830036125 0.6003517109375001 0.0800705234375 0.493604534375 0.0929117046875 0.34552379843750003 0.12472616249999999 0.2251976859375 0.1465168984375 0.008059303125 0.197789446875 0.009117193749999999 0.223751959375 0.159737065625 0.18157550625000002 0.30769845 0.14818596875 0.467282134375 0.121836353125 0.58760824375 0.1000456171875 0.6732591640625001 0.1014759828125 0.7655684453125 0.10715417187500001 0.8379026359375 0.10008889375 0.9133634796875001 0.11338026406249999 0.958874365625 0.14953468125 1 0.21388937187499998 1 0.20839136875
0 1 0.2154079359375 0.9629793359375001 0.161896590625 0.8869452296875 0.12013448281250001 0.832557146875 0.11316691875 0.68669524375 0.11154670468750001 0.5930495890625 0.10913802187499999 0.5144150921875 0.11668070781249999 0.203958575 0.1798087234375 0.009447223437500001 0.2318514671875 0.0104975484375 0.25762829374999996 0.1767772140625 0.218303184375 0.3078901578125 0.19252682968749998 0.46566005937500005 0.16314641093749999 0.592883240625 0.148753653125 0.729055975 0.147939825 0.8128931109374999 0.1463393890625 0.898782734375 0.150919909375 0.964530915625 0.1823725921875 1 0.22648344531250003 1 0.2154079359375
0 1 0.5977084734375 0.8611659359375 0.6286898046875 0.685101640625 0.6800500625 0.5453114890624999 0.70838488125 0.41460941093750003 0.75630779375 0.16427816875 0.8310378187499999 0.04712051875 0.8570125421875 0.0494343453125 0.8875478421875 0.1915799984375 0.8568495390624999 0.36222211875 0.8008309625000001 0.503386615625 0.757184440625 0.5607765578125 0.7452319109375 0.6749835515625 0.71376648125 0.84444229375 0.6755797296875 1 0.6249657703125 1 0.5977084734375
0 1 0.5234391546875 0.9731044953125 0.525477175 0.8327797921875 0.5551197953125 0.691715478125 0.59590730625 0.585923115625 0.6213491046875 0.49915103125 0.6469337515625 0.2522943546875 0.7131630609374999 0.039750746875 0.7597545140624999 0.042128671875 0.7911357156250001 0.2774720890625 0.731848778125 0.3873929203125 0.698173540625 0.5548754875 0.6506318109375 0.7725218125 0.5961206531250001 0.9029186453125 0.5608938375 1 0.5475853984375 1 0.5234391546875
0 1 0.4604745671875 0.8624109328125 0.48158903906250006 0.6256515234375 0.5347325625 0.3592581453125 0.6056105171875 0.192500196875 0.653449646875 0.034806712499999996 0.694508690625 0.03670153125 0.7195143921875 0.1138429046875 0.693203678125 0.2703537234375 0.6588139953125001 0.45026231406250006 0.598714634375 0.70780975 0.5411799546875 0.8417070343749999 0.5056878874999999 1 0.48399878906250005 1 0.4604745671875
0 1 0.44180593281249997 0.9612000500000001 0.447348078125 0.829806528125 0.46012295 0.6858961359375 0.493555296875 0.5644934828125 0.5266938734375 0.414240909375 0.5507523015625 0.232403153125 0.6039567453125 0.033317556250000005 0.6711436546875 0.033239221875 0.6738227 0.0350005875 0.6970672171875 0.2052288484375 0.6355869937499999 0.34913905 0.6021521296875 0.5048012265625 0.55656301875 0.6776868671875 0.5153006609374999 0.8354901765625 0.479403803125 0.9450350609375 0.4570233234375 1 0.44977358437500004 1 0.44180593281249997
0 1 0.5558709562499999 0.919497121875 0.5659740796875 0.7474577953125 0.6184385765625 0.53309956875 0.6698821078125 0.2743437640625 0.7486316546875 0.0439255890625 0.814849434375 0.04584294375 0.8401525484375 0.32536065937499997 0.7715184609375 0.48416288906249993 0.7116092093749999 0.5603166109375 0.69457489375 0.711227715625 0.6606095296875 0.9355122140625 0.5915156968749999 1 0.5829055140625 1 0.5558709562499999
0 1 0.643631834375 0.7414151953125 0.7245028312499999 0.6328473703124999 0.7411799453125 0.5352666203124999 0.7542060375 0.4726658125 0.7828863453125 0.2682986453125 0.8546961015625 0.050716432812500004 0.9007546 0.0506486875 0.903573384375 0.052527245312500005 0.928364496875 0.202135984375 0.8920966437500001 0.40164609375 0.83051196875 0.5095994875 0.7871287812500001 0.5843545421874999 0.770200446875 0.7013219390625001 0.7528868546874999 0.7746783234375 0.7360645046875 0.8999613562500001 0.6984092562499999 0.9889497125 0.6649109515625 1 0.6640736109375001 1 0.643631834375
0 1 0.6778883171875 0.9915178796875 0.6802052484375001 0.8736577406249999 0.7229324265625 0.7175712437499999 0.762921821875 0.6035096890625 0.781421925 0.52164755625 0.7974795671875 0.4079884640625 0.83988840625 0.2826833828125 0.8958501609375 0.180351753125 0.9205025250000001 0.054017115625 0.9480261390625 0.054954560937499994 0.960397490625 0.08824268125 0.9500121328125 0.1594356921875 0.941801515625 0.26596836874999996 0.9168308187499999 0.431132496875 0.847991690625 0.51430898125 0.8121178531250001 0.5726866937499999 0.8020623875 0.7049510984375 0.7821829546875 0.83818985 0.7565978234374999 1 0.69752546875 1 0.6778883171875
0 1 0.7140757468750001 0.940733640625 0.7347453203125001 0.8004746484374999 0.7791697796875 0.6657285328125 0.803459896875 0.557604365625 0.8074278906250001 0.5167686421875 0.826013671875 0.47260237343749995 0.8378081906249999 0.3211217109375 0.9013852796874999 0.21554385312500002 0.9389565937500001 0.059691565625 0.963439340625 0.05629721875 0.9781164 0.0568840359375 0.9858605468749999 0.2401927296875 0.9483550812500001 0.3171134890625 0.92281230625 0.4453244109375 0.8680370609375 0.53312393125 0.837447309375 0.6209037328125 0.8251613515624999 0.7336727921875 0.8081684234375001 0.84601734375 0.7855732609375 0.9598887875000001 0.745966796875 1 0.7363623359375 1 0.7140757468750001
0 1 0.7418160390625 0.85925463125 0.793020534375 0.7347337875 0.822170228125 0.548736565625 0.8390801874999999 0.5596847734375 0.8720443171875001 0.9014281046875 0.8292504218750001 1 0.7965655875000001 1 0.7418160390625
0 1 0.291086534375 0.9398575453125 0.27717817031249997 0.78393814375 0.26364709999999997 0.602800496875 0.270331790625 0.19491384218750002 0.33221739375000003 0.0153612515625 0.37699209843750003 0.0165752703125 0.4067862796875 0.2071547328125 0.3636768703125 0.3541831296875 0.3342308921875 0.5981335515625 0.30166323125 0.7775541921875 0.29088348124999996 1 0.313631534375 1 0.291086534375
0 1 0.26219972187499996 0.9605589265625 0.253079509375 0.846432775 0.2335656046875 0.727659209375 0.2270768265625 0.5035418046875 0.24265019375 0.307299971875 0.2730094125 0.054291446875 0.31612048593750003 0.0135771546875 0.3332072484375 0.0152379828125 0.3739668859375 0.1474174109375 0.33722569375 0.4220846546875 0.2826163828125 0.602164015625 0.26193221875 0.722676446875 0.2542070328125 0.8579310078125 0.2552243234375 1 0.28325915468749996 1 0.26219972187499996
0 1 0.3452976921875 0.9232044140625 0.33617050625 0.7953752671875 0.340224953125 0.597645790625 0.35098536406249997 0.40916685781249995 0.3723060078125 0.21313737812500003 0.4054676046875 0.018638131250000002 0.4574125140625 0.0198689734375 0.48761954375 0.14512948750000002 0.455678403125 0.3056266703125 0.41817071875 0.5087634203125 0.385882334375 0.698537175 0.36305180625 0.9289969499999999 0.35685487656250003 1 0.35931842187499996 1 0.3452976921875
0 1 0.31492481250000004 0.8698315125 0.30078926093749997 0.7458825546875001 0.30032451718750003 0.5922996281249999 0.3175942015625 0.403714709375 0.337516178125 0.23417895312499998 0.36726096406250003 0.0168653609375 0.413905609375 0.018542146875000002 0.4550568859375 0.061801760937500005 0.43383073124999993 0.34972834218750004 0.368362190625 0.5698787234375 0.337597990625 0.7554295734375 0.33339482187499997 0.9113685046875 0.3286195765625 1 0.33261724843749996 1 0.31492481250000004
0 1 0.22293906875 0.9879674421875 0.20594261406249997 0.9492303078125 0.1779001375 0.8850602484375001 0.1672737515625 0.7858882 0.1592996609375 0.6015263765625 0.16059679375 0.4347036421875 0.1704193984375 0.010609637500000001 0.2603791578125 0.0119170625 0.29246567031250004 0.2137496875 0.2463044921875 0.3895436875 0.2062284515625 0.5601379171875001 0.190485659375 0.792211040625 0.1869824109375 0.9008655125 0.1900128015625 0.955553146875 0.205582890625 1 0.2304334453125 1 0.22293906875
0 1 0.23547129375 0.9747082953125 0.2168043671875 0.9050445078125 0.208000971875 0.7746471921875 0.19676112031249998 0.664909678125 0.19803543125 0.5497873203125 0.20253625 0.4251798296875 0.211978440625 0.207385265625 0.2552345609375 0.104841475 0.277087065625 0.012251871875 0.3006824625 0.013526137499999999 0.3319551796875 0.22221385312500003 0.28368201875 0.3564292796875 0.2523884796875 0.5725909671875 0.22474499374999998 0.6920205453125 0.221327028125 0.778932365625 0.21615047812500002 0.907928490625 0.2274965046875 1 0.2472349828125 1 0.23547129375