0 0.1602356025622526 0.38087751075336695 0.10058650496239877 0.08419952564056317
0 0.2797241188971909 0.559304263648851 0.10720037799792799 0.09230312406898662
0 0.30427023883234827 0.2794326730783105 0.06915241439185812 0.04531680810555194
0 0.17153278328904903 0.6066223734498141 0.06457623035529289 0.08096320967712849
0 0.13440946484441493 0.5324057775025899 0.042298815963434724 0.03782963978475244
0 0.09565733395100282 0.5576990299837894 0.04044521753501129 0.031506865177646406
0 0.1297605062007438 0.5670718759310134 0.03255994292790545 0.029580492142117266
0 0.09099556678749504 0.6761408149299774 0.08223891935425687 0.12544095574818712
0 0.6251864762169544 0.6136791246926683 0.09379284946188075 0.10571065260503384
0 0.23758593051739937 0.7640495756833443 0.03761131596343468 0.03761131596343468
0 0.05329016728283307 0.875199053143153 0.02667381596343472 0.03710189371369381
0 0.0608778813031877 0.7691481062863063 0.03441354135632886 0.03590326674922295
0 0.1092982646777992 0.7833347307695776 0.02816354135632886 0.0356121683207995
0 0.1898183645539647 0.7302589265929672 0.06148546360606986 0.04807793507002245
0 0.2068111195163634 0.8093278424325675 0.03917381596343476 0.037684090570540715
0 0.1665328759265042 0.8354751195208726 0.027799668320799588 0.027799668320799498
0 0.1089408538005977 0.8765218045908952 0.06580909057054059 0.04048375889134022
0 0.2217639156302032 0.5252053995046619 0.035976041356328814 0.035976041356328994
0 0.3291655008240603 0.6290324127392284 0.04110018899896399 0.045569365177646405
0 0.37774855003827207 0.6299013999189468 0.03604881596343468 0.03753854135632899
0 0.40494459677128436 0.5918363196874884 0.026601041356328993 0.035539393713693815
0 0.3495999712545557 0.5466544063290876 0.03412244292790536 0.029653266749222952
0 0.49234189701895337 0.6864167655108779 0.029653266749222952 0.03412244292790554
0 0.5499724605011889 0.6798178550479612 0.032487168320799495 0.028017992142117264
0 0.5266248517336831 0.6660293368509962 0.03455909057054054 0.03902826674922295
0 0.43145574689511895 0.6399270632773476 0.0246746683207995 0.02765411910658777
0 0.36017371401584547 0.8241073182397465 0.029653266749222952 0.034122442927905186
0 0.4038530934615155 0.8541736538478881 0.02282106989237622 0.021331344499482086
0 0.3579368560769093 0.5071188713828995 0.05396406203449331 0.05396406203449331
0 0.43984398159363797 0.5510636164205007 0.027799668320799498 0.027799668320799498
0 0.5134441474332382 0.5343255725829724 0.058360463606069855 0.04793238585581072
0 0.49132951467779923 0.7655413393321956 0.03441354135632881 0.03590326674922295
0 0.3681445717498938 0.7430927586864524 0.05777826674922304 0.0354323858558109
0 0.5458779276219152 0.8608688019048081 0.05767125889134021 0.06660961124870504
0 0.4891356219975627 0.836108550457066 0.027945217535011224 0.030924668320799497
0 0.4833415403183624 0.8629985361890423 0.02772689371369381 0.026237168320799496
0 0.5791954259692854 0.5171701517809735 0.04564213978475227 0.04266268899896399
0 0.6507622109154735 0.524015157157657 0.032705492142117265 0.032705492142117265
0 0.5506016991286492 0.5756568939230908 0.02609161910658777 0.024601893713693812
0 0.4926072626108846 0.5744433043860073 0.02474744292790554 0.029216619106587773
0 0.3928769363083677 0.5344604673301235 0.03804796360606986 0.04698631596343468
0 0.540148004338717 0.7546551892083609 0.055162688998963996 0.046224336641599174
0 0.7786668488381989 0.7654684489282706 0.0843065334984459 0.06940927956950453
0 0.7909528331224334 0.8275318012856356 0.035539393713693815 0.026601041356328636
0 0.7424232878371629 0.8110014268023642 0.07093323821317572 0.05007708271265763
0 0.6863916116584805 0.8183088126581751 0.027508569892376045 0.0215496683207995
0 0.6491099354797981 0.8247429032287157 0.026018844499482087 0.02303939371369381
0 0.6702786141396799 0.8589894706398923 0.01806079528527036 0.019550520678164672
0 0.8204969379609974 0.8566906083577301 0.028309090570540717 0.0387371683207995
0 0.7188616633538917 0.8598584578196109 0.027799668320799498 0.027799668320799498
0 0.6893004418899389 0.8471422880510691 0.019768844499482085 0.022748295285270358
0 0.6225987853559636 0.7766521596388565 0.02787244292790536 0.0293621683207995
0 0.5870808163732103 0.8041436129058441 0.037538541356328815 0.03604881596343468
0 0.8031296554960088 0.8872514036430005 0.02474744292790554 0.029216619106588126
0 0.7472048713783902 0.5774611807313056 0.09797092721213971 0.09499147642635145
0 0.8015670396991897 0.6015493440897064 0.04041098428423453 0.06424659057054072
0 0.8340884412707663 0.5937710773404834 0.023476041356328636 0.03539384449948209
0 0.8166975800220613 0.5397749361079891 0.026601041356328636 0.035539393713693815
0 0.8529090618250962 0.5607937574481073 0.05247433664159899 0.05545378742738745
0 0.9249488817174726 0.5777950128247908 0.08666955417661057 0.0866695541766104
0 0.9500066937519659 0.6283022810217559 0.04705909057054072 0.03961046360606986
0 0.8907622803935649 0.6843018780024372 0.034267992142117266 0.03277826674922295
0 0.8799211337843872 0.770930736769943 0.043099336641599 0.05501713978475244
0 0.8877015545863859 0.8371186629486254 0.028017992142117264 0.032487168320799495
0 0.9342319522290211 0.8443468120390026 0.030997442927905183 0.02950771753501158
0 0.80608110359571 0.4463160345364125 0.06384848428423417 0.06533820967712849
0 0.7461945272931929 0.40447744499932925 0.06384848428423417 0.06533820967712849
0 0.8317852708830522 0.37621970430495416 0.07413101282028159 0.05178513192686944
0 0.8254646503287223 0.40861482734048343 0.027945217535011224 0.030924668320799497
0 0.8514128742738745 0.4614294582338956 0.029653266749222952 0.03412244292790536
0 0.5969179652586997 0.3597557580672798 0.042298815963434676 0.03782963978475227
0 0.6637459003287223 0.41614699917593967 0.058035131926869356 0.07442211124870504
0 0.4732171379227255 0.22537010360021914 0.04222604135632899 0.03626713978475227
0 0.3584461625298313 0.23228153722249964 0.07689213978475226 0.04411818114108117
0 0.3107963746881591 0.3355007365605459 0.03299659057054054 0.038955492142117173
0 0.36146846277750033 0.33079181182960554 0.04044521753501122 0.031506865177646406
0 0.39474118920385176 0.4231954815981472 0.034922963606069855 0.04684076674922295
0 0.37037473593686415 0.3875319634011821 0.026382717535011313 0.030851893713693634
0 0.3111838265074047 0.4278701730783105 0.06453768899896399 0.046660984284234173
0 0.2314941724546288 0.3979151534336034 0.039537688998963996 0.04549659057054054
0 0.06430451840185285 0.37203551178682426 0.03782963978475229 0.042298815963434676
0 0.15664606803034933 0.2197580742356023 0.027945217535011314 0.030924668320799587
0 0.1998738372607717 0.29055857175440297 0.039319365177646406 0.04080909057054054
0 0.25434301343945415 0.28332396050569797 0.03285104135632881 0.03583049214211709
0 0.5271233879227255 0.22285937965506702 0.052547111248705036 0.057016287427387444
0 0.5857899125298314 0.2216928318885974 0.037684090570540715 0.03917381596343468
0 0.6520334966902311 0.23191754839015138 0.03085189371369381 0.026382717535011313
0 0.7041461143490769 0.3085677855698698 0.06152400496239885 0.08238016046291677
0 0.8832321468140656 0.27047481844914334 0.04066354135632864 0.036194365177646404
0 0.49579211290133485 0.3738611075291606 0.04200771753501122 0.03157963978475227
0 0.982504400743007 0.582441817415686 0.03499119851398582 0.07591183664159917
0 0.9051713052100677 0.13635237552123786 0.04764128742738762 0.05211046360606986
0 0.78236735194308 0.10527365757194178 0.05440070967712849 0.06333906203449331
0 0.4287179671207266 0.16089238068852435 0.02979881596343468 0.03724744292790545
0 0.5129303012811264 0.170280189208361 0.03746576674922295 0.034486315963434724
0 0.46333056162020847 0.1812027266357484 0.04586046360606986 0.047350188998963996
0 0.6079302781217626 0.10870052626424491 0.031142992142117264 0.03263271753501131
0 0.6531186536384912 0.15435547456883383 0.03277826674922295 0.034267992142117135
0 0.6812200748547749 0.06848859512316374 0.0246746683207995 0.02765411910658786
0 0.696466239246633 0.11005751096276395 0.07086046360606986 0.04851458271265772
0 0.3234825035146566 0.12038300475751096 0.025766287427387447 0.05109161910658786
0 0.29637850206691463 0.17723447229252223 0.02609161910658786 0.024601893713693722
0 0.6147710911897131 0.2555755262642449 0.04883991439185813 0.04437073821317572
0 0.9065754474760194 0.21693028743189666 0.027799668320799498 0.027799668320799498
0 0.9350835911897132 0.24065673180754416 0.027799668320799498 0.027799668320799588
0 0.9523460198495949 0.2750852357364856 0.027799668320799498 0.027799668320799588
0 0.9844992402800903 0.47028641977305086 0.031001519439819346 0.08372433664159917
0 0.920036595737827 0.4723262628247908 0.049713209677128486 0.06312073821317572
0 0.24092902274507902 0.19704185814833308 0.050547963606069855 0.047568512820281586
0 0.10974964329940895 0.17105090053811928 0.050547963606069855 0.047568512820281586
0 0.08042817038771419 0.2139126426802364 0.045787688998964016 0.045787688998963995
0 1 0.1875203171875 0.938270371875 0.15846069375 0.832367578125 0.127496921875 0.7041999046874999 0.0908086515625 0.5937478015625001 0.075664421875 0.43685170624999997 0.068701 0.310428609375 0.058969264062500006 0.0916231453125 0.053694907812500005 0.08692077499999999 0.0794850828125 0.23555909531250002 0.0769513171875 0.3927489875 0.0823034046875 0.5597492328125 0.09776874375 0.686172328125 0.10750048125 0.7717153765625 0.13142221874999999 0.8628223671875 0.16135314375 0.9372375265624999 0.173256496875 1 0.2020657046875 1 0.1875203171875
0 1 0.22407435625 0.9811705843749999 0.20624043125 0.9284418109375 0.1849719765625 0.782549465625 0.14505193593750002 0.6892435453125 0.11804987812500001 0.608383046875 0.10497133593750001 0.28038265 0.08678898125 0.08539523593750001 0.08785190468750001 0.0805531 0.114408628125 0.2430099609375 0.118267509375 0.381299990625 0.126833159375 0.547276496875 0.1387820359375 0.6786759390625 0.1577456328125 0.8154878765625 0.192680221875 0.9000071859375 0.2130854921875 0.9849626359375 0.2402298953125 1 0.25295196249999996 1 0.22407435625
0 0.98850844375 0.715692159375 0.8217939796874999 0.709616859375 0.6316953 0.7149134765625 0.48402924374999995 0.7066361609375 0.3403369796875 0.7203941484375 0.0696037375 0.729635425 0.0339204578125 0.7282858375 0.035412571875 0.7603221171875 0.0902142453125 0.7626956640625 0.276096809375 0.751302625 0.42916145625 0.7445812109375 0.489868775 0.74765855625 0.6126936390625 0.7460788453125 0.7927075359375 0.75226266875 0.9838849812499999 0.7410495625 0.98850844375 0.715692159375
0 1 0.642548315625 0.9611799187500001 0.6354701781250001 0.8126342921875 0.6283644109375001 0.6604207484375 0.6322441828125 0.5476182625 0.6299906234375 0.453857990625 0.6328739718749999 0.18884196250000002 0.6345001875 0.029253459375000002 0.6280835078125 0.0306567140625 0.6582119468750001 0.20919260468749998 0.659854490625 0.3282980765625 0.654932771875 0.5087856921875 0.65121355625 0.7414235890625 0.6536731921875 0.8814764046875 0.6525708390625 0.9974727031249999 0.6665276312499999 1 0.6526666624999999 1 0.642548315625
0 1 0.576781753125 0.8616628890625 0.5623832671875 0.6102112375 0.553533753125 0.32437699375 0.55469395 0.1445381828125 0.5589017390625 0.026024285937500002 0.5587518515625 0.027022395312500003 0.5801816765625001 0.055198012500000004 0.5781292125 0.2212266375 0.584722609375 0.417476003125 0.5716688640625 0.6909335015625 0.581571215625 0.8345673453125 0.581121796875 1 0.6010378125 1 0.576781753125
0 1 0.55743813125 0.969750384375 0.553971521875 0.8345923265625 0.532290096875 0.6814548453125 0.5280445031250001 0.550972565625 0.529413434375 0.3939341234375 0.514099546875 0.1975597625 0.5197303421874999 0.0247670171875 0.531757775 0.025928121874999998 0.556687159375 0.1619962921875 0.544325059375 0.31513424687499997 0.548568075 0.4832518890625 0.543704240625 0.6675108671875 0.54770255 0.83523171875 0.55312339375 0.9509947296875 0.5594330249999999 1 0.5655828796875 1 0.55743813125
0 0.8967729156249999 0.6620194890625 0.710421871875 0.66948051875 0.48188772812499997 0.6648069328124999 0.20164830781249998 0.6758685015625 0.0316680015625 0.6799246890624999 0.033020846874999996 0.708970809375 0.24681589843750001 0.7122208671875 0.421843034375 0.6938165359374999 0.502706946875 0.6967224796875 0.6630069578125 0.7022713671874999 0.9061323281250001 0.69184555 0.9909408781250001 0.7023514640624999 0.995910621875 0.6750948671875 0.8967729156249999 0.6620194890625
0 0.9404675359375 0.7794997109375 0.9757028984374999 0.785924240625 0.98043765 0.7599564703125 0.6765141484375 0.7742897937500001 0.5632286171875001 0.762515490625 0.461923040625 0.74996331875 0.391596840625 0.7622979562500001 0.1677380046875 0.7806773046875 0.036069865625 0.774434475 0.0372530828125 0.799838625 0.0915494 0.8008242953125 0.307851496875 0.7914268046874999 0.427532121875 0.7762502625 0.5069651703125 0.7788953140625 0.6288436203125001 0.7922363812500001 0.70684580625 0.794620540625 0.8424064031249999 0.7897395828125 0.9404675359375 0.7794997109375
0 0.9740220765625001 0.7951427125 0.9390283453125001 0.7955160515624999 0.8095822484375 0.807433603125 0.6425091125 0.8065688218749999 0.5232340765625 0.7951808734375 0.4369003328125 0.789796509375 0.31175198437499996 0.8024976781250001 0.1713630546875 0.8257365578125 0.062239375 0.823599684375 0.03831353125 0.8226068921874999 0.0391032484375 0.8395624125 0.1490875171875 0.8423944000000001 0.3328408953125 0.8167025484374999 0.42569566718749996 0.8025538593749999 0.48689578593749994 0.8077935296875 0.6247926859375 0.8225768359375 0.7651649625 0.831892421875 0.9708594406250001 0.8124882078125 0.9740220765625001 0.7951427125
0 0.8900352937499999 0.8531791625 0.963160671875 0.8547121515624999 0.9677766296874999 0.8293959015624999 0.8737663875000001 0.8368936031249999 0.72140583125 0.8446331171875 0.5798614765625 0.833622728125 0.470357659375 0.809216065625 0.42451479062499997 0.8171388671875001 0.37711395468750003 0.8173747765625 0.208468309375 0.8413806203125 0.0926964984375 0.851350803125 0.039402835937500005 0.8459946890625 0.040204056249999995 0.8631972171875001 0.11495491093750002 0.8672500078125 0.19882207968750001 0.8618222843750001 0.3418144234375 0.8405365218749999 0.43791938750000003 0.832902171875 0.5291990703125 0.8436236421875 0.6467818796875 0.856184140625 0.76540966875 0.8630134453125 0.8900352937499999 0.8531791625
0 0.45315211250000004 0.8386391156249999 0.45548009062499994 0.8745806125 0.8095265328125001 0.9213747078125 0.9526838546875 0.9121723046874999 0.9628137953125 0.8566145984375 0.7767331093750001 0.8739593265625001 0.6441701390625 0.8705082531249999 0.45315211250000004 0.8386391156249999
0 1 0.3813303859375 0.9930178062499999 0.3776665453125 0.8401636187499999 0.323157915625 0.6567049140625 0.282307390625 0.2312960875 0.23729931406250002 0.058511604687499996 0.23529532031249997 0.052921546875 0.26595403125 0.2353158203125 0.272070840625 0.39053446406250003 0.2811338609375 0.6437975859375 0.312511478125 0.8266090437500001 0.3488033609375 1 0.41365099218749996 1 0.3813303859375
0 1 0.34981776875000004 0.91075118125 0.30938983593749997 0.7933100171875 0.27169781875 0.56440359375 0.22847978750000003 0.3595779625 0.2074123015625 0.0944603484375 0.184232925 0.0671122421875 0.1881250875 0.0591638125 0.2317182921875 0.18233634375000002 0.2298534921875 0.47219911875 0.24718500937500001 0.6582716765625001 0.27371446875 0.7811888875 0.297604625 0.9165990390625 0.334134996875 1 0.3745057046875 1 0.34981776875000004
0 1 0.447858834375 0.9608247125 0.4324710984375 0.8315316390625 0.40297779062499994 0.6303592078125 0.36185968281249997 0.43569372968750003 0.3337634609375 0.23034537031250002 0.3155628625 0.0437062171875 0.316495553125 0.038075603125 0.3473766859375 0.148942546875 0.348075690625 0.3197886 0.352587928125 0.53203718125 0.37353041875000004 0.7283979359375 0.4004519828125 0.96120485 0.45474088593750006 1 0.4663459171875 1 0.447858834375
0 1 0.41476454374999994 0.916574059375 0.38296669843750003 0.792359771875 0.3499587875 0.6337628953125 0.3269605859375 0.43935830625000005 0.2974335 0.26148351875000003 0.28276110781249997 0.051563275 0.2734034765625 0.0449665875 0.3095830453125 0.0710903375 0.3042827796875 0.3771048828125 0.31420225625 0.6060201046875 0.3411404734375 0.7932543046875 0.3856389234375 0.950934246875 0.42178915781250004 1 0.4370237375 1 0.41476454374999994
0 1 0.2678155765625 0.9669037093749999 0.253032125 0.869515278125 0.218996359375 0.6842367734375 0.171894965625 0.5143138781250001 0.1379504140625 0.07998211875 0.11754017812499999 0.074086428125 0.14987512812499998 0.27274647343749997 0.1560631234375 0.4596114453125 0.16201502031249998 0.6348719125 0.19101105625 0.8685900125 0.2484256265625 0.976788428125 0.27999176718749996 1 0.2936965453125 1 0.2678155765625
0 1 0.30866265 0.9762578453125 0.299133309375 0.848403965625 0.253623659375 0.7379889609375 0.22609132812500002 0.6213251953125 0.20038184218750002 0.4938493421875 0.177138934375 0.264017653125 0.163350171875 0.1554162296875 0.1583489921875 0.0726387875 0.157814715625 0.06678630468749999 0.1899126921875 0.2714239484375 0.195779646875 0.41427464374999995 0.1996254 0.6383693921875 0.2286468875 0.7590695421875 0.2565734328125 0.8476120203124999 0.27419864375 0.9740324593749999 0.3194469296875 1 0.332545140625 1 0.30866265