0 0.5949769671875 0.68208586875 0.5447921640625 0.6648007 0.45957660312500004 0.6701018359375001 0.4297580046875 0.68168898125 0.427520759375 0.70095338125 0.4870328578125 0.7096777984375 0.5804350140625 0.701645221875 0.5949769671875 0.68208586875
0 0.731448165625 0.8919502015624999 0.746596196875 0.8223579359375 0.6055339125 0.7923854125 0.5913607953125 0.8257095828125 0.731448165625 0.8919502015624999
0 0.868340838466738 0.47551450430160835 0.029325401451279022 0.03453862646343318
0 0.8525447459932849 0.761601995226422 0.03891865626060209 0.04084316861791084
0 0.628722810876742 0.684763281036188 0.04818452885594056 0.03777271077238851
0 0.9647347219466678 0.7296929441931497 0.04840278366526363 0.04402271077238851
0 0.933221794001701 0.498579299579344 0.020967264427970277 0.01886817466803503
0 0.6060417351086936 0.505171229806524 0.01455357332097762 0.014144313231716587
0 0.7646355182258033 0.7503923053348807 0.022529764427970278 0.01887726502711473
0 0.790890483379413 0.7861843595896068 0.02263889183263217 0.02200226502711473
0 0.7547223156860655 0.6902815071302787 0.014880955534962936 0.023519313231716587
0 0.7729539605139223 0.6753286728213233 0.016334328130301046 0.02040340359079611
0 0.7171479046161398 0.6436155853891099 0.021185519237293705 0.02511817466803503
0 0.8021404635091471 0.6384326608192707 0.01778770072563951 0.01728749394987581
0 0.7421330025318887 0.4864070733870573 0.016170637023308565 0.015715903590796287
0 0.8008433144201209 0.44465084456249204 0.021076391832632168 0.02199317466803503
0 0.8234648480853851 0.48827812471491716 0.01940476442797028 0.01885908430895533
0 0.9692609869227923 0.5460355616795924 0.02263889183263217 0.02200226502711473
0 0.7330109736759483 0.44895252518245543 0.03751984736759475 0.045521578258831144