0 0.598451296875 0.6513518890625 0.5669983937499999 0.6346506984375 0.47499694843749996 0.617065696875 0.4192637140625 0.6288270734375 0.43354483281249995 0.6520461531249999 0.5342157703125 0.6737289421875 0.599412075 0.6725417203124999 0.598451296875 0.6513518890625
0 0.41226124531249997 0.7849906671875 0.39942699843749996 0.746904346875 0.2441845765625 0.7597902234375 0.2553175078125 0.8373198078125 0.41226124531249997 0.7849906671875
0 0.1381572557657512 0.36754856307027767 0.028364017412854547 0.03499324905006951
0 0.1341402996365718 0.6789588417556249 0.03954717887824381 0.03993532218833344
0 0.382546822137809 0.6278093433711456 0.04719590456798439 0.03699216014423605
0 0.06697829658435409 0.38250272226458326 0.021213258706427273 0.017660278685347208
0 0.4217343956344144 0.435257514248958 0.014799484396167805 0.014389808320625086
0 0.22957563036926648 0.6790841686936109 0.021295145861557074 0.01922277868534721
0 0.19860559135968586 0.7150041381084027 0.021458920171816543 0.022347778685347208
0 0.24579045058651153 0.615348323803854 0.0122476944820761 0.025254573138263937
0 0.22753841756982468 0.5954358673068401 0.018333920171816585 0.022275043502986057
0 0.28959136024287846 0.5705254798640276 0.018415807326946254 0.023837543502986235
0 0.19794277080375655 0.5531035501524999 0.018088258706427274 0.01758754350298606
0 0.27421094244591104 0.3964522002287498 0.016361984396167806 0.014426175911805571
0 0.21357333559393465 0.3438915511024304 0.02137703301668683 0.020785278685347207
0 0.18609678878243796 0.386770035334861 0.018088258706427274 0.017587543502986146
0 0.02959116123824664 0.43030509583968757 0.015127033016686775 0.020639808320624908
0 0.28778876356766736 0.3570260243169442 0.03526911465389251 0.04763871941479172