0 0.3494055296875 0.3230896765625 0.40278521093749997 0.3213983234375 0.48489793593749997 0.2852817671875 0.5112357046875 0.2633069703125 0.5086847703124999 0.2440103125 0.44828141875 0.2573112015625 0.35882706249999996 0.299029359375 0.3494055296875 0.3230896765625
0 0.1641665390625 0.1714441046875 0.166464821875 0.243725953125 0.31192663593750003 0.22111418125 0.31759959375 0.183982409375 0.1641665390625 0.1714441046875
0 0.13270636363783975 0.6213762984033945 0.02671963025772479 0.03383117193911023
0 0.07725638229388972 0.3406475632321421 0.03634029172311404 0.038900673916276676
0 0.31545574513875996 0.33250084631249743 0.04563340456798422 0.03772017589344294
0 0.0640382507929695 0.6226151462359477 0.019650758706427275 0.017951503954332714
0 0.38247506953987653 0.4966004969970694 0.01471759724103805 0.013073002965749581
0 0.166438391000317 0.319862877947159 0.021213258706427273 0.01801517095052709
0 0.13189297263752278 0.29476471885963 0.021377033016686742 0.021140170950527094
0 0.1909160905707757 0.3734362055137571 0.01381019448207601 0.025509335969555114
0 0.177310613976524 0.3950392914833123 0.01668953301668674 0.02094916996194396
0 0.2391964603130509 0.4042113616355366 0.018415807326946254 0.024137836958138335
0 0.1570080800553261 0.44030271193954784 0.018088258706427274 0.017887836958138337
0 0.25419958333468645 0.5641938566926207 0.014799484396167805 0.014635502965749581
0 0.20577537143975588 0.6254151995822581 0.01981453301668683 0.021076503954332713
0 0.1732018888526104 0.5924408734985347 0.018088258706427274 0.017887836958138337
0 0.01666196178338892 0.589464406616071 0.021377033016686774 0.021140170950527094
0 0.2719702594993968 0.5969917692401909 0.03518722749876284 0.046649506920082115