0 0.4112314671875 0.3301254515625 0.43970357968749996 0.3459695921875 0.5243379828125 0.3632880578125 0.5765775171875 0.3529712671875 0.5643258921875 0.3312616953125 0.471821740625 0.3100454453125 0.411255896875 0.31044356875 0.4112314671875 0.3301254515625
0 0.589829403125 0.2080729484375 0.6000952171875 0.2435688453125 0.7447467328124999 0.23328269218750003 0.737765521875 0.16118815 0.589829403125 0.2080729484375
0 0.8260357295312325 0.5995740964240406 0.026601041356328636 0.03539367193911023
0 0.843478056452922 0.30910826391452656 0.037684090570540715 0.03896434091247105
0 0.6112070579006641 0.355217965473951 0.04542381596343468 0.03772017589344294
0 0.9492528674539582 0.35725128665193956 0.04095463978475209 0.04221667490485981
0 0.8924612502093969 0.5850606102642051 0.019550520678164318 0.017951503954332537
0 0.5661556153870434 0.5326280410633828 0.014644696856846906 0.013073002965749581
0 0.7550512572387102 0.3086360786295434 0.02111302067816432 0.01801517095052709
0 0.7847772985950392 0.27540708456104246 0.021258569892376046 0.021140170950527094
0 0.7374420721686878 0.3674062421656967 0.013664393713693813 0.025509335969555114
0 0.7530114141869704 0.3860434956257378 0.015008569892376223 0.02088550296574958
0 0.6940345204732766 0.40868781676654536 0.01984161910658777 0.024201503954332716
0 0.7785357990093239 0.42622016805913965 0.017988020678164317 0.017887836958138337
0 0.7013460986378204 0.571011403230392 0.01471747146395277 0.014635502965749581
0 0.7546316104246447 0.6201465815952929 0.019696069892376045 0.021076503954332537
0 0.7823413875129499 0.5797908370325005 0.017988020678164497 0.017887836958138337
0 0.9343790765119138 0.542152868667162 0.021258569892376046 0.021140170950527094
0 0.6863910326743856 0.6064077337627397 0.034922963606069855 0.046649506920082115