0 0.335295 0.611765 0.3411775 0.560295 0.31764749999999997 0.4794125 0.3 0.45294 0.28088250000000003 0.4544125 0.28529499999999997 0.513235 0.31323500000000004 0.6014700000000001 0.335295 0.611765
0 0.23088250000000002 0.6426475 0.1955875 0.6352949999999999 0.161765 0.7823525 0.23235250000000002 0.7838225000000001 0.23088250000000002 0.6426475
0 0.59375 0.8359375 0.0296875 0.021875
0 0.3140625 0.87421875 0.03359375 0.03125
0 0.33984375 0.64453125 0.0296875 0.03984375
0 0.37109375 0.97890625 0.0359375 0.0421875
0 0.5859375 0.9015625 0.01484375 0.01640625
0 0.50859375 0.58828125 0.0109375 0.01171875
0 0.30625 0.78828125 0.015625 0.0171875
0 0.2765625 0.81953125 0.01796875 0.0171875
0 0.36171875 0.76640625 0.02265625 0.00859375
0 0.38046875 0.78046875 0.01796875 0.01328125
0 0.3984375 0.721875 0.02109375 0.01484375
0 0.421875 0.803125 0.0140625 0.0140625
0 0.55703125 0.71640625 0.01171875 0.0125
0 0.60859375 0.76484375 0.0171875 0.01640625
0 0.57265625 0.7953125 0.01484375 0.01484375
0 0.54765625 0.9453125 0.01796875 0.0171875
0 0.590625 0.7 0.040625 0.0265625