0 0.7101947156249999 0.470904753125 0.6883575546875 0.496427271875 0.6533925359375 0.5781211546875 0.6529356625 0.632656315625 0.6773080203124999 0.6245880015624999 0.7178245921874999 0.53574540625 0.72998251875 0.47478075156250005 0.7101947156249999 0.470904753125
0 0.7959032859375 0.674332765625 0.7580786203125001 0.6777069796874999 0.7384293671875 0.8251377703125 0.812377996875 0.8322273515624999 0.7959032859375 0.674332765625
0 0.3542404772784192 0.835540794716725 0.033276150162155814 0.026944308004454597
0 0.6412807812561786 0.9099890007558595 0.03968979139585791 0.036392033338636054
0 0.6439593165629566 0.667002069422314 0.03670115909060954 0.044168170671545326
0 0.5702085763054845 0.9939249120384982 0.04095228246740401 0.012150175923003558
0 0.353808054795129 0.9050811353834977 0.0175147824674041 0.01894999466899989
0 0.4749968567409983 0.5876765540658606 0.014307961850553141 0.014226132001909165
0 0.6600365097458232 0.8203452454248594 0.0175420560063543 0.020512494668999893
0 0.6875342183499654 0.8566100094286775 0.020667056006354302 0.020548857336090975
0 0.6050586834469293 0.7915748080839962 0.025218188311602673 0.012790901336727067
0 0.5837467451353267 0.8038293600811326 0.02058523538950343 0.015861357336090974
0 0.5723649602322906 0.7396214094127691 0.02373750892845372 0.017460220003181703
0 0.5373257126679225 0.8220430107415421 0.017487508928453722 0.017387494668999894
0 0.4079166765470704 0.7150470287237247 0.014307961850553141 0.014226132001908986
0 0.3477507439175106 0.7596686380489978 0.0206397824674041 0.018986357336090796
0 0.38151208929112795 0.7952248773869975 0.017487508928453722 0.017387494668999894
0 0.3880915515487181 0.9554902153882701 0.02066705600635439 0.020548857336090975
0 0.37547236932290007 0.6935714707192704 0.047447744317957154 0.033357940006363405