0 0.47164546406249996 0.29780784374999997 0.49527494687500007 0.32270322500000004 0.57441385625 0.3671409109375 0.6295391312499999 0.37371413750000004 0.6238217203125 0.34821685 0.5380076578125 0.297376134375 0.47755173749999996 0.278275315625 0.47164546406249996 0.29780784374999997
0 0.6860438265625 0.234123246875 0.6856628859375 0.272668521875 0.832841725 0.30901948125 0.84743236875 0.23519597343749998 0.6860438265625 0.234123246875
0 0.8049475120941775 0.698386083130605 0.030105670671545327 0.0361102168225127
0 0.9086879407224518 0.4161962727275588 0.04111589600572714 0.04242384933607006
0 0.663048176718634 0.3866440863520589 0.048910214672181596 0.04090680113146812
0 0.9886737906985894 0.4987047665792388 0.0226524186028211 0.04547612646343317
0 0.875341828095132 0.7058263992891879 0.022093176002545078 0.01887726502711473
0 0.5657202854073603 0.5485668485505032 0.01580681333545435 0.015715903590796287
0 0.8200703360518613 0.3867764174395604 0.022111357336090976 0.020439765027114642
0 0.8596504567154521 0.3643519715960907 0.022129538669636163 0.022002265027114644
0 0.7855413420591791 0.4404781343602691 0.014371582670272609 0.02664431323171641
0 0.7959521307288153 0.46241222169428653 0.017442038669636162 0.021974993949875808
0 0.7296004247294517 0.46671338143340285 0.020603401336727244 0.02511817466803503
0 0.8090248427354968 0.5117036945669236 0.018968176002545432 0.01885908430895533
0 0.6885316240849507 0.6297446465587134 0.01580681333545435 0.015715903590796287
0 0.7275764900938594 0.695592360356164 0.022129538669636163 0.02200226502711473
0 0.7670747947564959 0.6661366645126942 0.018968176002545432 0.01885908430895533
0 0.9304651327577685 0.6764616070365144 0.022129538669636163 0.02200226502711473
0 0.6638952507558595 0.6608492008134395 0.03806362133990895 0.04865566861791084