0 0.8350979000000001 1 0.7375617812499999 0.6474531265625 0.6525076546874999 0.6626442765625 0.65189833125 0.7376416109374999 0.707440128125 0.9257808046875 0.7297083921875 1 0.8350979000000001 1
0 0.5247351728903272 0.12000890393184353 0.11120232710967279 0.1078699874635877
0 0.623718549109791 0.40506351702225185 0.07611821509696384 0.06624477711788863
0 0.6860025405883742 0.5983792595004045 0.1001011858759707 0.09817673871722885
0 0.8005502357998358 0.6634623533904829 0.04944662094116268 0.05922188730530316
0 0.9198342495995535 0.815446053707052 0.03557503571381489 0.06975021034569906
0 0.6088453457806544 0.22719692979609102 0.0856841298696164 0.07745506175762476
0 0.6712614578125 1 0.6109101578125 0.799710334375 0.53307583125 0.5453979109375 0.472351315625 0.551345721875 0.44684007968749995 0.5851530640625 0.54778909375 0.76568081875 0.586620578125 0.92065296875 0.612607284375 1 0.6712614578125 1
0 0.487869915625 1 0.3934394609375 0.7716472421875 0.3785410859375 0.7904099687499999 0.4126844765625 0.950619075 0.43147460625 1 0.487869915625 1
0 0.5394429984375 1 0.517440046875 0.927510096875 0.5659425234375 0.9181472703125 0.4829780828125 0.6951538953124999 0.4712966703125 0.75084105 0.447733340625 0.6918487109375 0.421900934375 0.6535082265625001 0.37626329687500004 0.652210496875 0.46762602031249995 0.9234047000000001 0.49391823281249997 1 0.5394429984375 1
0 0.414804925 0.368213940625 0.44255187031250004 0.338305771875 0.428643875 0.2983888984375 0.439445934375 0.294858878125 0.42027515624999995 0.22563041093749997 0.39556250625 0.18924283125000002 0.377909621875 0.2121462421875 0.340157303125 0.1753861921875 0.24581288125 0.01307800625 0.2191030203125 0.026897975 0.312332184375 0.1872573046875 0.33928054531249996 0.22754405625000002 0.37454762656249996 0.29799975624999997 0.414804925 0.368213940625