0 0.597833378125 0.7172773640625 0.5285151156250001 0.692872346875 0.47927798906249997 0.7682493078125 0.744599390625 0.963964509375 0.908049390625 0.9563517046875001 0.748075340625 0.83247243125 0.597833378125 0.7172773640625
0 0.08144359897115033 0.3917636608772015 0.10139266693047426 0.10614730024766902
0 0.3029906753767585 0.5803937055432993 0.06146634890464338 0.07464043507002245
0 0.45466317247376453 0.7036213821362665 0.09013691818411544 0.09470037799792799
0 0.4680771516240821 0.8325083614581018 0.057522994985435005 0.046369885855811074
0 0.1459798089211379 0.5065667154680966 0.06946070533113406 0.08125430810555194
0 0.6667990703125 0.6281593 0.5423838515625 0.4725572234375 0.5006781890625 0.4854225453125 0.4700358203125 0.5408695125 0.6719790437500001 0.6991889875 0.922670740625 0.8938304890625 0.9322821140625001 0.8301865718749999 0.7934221484374999 0.71650336875 0.6667990703125 0.6281593
0 0.96317599375 0.62561566875 0.8930994359375 0.56199075 0.75971079375 0.4763358828125 0.736257953125 0.484175740625 0.9529228171874999 0.6935094187499999 0.96317599375 0.62561566875
0 0.9526135140624999 0.6955575359374999 0.8452690234375 0.6048848765625 0.6333855421875 0.4281481375 0.6156678484375 0.47174065781249996 0.6402706968749999 0.5089418203125 0.6848323703125 0.5508761171875001 0.6287086265624999 0.543374284375 0.7996838625 0.6961131609375 0.8284061875000001 0.6533622968749999 0.945226084375 0.7444751078125 0.9526135140624999 0.6955575359374999
0 0.316836940625 0.38627810625 0.35587832656249996 0.3699996421875 0.30790052968750004 0.3085396421875 0.25763231875 0.25171852499999997 0.2316995953125 0.2128136953125 0.12265846875 0.071230415625 0.0988626421875 0.09188699375 0.2092363125 0.23517414531249997 0.22744397031250002 0.2831217296875 0.1990364375 0.292187328125 0.22230488125 0.32767901718750003 0.278113428125 0.36886881250000003 0.2858407578125 0.3598289640625 0.316836940625 0.38627810625
0 0.08792589733443297 0.03793449358985921 0.08352320533113407 0.07586898717971842