0 0.1529707015625 0.8827984765625001 0.2420318890625 0.6988746859375 0.25411506250000004 0.6214283234375 0.169133453125 0.59032499375 0.0481988546875 0.8514694734375 0.0628394859375 0.9990181953124999 0.0965334625 0.9980378 0.1529707015625 0.8827984765625001
0 0.4778869707705402 0.08539766158670495 0.10438127461060631 0.09983016693047428
0 0.32718124326957543 0.3611060184089071 0.07199467194503928 0.05985838479802066
0 0.23022498990436313 0.5492401673926928 0.09160848997087019 0.09009145407749272
0 0.10176502078317554 0.5952011882423752 0.04382420783841652 0.057477530878812286
0 0.3727568530612785 0.18072218494366993 0.08164245658477523 0.0695061694377567
0 0.22881619375 0.9941887656249999 0.2782134796875 0.8994411984375 0.34445169375 0.7466854484375001 0.478965878125 0.5788524703125 0.4584337828125 0.539360365625 0.39693095 0.5222047453124999 0.2737065203125 0.7703186515625 0.1627950765625 0.996109784375 0.22881619375 0.9941887656249999
0 0.502330678125 0.780854528125 0.3721285421875 0.990018803125 0.43689345 0.9881343359375 0.4521876890625 0.9619134953125 0.5144874484375 0.8029065453124999 0.502330678125 0.780854528125
0 0.3482669734375 0.91906936875 0.31237751875 0.9917573796875001 0.364429365625 0.9902428249999999 0.40024216562500003 0.9238779109375 0.540254053125 0.6608114406250001 0.49305394687500004 0.653865765625 0.45996374375000004 0.688712765625 0.42570932499999997 0.7452674203125 0.42312204375 0.685723590625 0.2999244875 0.900610728125 0.3482669734375 0.91906936875
0 0.5252154906250001 0.325086809375 0.548709890625 0.360963978125 0.6020512265625 0.29586776718749996 0.6502964765625 0.2296167171875 0.684865309375 0.19296532500000002 0.8080144406249999 0.044528365624999997 0.7828610359375 0.025429271875 0.6582335515625 0.1756734203125 0.6131406359375 0.2067270765625 0.5988500828125 0.1799052890625 0.5672435515625 0.21294174843749997 0.5357761015625 0.28084900625000003 0.5462976640625 0.286449815625 0.5252154906250001 0.325086809375
0 0.8734973359725196 0.017290170757904972 0.1501196719450391 0.034580341515809944