0 0 0.9989839093749999 0.0355157390625 0.9979505062499999 0.15643176875 0.8097242484375 0.2610283515625 0.6453865203125 0.281712884375 0.57454360625 0.2074652046875 0.5402827046875001 0 0.8782850281249999 0 0.9989839093749999
0 0.55321179083684 0.09316704598901418 0.09044643992586607 0.08692098997087014
0 0.3807464806778883 0.3385657771843957 0.0642460384745874 0.05181856426490725
0 0.2687672919331484 0.5057198364347381 0.08074405771188112 0.07727320533113406
0 0.14501976788653131 0.5405387688046185 0.03924603847458741 0.051091138558944316
0 0.0008060095338288343 0.6559090192003298 0.0016120190676576687 0.06318196159934023
0 0.4450148557202973 0.17436087318604515 0.07227679328391083 0.058295884798020656
0 0.1604872859375 0.99431420625 0.26946699218750003 0.8332153109375 0.3492343703125 0.6962266031250001 0.4936102578125 0.549709509375 0.4796273015625 0.5118584109375 0.425230446875 0.492015075 0.2812983328125 0.7135080859375 0.099318153125 0.9960940468749999 0.1604872859375 0.99431420625
0 0.490093103125 0.7380370671875001 0.291519165625 0.9905015687500001 0.357404015625 0.9885845140624999 0.421615459375 0.902242178125 0.49853683281250005 0.7592175046875 0.490093103125 0.7380370671875001
0 0.28927401875 0.835700975 0.33141575625 0.8558982984375 0.24568128125 0.9884689453125001 0.241680590625 0.991951721875 0.289467778125 0.9905612578125 0.2915835390625 0.9886630203125 0.3785844140625 0.8637065968750001 0.5397933578125 0.629470725 0.497277221875 0.61999475625 0.462557665625 0.6500821875 0.4240828890625 0.7001701125 0.429071125 0.6449351703125 0.28927401875 0.835700975
0 0.5675041875 0.31801164531250004 0.5846565890625001 0.352711134375 0.6417282484375 0.2959581171875 0.6942596296875 0.2378075140625 0.7305612125 0.206146959375 0.8620936046875001 0.0768328078125 0.8413411015625 0.0575428171875 0.7082265921875 0.1884326953125 0.662946190625 0.21423573125 0.6531316281249999 0.1885061015625 0.6199994890625 0.217015046875 0.582681475 0.277782375 0.5916575984375 0.283642575 0.5675041875 0.31801164531250004
0 0.9284226111625928 0.03392491554548434 0.1367758029025577 0.06784983109096868