0 0.065 0.9974999999999999 0.195 0.7875 0.29 0.6325000000000001 0.3075 0.5650000000000001 0.23500000000000001 0.53 0.0125 0.9075 0 0.9974999999999999 0.065 0.9974999999999999
0 0.55234375 0.11015625 0.08515625 0.0796875
0 0.3953125 0.34140625 0.06015625 0.04765625
0 0.2921875 0.4984375 0.075 0.07265625
0 0.175 0.52890625 0.03515625 0.04765625
0 0.0203125 0.63515625 0.03984375 0.06015625
0 0.4515625 0.18515625 0.0671875 0.0546875
0 0.37646999999999997 0.6838225 0.5102949999999999 0.54706 0.49558749999999996 0.5102949999999999 0.44264749999999997 0.489705 0.31176499999999996 0.69853 0.12647 0.99706 0.1838225 0.9974999999999999 0.30441250000000003 0.813235 0.37646999999999997 0.6838225
0 0.52206 0.7485299999999999 0.513235 0.72794 0.3058825 0.9974999999999999 0.37058749999999996 0.9974999999999999 0.45294 0.8838225 0.52206 0.7485299999999999
0 0.44853 0.689705 0.45147000000000004 0.636765 0.32353 0.8161775 0.364705 0.836765 0.286765 0.961765 0.2455875 0.9974999999999999 0.2926475 0.9974999999999999 0.3308825 0.9632350000000001 0.41029499999999997 0.8455875 0.5573525 0.625 0.5161775 0.6147050000000001 0.48382250000000004 0.6426475 0.44853 0.689705
0 0.5955874999999999 0.2941175 0.57353 0.32647 0.5911774999999999 0.360295 0.6441175 0.30735250000000003 0.6926475 0.25294 0.7264700000000001 0.22353 0.84853 0.10294 0.8279400000000001 0.0838225 0.7044125 0.20588250000000002 0.661765 0.22941250000000002 0.65147 0.20441250000000002 0.6205875 0.23088250000000002 0.586765 0.288235 0.5955874999999999 0.2941175
0 0.9109375 0.0609375 0.128125 0.06640625