0 1 0.1062910671875 0.583617884375 0.25646349375 0.6087565374999999 0.3375657265625 0.6809992015625 0.3330870546875 0.855168696875 0.26674446406249996 1 0.210813303125 1 0.1062910671875
0 0.10271610385270125 0.49763470495069423 0.10143813103709695 0.10484323295387146
0 0.3648630996960661 0.382739956572252 0.06142088479802066 0.07134889448011297
0 0.5423228584715547 0.30931391355154114 0.09013691818411544 0.09215231818121908
0 0.5913022645814763 0.1946025771063775 0.057568459092057725 0.046294347402212256
0 0.7240883693586145 0.06183276176453224 0.06850595909205773 0.046485262174864615
0 0.1954144177218971 0.40945464082666494 0.0695061694377567 0.0808602621748646
0 1 0.2699446640625 0.7457957687500001 0.3684718546875 0.5107075703125 0.46081105468750005 0.5239422421875 0.5190450296875 0.5596294625 0.5413946578125 0.72085810625 0.43172092968750003 0.8651791 0.3837547375 1 0.3276172828125 1 0.2699446640625
0 1 0.450047071875 0.7456916171875 0.5803584203125001 0.76558918125 0.593476684375 0.9155294093749999 0.5496835109375 1 0.50953506875 1 0.450047071875
0 1 0.40342128125 0.8803347390624999 0.45009243750000005 0.8653257234374999 0.4038908375 0.661009309375 0.4990676921875 0.7160400265625 0.5065849250000001 0.662188434375 0.5333234578125 0.6284900703125 0.5608577218749999 0.6328864421875 0.605013278125 0.8825459953125 0.498470425 1 0.44751812031249993 1 0.40342128125
0 0.3548391609375 0.586984953125 0.32262743125000004 0.5622130750000001 0.28593717500000004 0.5783395875 0.281204203125 0.5681475781249999 0.2169594109375 0.5913362265625 0.1850017484375 0.6176573046875 0.20922446093749997 0.6331555796874999 0.1785213234375 0.6720929765625 0.0340077734375 0.7741583203125 0.050610112500000005 0.799015746875 0.193386296875 0.698158971875 0.2288194484375 0.6694156437500001 0.292254134375 0.6306014265625 0.3548391609375 0.586984953125