0 0.43949438125 0.25550955000000003 0.504105428125 0.291310540625 0.5546421609375 0.2287691984375 0.3199044875 0.00186115 0.185654759375 0.0010801078125 0.3025749734375 0.11880038281250001 0.43949438125 0.25550955000000003
0 0.9130857020096688 0.6589968510845858 0.10931335779368574 0.10684996369925485
0 0.71206371537561 0.439151462815492 0.0683397472985769 0.07381020472226432
0 0.5747849813017998 0.2946515081914235 0.09773882096198286 0.0958488311856975
0 0.5682858103680519 0.16965605337096332 0.060542657850155376 0.047211343285945874
0 0.49172476841585144 0.008327667930539774 0.06782453683170289 0.011328385440423564
0 0.8583765442301005 0.5376258451326577 0.07660727360693613 0.08166815651766228
0 0.36953275625000004 0.32749073906250004 0.47990020624999996 0.4978297109375 0.5201534375 0.49322958593750005 0.552032134375 0.4462073109375 0.3681704875 0.25914843906249996 0.1155828296875 0.004265190625 0.1034610734375 0.0619787109375 0.253700059375 0.2205676828125 0.36953275625000004 0.32749073906250004
0 0.0642771390625 0.24853933125 0.1512958 0.3489974140625 0.2736886015625 0.4546028546875 0.2963549859375 0.451441809375 0.0776722578125 0.1847631515625 0.0642771390625 0.24853933125
0 0.10717088749999999 0.1625298734375 0.089263415625 0.1295759015625 0.07953122968750001 0.175912309375 0.09647137812499999 0.205992840625 0.1988697484375 0.3170212453125 0.3912495421875 0.5233687296875 0.41025966406250003 0.485237184375 0.3887568140625 0.44545070156250005 0.3485356125 0.3975325421875 0.40146203593749996 0.41488798125 0.2467319765625 0.2387730328125 0.2173126328125 0.2740986671875 0.10717088749999999 0.1625298734375
0 0.689786765625 0.6208375687500001 0.65189293125 0.629162275 0.6943806328125001 0.696230771875 0.739275921875 0.75931538125 0.7619564609375 0.8009609890625 0.8584248328124999 0.955193740625 0.88205884375 0.939933940625 0.7844102515625 0.7838413859375 0.7695192734375 0.735024534375 0.796952640625 0.7316041859375 0.7766314953125 0.6936831625 0.725691571875 0.64441995 0.7179000015625 0.6515880296875001 0.689786765625 0.6208375687500001
0 0.8849122832832338 0.9772634994108248 0.10291216837349922 0.04547300117835036