0 0.09375 0.7109375 0.1375 0.12265625
0 0.075 0.0921875 0.1296875 0.08984375
0 0.1921875 0.0984375 0.0953125 0.10234375
0 0.0546875 0.16328125 0.109375 0.0328125
0 0.3625 0.1640625 0.11015625 0.1125
0 0.375 0.2859375 0.1046875 0.0828125
0 0.13984375 0.3171875 0.2796875 0.0796875
0 0.5984375 0.68125 0.1078125 0.1421875
0 0.825 0.72890625 0.1203125 0.128125
0 0.71015625 0.6921875 0.0546875 0.05
0 0.87109375 0.87734375 0.0375 0.075
0 0.97890625 0.87890625 0.0421875 0.04765625
0 0.6109375 0.77109375 0.0625 0.0421875
0 0.67734375 0.4453125 0.08515625 0.075
0 0.61875 0.2453125 0.10234375 0.1
0 0.4890625 0.14765625 0.10234375 0.05
0 0.09765625 0.459375 0.0828125 0.05625
0 0.2375 0.43671875 0.059375 0.0609375
0 0.8359375 0.35546875 0.075 0.0609375
0 0.68359375 0.32734375 0.0390625 0.0328125
0 0.86484375 0.515625 0.1515625 0.065625
0 0.75625 0.51484375 0.059375 0.0515625
0 0.59609375 0.4890625 0.0609375 0.040625
0 0.56875 0.36640625 0.03125 0.0671875
0 0.46171875 0.32265625 0.0484375 0.0609375
0 0.515625 0.62109375 0.05625 0.0328125
0 0.759375 0.6015625 0.078125 0.05
0 0.80234375 0.66171875 0.1046875 0.0734375
0 0.603125 0.5890625 0.071875 0.046875
0 0.33984375 0.45234375 0.0578125 0.0578125