0 0.06561371996341078 0.6136625242004967 0.13122743992682157 0.15079995159900647
0 0.17618069199554567 0.032512518150372614 0.14763861600890865 0.06502503630074523
0 0.29004319732654577 0.049322768248568474 0.11678860534690845 0.09864553649713695
0 0.14135115865690953 0.0710477773237548 0.11471702800763603 0.05691359621281209
0 0.4397608393141373 0.138838223560008 0.13281359468490822 0.13513859016268787
0 0.4234989452975926 0.26079958197126435 0.12153064934754472 0.10538745764913049
0 0.18704382463400152 0.23952052137182647 0.29226132001909005 0.1423158067888089
0 0.5473416939051863 0.695205877347196 0.1393908586887264 0.16329995159900648
0 0.7555803605585958 0.7916440192305272 0.14707608935390812 0.15240790339440444
0 0.6531735232336409 0.7305252329297819 0.06477157200827222 0.06131020472226432
0 0.7654991585375969 0.9462633415374299 0.054070429344363194 0.08155907220870731
0 0.8691326885344152 0.9690963326586355 0.052162484006999674 0.051862481849627426
0 0.5376934265595504 0.7858808743221338 0.07094884667409058 0.05509656615858276
0 0.6794927646005939 0.4827326275435876 0.09951019867918127 0.09276019262201593
0 0.6694108819621382 0.27499285041622457 0.12483746268299925 0.1210306383672898
0 0.5669591386457736 0.15059735929501913 0.11333634134309048 0.07252950585373248
0 0.11288761461650232 0.3688494730690287 0.09460452267663592 0.0739829215447771
0 0.25418477661522965 0.3774017955723233 0.07272952267663593 0.07385565651766246
0 0.8551018392743664 0.42937075732667046 0.08839088534372692 0.07707156010845857
0 0.7136234112826386 0.36926048000291567 0.04578521467218159 0.040888620413308895
0 0.8453893899188673 0.5926974591220685 0.16364542401336307 0.09938289734428025
0 0.7394393819223672 0.5675343535394826 0.0694954346753633 0.06446247579950323
0 0.5901484539306395 0.5074695280111259 0.06936816534054521 0.05352497579950324
0 0.5923933012810478 0.381683732831586 0.046148841343090476 0.07213862041330898
0 0.49863475795672924 0.3158274495559029 0.06175566000954511 0.0706670240041051
0 0.481045079248913 0.6190342627876195 0.06302725867281786 0.04567611436318479
0 0.7220422492441404 0.6527860523098186 0.08826361600890884 0.06613406010845857
0 0.750148520568141 0.7213678806668457 0.11985906134627218 0.0960033672900508
0 0.5733689392505038 0.606779181601922 0.08197725334181775 0.06297269867214013
0 0.3498330839433662 0.4151239884889268 0.06954997867599957 0.06914997579950324