0 0.9405817360359527 0.6124854654477707 0.11883652792809443 0.1554147287263694
0 0.8221749920034999 0.03056277887587892 0.14747498400699968 0.05241699375348406
0 0.7098840773392725 0.04787702302214645 0.119768154678545 0.08819086729005095
0 0.8561414593411815 0.06278947159609069 0.10219884667409077 0.05527837334017516
0 0.5593488226845901 0.1352765081914235 0.13911813868554468 0.1398624515990064
0 0.578762988701453 0.25959979732083915 0.12469201201463562 0.1085306383672898
0 0.8120658373647258 0.23595880600324196 0.2829226826861809 0.1453862646343312
0 0.46051625942867747 0.7049754089535494 0.14257040268936266 0.16800563231716553
0 0.2492162274426768 0.8068641201187212 0.15181813335454447 0.15712267447164335
0 0.3531492021005408 0.7426294241770557 0.06791475334181776 0.06289088544042354
0 0.2416502701304485 0.9615283733401752 0.05559656667727229 0.07694325331964968
0 0.13798037746653932 0.9815454366700876 0.05043635200509069 0.03690912665982467
0 0.47096395810785874 0.797217451108027 0.07411020934118148 0.05823974687674216
0 0.3213066667329515 0.4901175025340828 0.10423406134627218 0.09591246369925485
0 0.327427755370771 0.27766749950902064 0.1280170066836356 0.1257363190854491
0 0.43062438602004455 0.15015155356735507 0.11491702267663584 0.07410109621281213
0 0.8971504567154523 0.3645701402140015 0.09618520401018138 0.07555451190385672
0 0.7535368167170431 0.3754525771786767 0.07587270401018138 0.07543633723582169
0 0.14181861405949725 0.4390766564194665 0.08998974801081765 0.08020565046753828
0 0.28480499805058856 0.37428796945479137 0.048946577339272504 0.04403180113146821
0 0.1546833354153144 0.604765288933024 0.16682496801399935 0.10408857806243947
0 0.26139641207826914 0.5780442285299777 0.07263861600890867 0.06604315651766228
0 0.4129856367361332 0.5140867885402404 0.07094884667409058 0.05509656615858276
0 0.40836976738540665 0.38594360782208115 0.04774770401018138 0.07527271077238851
0 0.5028641073758617 0.3161856197259379 0.06491702267663584 0.07381020472226432
0 0.5267765114178597 0.6256787943939729 0.0630454400063634 0.04723861436318479
0 0.2811554760900413 0.6648720628389331 0.08984429734245411 0.0677056504675381
0 0.2546298860995863 0.7350254815550399 0.123020424013363 0.09914654800821018
0 0.4321270827498144 0.614972577669656 0.08353975334181776 0.06298178903121965
0 0.6571436220559974 0.4162952249157404 0.07271134134309047 0.07229315651766247