0 0.032210916668169734 0.7009350582314575 0.06442183333633947 0.14233134215265544
0 0.02794306348223536 0.03663021879233554 0.05588612696447072 0.057635437584671066
0 0.1121703602152477 0.046602762324471886 0.11094180810555185 0.07283771370395288
0 0.01004493403656528 0.09045790366347314 0.02008986807313056 0.03716580732694628
0 0.29994003391273083 0.10108330167273674 0.1293322431755744 0.13303158525525038
0 0.3100148930945212 0.23788061680159914 0.12148120181924557 0.09832903663473136
0 0.10286382671680169 0.2642439637039529 0.20572765343360339 0.10348792740790583
0 0.5452523023190927 0.6856441666653136 0.12937078453190337 0.16732469810012063
0 0.7961212894988112 0.7473473857963333 0.14419526385373888 0.1509560696514182
0 0.6689616300693518 0.7030916954981288 0.06519266046291676 0.06108798620519007
0 0.8423498184491433 0.9150162426483097 0.04611732878371626 0.08658595318850323
0 0.9478913430562492 0.918981125619568 0.025911836641598997 0.05435330732694617
0 0.557000977464318 0.786503981794176 0.07256851282028158 0.05212242198083885
0 0.6411449609199827 0.4259626294647553 0.0993151033908223 0.09093261646291495
0 0.5826925678254616 0.20126584463904623 0.1208647717116218 0.1185596494796016
0 0.44072985380510693 0.08809970205684954 0.11831766046291677 0.06387214947960165
0 0.02073622332597954 0.41874335594746526 0.04147244665195908 0.06873671189493055
0 0.15133759822353565 0.3995097563315781 0.07046235731976358 0.07383364767057934
0 0.8200940603818634 0.3335305472617226 0.08921235731976367 0.07481629353213633
0 0.6519091406133218 0.29573954093014454 0.04549659057054054 0.03979284034363299
0 0.8470267797789017 0.5119355082521421 0.17380568114108144 0.08392569990914289
0 0.7258966424753487 0.5063705037295863 0.06988016046291676 0.06133364767057934
0 0.5489360361890424 0.4720353680447945 0.07093323821317572 0.050478034825709096
0 0.523236177007252 0.3344191813646346 0.03943068114108108 0.07688340456798422
0 0.40507052791687476 0.28202012041964375 0.05796235731976349 0.07317855042954129
0 0.4553400858175388 0.6151468809350933 0.0643193651776464 0.04233798620519007
0 0.7268533668347855 0.6035321087725404 0.09175516046291676 0.062480067842395924
0 0.7730155833363395 0.6717365541591276 0.12104455417661057 0.08895403663473136
0 0.5531440390845265 0.5834641909755731 0.08379711124870504 0.05894563206674715
0 0.26545360215247704 0.42115346223361483 0.06868153349844608 0.06906426051544959