0 0.38068922787409354 0.03382576755097725 0.14887845574818703 0.0676515351019545
0 0.9853788819268694 0.1722070589876449 0.029242236146261293 0.11510817445232169
0 0.9774764906943751 0.058394611574069666 0.0408818651776464 0.04019910266556703
0 0.9360927424517034 0.3503608027194388 0.12781451509659333 0.1415463054894186
0 0.8101799445805351 0.34645821588898934 0.11378001778268043 0.13126202335696496
0 0.800064274192821 0.12927071588898933 0.13271841645877275 0.23635870031656916
0 0.35419542596928544 0.5333985555559255 0.17998721463952716 0.14567151583511767
0 0.27537702894582283 0.7727314916867297 0.1664341368892682 0.1561998388755134
0 0.3276950461093306 0.6530805697416906 0.06719180810555185 0.06905152837152997
0 0.10697378535596362 0.8018830972552907 0.08841183664159917 0.055625525864247294
0 0.09498966976403245 0.9141019524281401 0.05999573821317572 0.0485571719450391
0 0.2541226513621796 0.5347457583797771 0.06130568114108117 0.0766821719450391
0 0.600678781841307 0.6521783331360327 0.10018839867609249 0.1074608105039836
0 0.8258585643062958 0.615898537675744 0.13096751778268043 0.1317621285298145
0 0.948234370344933 0.48873298093268414 0.07747864474715094 0.1224038489046432
0 0.6547089247309403 0.03517282996867615 0.07536818114108108 0.0703456599373523
0 0.6630030758882322 0.17628577137840795 0.07849318114108109 0.07718227711788868
0 0.679687847390457 0.836851198338012 0.08241870181924557 0.09446070533113407
0 0.7284784501621066 0.6750582404995955 0.04444351282028158 0.049665030878812466
0 0.5024896466046685 0.8451363744396863 0.10502575599585598 0.1778187746106063
0 0.5158179383752822 0.7281845551602142 0.0690454065339754 0.07534699247815269
0 0.5633906435042967 0.557039329375109 0.056472631926869354 0.07342077962517113
0 0.6997455204687675 0.5452487200456244 0.08023546360606985 0.047585705331134064
0 0.7603126852749102 0.43474547756747184 0.07634848428423417 0.06463681301126592
0 0.42942655831043963 0.45219636817148023 0.048441808105551945 0.06850595909205773
0 0.4207408788219883 0.7192163836108865 0.07148120181924558 0.09414245658477541
0 0.3505396947854231 0.7572452325155298 0.10425946856846853 0.12786423871722885
0 0.45357899586166156 0.5508468168386967 0.06650260339082212 0.08775606426490726
0 0.6336495237785364 0.2850984817241069 0.07522263192686936 0.07396634890464338