0 0.42055359169837014 0.9505908130679506 0.1605833751693421 0.09881837386409878
0 0.9977336516273082 0.8892705167447138 0.004532696745383547 0.13336046360606985
0 0.9770626255080263 0.7798398587629964 0.04587474898394746 0.12409677956950453
0 0.9811774550532965 0.9189558626919379 0.03764508989340705 0.08826628742738762
0 0.908958835932619 0.6143732164970448 0.14791295680654776 0.14561221463952717
0 0.7807895703287867 0.6224318114108115 0.11600785956550971 0.13165672249741006
0 0.8086157564431197 0.8559720574818701 0.15191213930283637 0.28140416542531527
0 0.3146212584792846 0.4565412142252424 0.17776423111680745 0.1501199321745384
0 0.20447389529573012 0.2285189139775734 0.16583744120271576 0.16047523531769156
0 0.2727469397323777 0.34158614826180766 0.06758364767057934 0.07017125889134021
0 0.04658283016686774 0.20479881596343472 0.07482293758467107 0.05959763192686944
0 0.021892689393693376 0.1054516333746115 0.034450243102595035 0.032778266749222996
0 0.21963630709980367 0.45835196319178506 0.06166119629109836 0.07613016046291676
0 0.5349636567156908 0.33353616955914467 0.10236143939369349 0.10919952564056316
0 0.7553956654221181 0.36094850185751765 0.13335913387576923 0.13558224317557438
0 0.8909790405914603 0.47948879424730373 0.08122342378986111 0.12224318114108108
0 0.67989429217334 0.9427185785743193 0.08172139077317446 0.10200345574818712
0 0.6641796817033189 0.79157345553879 0.08049308344622812 0.07856595574818712
0 0.5839356659879451 0.1526714673256143 0.08608134215265544 0.09597177956950462
0 0.6543787200355309 0.3071449516098486 0.04464411465389269 0.04883991439185813
0 0.4115660210308992 0.15009862324041706 0.10892569990914289 0.1749700748547749
0 0.44246189620024123 0.2637630169541108 0.07095430913596842 0.07500430810555185
0 0.5125740796010408 0.42679386393479213 0.06009869629109836 0.0760573858558109
0 0.6454275231786057 0.43376095553878996 0.07901911465389269 0.05044095574818712
0 0.7195001882620395 0.5385255382514478 0.07835737336031982 0.06755568114108108
0 0.3996790111928181 0.5329817437947469 0.048751760515449584 0.06773546360606986
0 0.35183357417397393 0.27434945243841813 0.07358134215265535 0.09538958271265781
0 0.2791020810713789 0.2397882078151016 0.10655097241038014 0.1296575748547749
0 0.4078423139972086 0.4359440779551468 0.06848440637700666 0.08735875889134022
0 0.6205757666198851 0.6882279776646966 0.07564180913596844 0.07522263192686936