0 0.13155596456822982 0.7897721072240934 0.156652656344514 0.15780186562705048
0 0.022986171162152902 0.1492333374524299 0.0416809665650001 0.1140916749048598
0 0.08906511284152789 0.13787668479069154 0.12165940729444454 0.12983869171077375
0 0.013812499334409908 0.22456891847906918 0.018314895326597264 0.04913783695813834
0 0.27811008225631956 0.1783610578321157 0.13917421561506949 0.14460152866891204
0 0.31928255575517384 0.30413964923887826 0.12591049620027786 0.11127969269935693
0 0.12182763392743086 0.3718033572240934 0.2296173776591668 0.14048171444818677
0 0.6378942707046533 0.680058797983465 0.14299019984750014 0.1744163626613009
0 0.8809357558870143 0.6930840158916929 0.15363675911805572 0.16236203163466173
0 0.7548271975663894 0.6738963226980443 0.06864220364722229 0.0652376808363588
0 0.961643508071216 0.8407667822033152 0.05665134992375016 0.08660334486680377
0 0.6704541571975353 0.7711440544092556 0.0747103656913195 0.057679848821136484
0 0.6654328167730906 0.4212713884016444 0.10530705547083344 0.09795202174882985
0 0.5601056178755209 0.22185236714710616 0.12947190729444458 0.1301570266917457
0 0.4044719072944446 0.14136241802195862 0.11733427678548622 0.07814885771838495
0 0.07239394443225738 0.528232429353484 0.09862064437666673 0.07894735376405215
0 0.2110557477188893 0.4831493755128822 0.0751831443766667 0.0779923488211363
0 0.8086353432742364 0.30300550254582 0.09088087955902786 0.08175401878308027
0 0.6453904608654168 0.2979148014435061 0.04785692496187508 0.0440975098858317
0 0.8740635875746531 0.46489534889549855 0.17260365824437507 0.10537720258518882
0 0.7620545500555906 0.48140507516950226 0.07336607123840296 0.0669911818249421
0 0.5918693366247225 0.4799341225843136 0.07314786569131933 0.0576161818249421
0 0.5359258483082294 0.3566756947137043 0.0470945119678472 0.07840884288963731
0 0.4166303344405211 0.3283995030029306 0.06261040919430556 0.07435801285158128
0 0.5384021105604171 0.6307352772232184 0.06511716014423605 0.04792284684397004
0 0.7852212527528823 0.5713270796181267 0.09218880642076392 0.07088018577927464
0 0.8435071846486117 0.6275571749792219 0.12412979065319477 0.10184102570316256
0 0.6215951638470492 0.5833920450177155 0.08430357123840296 0.06743685079830275
0 0.31954039494534764 0.48288673174839225 0.07354790919430557 0.0748036818249421