0 0.5668646074407498 0.44594693472321206 0.032706084186749605 0.02682010523343692
0 0.8825057470162282 0.32016860081881116 0.02949007892507751 0.02507559471009326
0 0.9847619798805012 0.7655728351043829 0.030476040238997727 0.033252115756780755
0 0.527558454711092 0.5517110873116957 0.03288809471009326 0.02994510523343692
0 0.7028630206231644 0.4121572216960893 0.03913809471009326 0.03030912628012441
0 0.4949195309347466 0.650815716222656 0.03574007892507787 0.025439615756780755
0 0.9120663174841009 0.9353763718654985 0.02976309471009344 0.02976309471009344
0 0.5374802153050228 0.47979828995664897 0.03288809471009344 0.02994510523343692
0 0.6950813417263214 0.3593052374811049 0.030127115756780752 0.036013094710093264
0 0.6003897389825461 0.48318932948977517 0.023331084186749607 0.026274073663405773
0 0.48826625448521294 0.7923052662085386 0.03241765785015538 0.04860409997176518