0 0.531310116784825 0.5480627678536122 0.036801318025830906 0.03031479139585791
0 0.8558507787007343 0.6989663433384319 0.03050585391920819 0.028643197240056394
0 0.9723082236735341 0.24654254707131013 0.03850021034569906 0.0350295649348082
0 0.49212193316130326 0.43571672645775433 0.03372178213245362 0.031822744317957154
0 0.6723586656103261 0.5919099995896676 0.03997178213245363 0.03193183847375849
0 0.46019232007089494 0.33130591598717307 0.03988085391920819 0.02880683847375849
0 0.8975258693586146 0.06486012458801997 0.03376724623907634 0.033385244317957155
0 0.501335460279192 0.5108394573830308 0.036846782132453626 0.03187729139585791
0 0.6630124093421198 0.6464065848170153 0.03399456677218957 0.041197744317957155
0 0.5661792102791919 0.5119713092494701 0.024255853919208193 0.028534103084255236
0 0.45594142610167426 0.1852121659871731 0.03431281551854859 0.05213524431795715