0 0.5399203067313607 0.4921112244649569 0.03626476400381797 0.029170674452321778
0 0.8506203547103617 0.34651654578949315 0.031577264003817974 0.029034282132453626
0 0.9895197700509067 0.7966338692256004 0.020960459898186557 0.036801318025830906
0 0.5099611814130872 0.6021394423325033 0.03473862667090888 0.03225021034569906
0 0.6761117980585428 0.4507768337944416 0.04100680800445424 0.03399456677218957
0 0.486179330760632 0.7060995166265405 0.04097044533736351 0.03086956677218975
0 0.9367445941279031 0.9691249831739386 0.029942038669636163 0.022738818025830908
0 0.5130129087364513 0.52881560259906 0.03630112667090888 0.032295674452321774
0 0.6622032920512249 0.3964841388881487 0.0348477146721816 0.04162521034569897
0 0.5778384774029058 0.5291398630239013 0.025327264003817972 0.028852425705962935
0 0.49255769478035843 0.8515484089464085 0.03497498400699968 0.05256271034569906