0 0.718865790625 0.066853521875 0.6745588812500001 0.05612898281249999 0.61312660625 0.4707837265625 0.6085308390625 0.635078265625 0.60353183125 0.743250265625 0.6309677421875 0.7525590140625 0.657208925 0.7429035984375 0.6731891531249999 0.706753821875 0.8064861609375 0.0880621328125 0.7430692421875 0.0727119953125 0.7345958296874999 0.07332885156249999 0.718865790625 0.066853521875
0 0.512185125 1 0.51644719375 0.85756491875 0.5187117390625 0.641349915625 0.5330962718750001 0.354702584375 0.5731125718750001 0.0315737875 0.548144525 0.025530242187500003 0.5226096796874999 0.0243409375 0.493962690625 0.166817515625 0.4753486140625 0.40408622968749996 0.46030908125 0.6022023546875 0.43278574843750006 0.7122589125000001 0.42057405625 0.8593698453125 0.4316773109375 1 0.512185125 1
0 0.5844554375000001 1 0.5781790640625 0.8891812765625 0.5934478609375 0.499368640625 0.6033223750000001 0.34002012656249997 0.6566563109375 0.051795643749999995 0.5750383234374999 0.032039915625 0.5259471812500001 0.43300775937499997 0.5202510015625 0.6267158171875 0.5219087499999999 0.8021949968750001 0.52652373125 1 0.5844554375000001 1
0 0.4685472703125 0.48080816875 0.4564112171875 0.3911653671875 0.41292124531249996 0.37563634375 0.39926735 0.5140611453124999 0.3949568109375 0.6480778843749999 0.4181183953125 0.657018990625 0.46284038125000004 0.5677994734375 0.4685472703125 0.48080816875
0 0.4862082973027082 0.11180456472058045 0.04298889342673604 0.10345463978475226
0 0.45428484365548594 0.17288545988201623 0.04011716014423605 0.04713186517764645
0 0.417364112272847 0.2806594185256873 0.03695579255305557 0.04542381596343468
0 0.35622332446944405 0.4545656453663236 0.04575021751493065 0.08797518899896417
0 0.3608107605461451 0.929512141437382 0.0500376740119445 0.07100601282028159
0 0.6185161174037492 0.8453170396991897 0.08677656743868063 0.17416955417661056
0 0.7507721050546523 0.5057901209641054 0.07322190729444458 0.12827485731976368