0 0.4162387140625 0.5435864359375 0.40618398281249996 0.3744281015625 0.40158841718750005 0.262781871875 0.37260155781250004 0.2570140171875 0.34654540312500004 0.2705340140625 0.3333991203125 0.30981666093750004 0.2525857953125 0.9601311390625 0.32733921875 0.968013709375 0.390645015625 0.97468915625 0.4162387140625 0.5435864359375
0 0.47298761875000006 0 0.48066274531250003 0.1335236546875 0.497777034375 0.35561814687500004 0.5087877656249999 0.65162866875 0.496976734375 0.9830515296875 0.5501149078124999 0.9811959046875 0.565830809375 0.8389591984375 0.56359885625 0.5930159546875 0.5612191484375 0.3877260234375 0.5795647374999999 0.2710429203125 0.578868965625 0.118461209375 0.5589195515625 0 0.47298761875000006 0
0 0.3985458734375 0 0.4144818234375 0.1095996625 0.43385985937499993 0.5115538 0.43805380156249996 0.676366146875 0.40949840000000004 0.9766771999999999 0.4766726484375 0.9837605640625 0.49494158749999995 0.9831225984374999 0.509083278125 0.570322046875 0.4975133171875 0.3708411734375 0.4800368046875 0.1910719140625 0.45876483593749995 0 0.3985458734375 0
0 0.5636799015625 0.5133812546875001 0.5841907328125 0.6036600046875 0.630208709375 0.6135961046875 0.6317735609375 0.46972545468750004 0.6241481609374999 0.3316638640625 0.5995799265625 0.3256841265625 0.5617147890624999 0.42336356875 0.5636799015625 0.5133812546875001
0 0.5786048301240851 0.8942285942027339 0.038718149347544896 0.10599702885594056
0 0.6059662141151765 0.8276214475607784 0.03958975867281787 0.04667659255827132
0 0.6343173860995863 0.7117409872164921 0.036464758672817864 0.04656746515360979
0 0.6813816480744511 0.5248659805930703 0.04009883601209037 0.09042659255827132
0 0.6343028220082724 0.03881191870483797 0.04769316000954511 0.07194941106992567
0 0.3770181280235444 0.1603422114405946 0.08172380935708982 0.17778274881887363
0 0.27186119740608755 0.5266616706037546 0.0686783693507265 0.1304712392002269