0 0.985 0.6925 0.9625 0.6224999999999999 0.971875 0.5625 0.5625 0.590625 0.40750000000000003 0.62 0.305 0.6375 0.3025 0.665 0.3175 0.6875 0.355 0.6950000000000001 0.985 0.6925
0 0.990625 0.4609375 0.9974999999999999 0.4140625 0.8203125 0.4171875 0.59375 0.4484375 0.4046875 0.475 0.2953125 0.471875 0.1546875 0.490625 0 0.5375 0.003125 0.6125 0.178125 0.5796875 0.38125 0.5375 0.653125 0.4921875 0.990625 0.4609375
0 0 0.6890625 0.1625 0.64375 0.53125 0.578125 0.6828125 0.5546875 0.9671875 0.5453125 0.99375 0.4625 0.578125 0.5015625 0.3953125 0.5359375 0.23125 0.5734375 0 0.6296875 0 0.6890625
0 0.5203125 0.4578125 0.6015625 0.428125 0.60625 0.384375 0.4734375 0.4 0.346875 0.4234375 0.34375 0.446875 0.4375 0.4703125 0.5203125 0.4578125
0 0.8703125 0.3984375 0.096875 0.021875
0 0.80625 0.38125 0.0375 0.03125
0 0.696875 0.36875 0.0375 0.028125
0 0.51953125 0.34765625 0.0796875 0.0265625
0 0.07578125 0.44921875 0.0609375 0.0359375
0 0.2125 0.67265625 0.15625 0.0515625
0 0.5609375 0.7265625 0.1125 0.046875