0 0.574141834375 0.016705821875 0.43860771875 0.012762181249999999 0.4347982109375 0.013609764062499998 0.58228040625 0.42223633125 0.65711261875 0.5734965359374999 0.70467215625 0.673952025 0.732917671875 0.6703758640624999 0.751030153125 0.650096665625 0.74753910625 0.610250071875 0.574141834375 0.016705821875
0 0.4572280078125 0.3518863828125 0.3349710734375 0.0358204375 0.28664931562499996 0.0465716109375 0.3331767671875 0.198374409375 0.43086595 0.42207196874999997 0.512871021875 0.608635790625 0.5418118 0.7206814015624999 0.6017996171875 0.8596720812499999 0.6880846546875 0.99721271875 0.764860921875 0.9801306640625 0.6840312234375 0.8159866875 0.5822710921875001 0.61858445 0.4572280078125 0.3518863828125
0 0.4087016046875 0.0194160328125 0.336856853125 0.035400868749999995 0.4885962265625 0.4261538671875 0.576584953125 0.604615821875 0.6622028734375001 0.7632936031249999 0.7809123734375001 0.9765593546875 0.83995828125 0.9634221515625001 0.7527039921875 0.8176339734375 0.5789367578125 0.45683302968749995 0.5110525781249999 0.307750753125 0.41829857343750004 0.0203275390625 0.4087016046875 0.0194160328125
0 0.4617760640625 0.49474873906249994 0.40825366250000006 0.418639815625 0.3631093875 0.4236061109375 0.4176802640625 0.5553388234375001 0.4782347953125 0.6789696703125 0.5025991984375 0.6769340765625 0.498561221875 0.576274190625 0.4617760640625 0.49474873906249994
0 0.30035678015178685 0.1515387340983754 0.04945085475263546 0.10288095909205777
0 0.30159562798434003 0.2202432699917527 0.04247134288963732 0.04649456677218975
0 0.3210870687065306 0.3347376790046682 0.03934634288963732 0.04640363855894432
0 0.352069107755566 0.5205758906040084 0.050440351786885884 0.08886392319868044
0 0.5833216967280517 0.9486794732113157 0.054427514828747546 0.0718128155185486
0 0.7668332391999472 0.7604988262725941 0.09756470258518864 0.17294941818411544
0 0.7183095785923623 0.3931150979802065 0.08009335969555131 0.12718227711788863