0 0.27947343281250003 0.008131846875 0.22954716875 0.6343116 0.2346841390625 0.6762109546875 0.258242121875 0.6943492453125 0.2887760390625 0.6935354109375 0.3166386484375 0.58169690625 0.36198304062500003 0.41278110312500005 0.42008698125 0.0122232828125 0.27947343281250003 0.008131846875
0 0.38787922343750003 1 0.4381791328125 0.8697400312499999 0.47060586875 0.715931265625 0.4762991890625 0.5950503406250001 0.5213884109375 0.3883587328125 0.5747801578125 0.14062936406249998 0.5860788718750001 0.019761378125 0.5295111875 0.0161348796875 0.47810542187499994 0.319764690625 0.40542026093750005 0.616487628125 0.3419258578125 0.8375880578125001 0.29866438125 1 0.38787922343750003 1
0 0.2818038859375 1 0.3532570171875 0.7794236125 0.4083183328125 0.6010846609375 0.4615003671875 0.40184021562499994 0.527371215625 0.0159976875 0.5087275265625 0.014802459374999999 0.44105037812500003 0.0128332546875 0.41166560625 0.28259569375 0.373155896875 0.448139075 0.269976728125 0.8502963171875001 0.21620719375 0.9992726453125 0.2275527828125 1 0.2818038859375 1
0 0.5647485156250001 0.52450901875 0.593076415625 0.3790979046875 0.54444038125 0.38117615 0.5049139171875 0.46871054531249995 0.48421002812499997 0.5591837203125001 0.5022214921875 0.664263490625 0.5283278 0.662472971875 0.5647485156250001 0.52450901875
0 0.5995424021674468 0.08627641310304357 0.03251802273741298 0.10863085391920828
0 0.6130199703425048 0.15862878622258175 0.037656508897248565 0.043233174452321686
0 0.6182101946393422 0.28079930291562916 0.03453150889724856 0.043142246239076344
0 0.626626236616946 0.47737042603516733 0.03644151878308044 0.09001724623907634
0 0.47713830080049036 0.9595344051854848 0.04498884783255317 0.06997753087881264
0 0.24222608441231824 0.7931352007122806 0.06956703657757739 0.17525606426490725
0 0.21188991597043016 0.4050752595669114 0.06140702669174569 0.12819920783841657