0 0.549175828125 0 0.5683325328125 0.41856824687499994 0.59563836875 0.5803341750000001 0.611655090625 0.687438771875 0.6407353828125 0.6882181609375 0.6649487734374999 0.670847628125 0.6738215140625 0.630721790625 0.68603915 0 0.549175828125 0
0 0.39179273124999997 0 0.39089846875 0.1579361578125 0.41842616875000005 0.3951796265625 0.4419114265625 0.5931223828125 0.4359021109375 0.70888665625 0.4523031140625 0.8561849968749999 0.48852663593749995 0.9827670875000001 0.5726045328125 0.9773955328125 0.5472613890625 0.8253939546875 0.507565053125 0.613652275 0.46625284999999994 0.3294890359375 0.44320707343750004 0 0.39179273124999997 0
0 0.445218296875 0 0.474337734375 0.40809046406249994 0.5062561125 0.5989012828125 0.54194854375 0.7696914968749999 0.5882775078125 0.97639421875 0.649971453125 0.9724527265624999 0.614763503125 0.8375642984375 0.5543154125 0.452429584375 0.533216803125 0.29389332968750004 0.5303537109375001 0 0.445218296875 0
0 0.4265495921875 0.47213030468749995 0.3970935578125 0.38830106875000003 0.3508469765625 0.38631079062499996 0.3641290875 0.5255669375 0.38584432031250004 0.657691146875 0.4106041359375 0.6594058765625 0.43775336718749996 0.558773928125 0.4265495921875 0.47213030468749995
0 0.3720808553746113 0.10616245414399983 0.03256884727034208 0.10389788981258556
0 0.35245162386104995 0.17536709521022664 0.03683214206513989 0.043187710345698974
0 0.33634223449733314 0.29126487984996274 0.033707142065139986 0.043096782132453625
0 0.30975110046587534 0.48000077091618953 0.0362552893919517 0.08684678213245363
0 0.4060690324876643 0.9420341064929978 0.04297572625188941 0.06832410266556721
0 0.6469732955006695 0.7829389366595295 0.07067506299888784 0.16896060015828454
0 0.7123370451477337 0.41057219167409453 0.06169490514873246 0.12190374373179384