0 0.3709268421875 0.7346028765625 0.3963912015625 0.745187828125 0.422473503125 0.737634653125 0.41465549218750003 0.6335803515625 0.405658665625 0.47569057968750006 0.333900528125 0.067845365625 0.2779422796875 0.0881809265625 0.2045671609375 0.0790187609375 0.35457506250000004 0.6991096375 0.3709268421875 0.7346028765625
0 0.594272103125 1 0.6013768203125001 0.8582640500000001 0.5855471875 0.7164808734375 0.5560503125 0.6094855124999999 0.5360823953125 0.41861505 0.5115899749999999 0.18999363281249998 0.4726884125 0.0192605765625 0.4613786125 0.0187997375 0.4279244734375 0.0305897609375 0.47925918906250004 0.368322215625 0.5010685015624999 0.644115171875 0.5092757859375 0.8517111171874999 0.518013565625 1 0.594272103125 1
0 0.5036448921875001 1 0.5024869984375 0.7983029593750001 0.499182275 0.6299947453125 0.48830818750000005 0.44382413125 0.4256520328125 0.027805660937499997 0.3517142078125 0.06927173125 0.4114233171875 0.3507015203125 0.425350421875 0.504110475 0.450887353125 0.878946353125 0.44753757343749995 1 0.5036448921875001 1
0 0.6121989140624999 0.527973765625 0.5952269484375 0.3944533671875 0.5539042249999999 0.4071683140625 0.54475333125 0.492580190625 0.5526599953125 0.57634488125 0.5980884 0.6642096296875 0.6200770484375 0.6567943171875 0.6121989140624999 0.527973765625
0 0.5176568786518003 0.1374163587441492 0.04549550649282175 0.10178267589344299
0 0.5499296363624381 0.19728344866803701 0.039826159090609534 0.04534167490485976
0 0.5884620767026357 0.30268587307860517 0.03667388555165907 0.043651840912471054
0 0.6515502321397972 0.4731058024320893 0.045222771103318495 0.08615767589344295
0 0.6602680819743462 0.9278251359301866 0.0496102621748646 0.0691611768820259
0 0.4103850844099782 0.8348895835352781 0.08880122158978558 0.16756418479069168
0 0.274202527999882 0.5022296393530465 0.07241256249917623 0.12317751482874754