0 0.5047624608744243 0.7614746282278476 0.06891513605166182 0.06093880642076392
0 0.2772371352602391 0.2519314015948614 0.048193459092057724 0.046403527735416714
0 0.49272179895851503 0.9066052902719448 0.03050585391920819 0.02881598423243048
0 0.44600488948338113 0.6045329907850351 0.07557431301126591 0.07514677678548623
0 0.3791082091585648 0.43176633159072947 0.03725595909205772 0.04614895459715278
0 0.49985261817148025 0.4197228861116324 0.03363085391920819 0.02888871941479181
0 0.6371981908161647 0.589438586909063 0.06422763605166182 0.06082970364722229
0 0.7427231136191337 0.6974348844961117 0.06744356426490725 0.06402743882958326
0 0.40143672031250005 0.5508867375000001 0.30958644375 0.4231729015625 0.29016913125 0.43511795312499996 0.37926497656249997 0.576039865625 0.40143672031250005 0.5508867375000001
0 0.36254649795493593 0.30238730290538224 0.048102530878812375 0.04327852773541672
0 0.3192822312618885 0.3115434441479169 0.04984688730530316 0.049564895326597205
0 0.41508281307777306 0.404459602392292 0.0485571719450391 0.05890352773541672
0 0.5701985589211379 0.5276821628971186 0.03698317445232178 0.03677395459715278
0 0.25253396661390515 0.026204049771250217 0.043324102665567035 0.04004442496187503
0 0.8376144133025646 0.8216010427404867 0.05444345909205772 0.046548998100139016
0 0.8626983234375001 1 0.7535005031249999 0.8593266796875 0.6864950640624999 0.7764299921875 0.5729421546875 0.622920784375 0.470896965625 0.50919273125 0.45759392187500003 0.5242846078125 0.5030805046875 0.624333796875 0.5088208437499999 0.6690445328125 0.5301765890625 0.686763496875 0.5482676843750001 0.6787429781250001 0.6418794343750001 0.7971985312500001 0.8612522046875 1 0.8626983234375001 1
0 0.692312621998911 0.9253228419430561 0.13939277210332363 0.12191398043270851
0 0.3706466625 0.20910641874999997 0.344883828125 0.2125203734375 0.44804464062499993 0.39475895781250003 0.5369228578125 0.5383477453125 0.5920670968749999 0.6351039140625 0.6362749484375 0.7015140359375 0.673327871875 0.7405481093749999 0.7004509953125 0.753337490625 0.694846728125 0.723395609375 0.640301078125 0.6521768390625 0.589047115625 0.557057234375 0.5100171437500001 0.45714887343750005 0.440590309375 0.3217429046875 0.3706466625 0.20910641874999997
0 0.825697086501245 0.7744169182154521 0.049528638558944495 0.0386273953265972
0 0.9211399671426307 0.8258904588686466 0.040108174452321774 0.036846689779513754