0 0.47890625 0.7672859130472689 0.0640625 0.06116987336031983
0 0.68828125 0.2985712918346557 0.0453125 0.04612472749876284
0 0.49140625 0.903097260288307 0.028125 0.028036468792335612
0 0.53359375 0.6224957134768102 0.071875 0.07564180913596844
0 0.59453125 0.46318931252687057 0.034375 0.04555151741285464
0 0.48125 0.4470962437799636 0.03125 0.029762743102594948
0 0.35390625 0.6013599406368888 0.059375 0.05936171189493056
0 0.25546875 0.6977635498637145 0.0640625 0.06429487336031983
0 0.5952602703125 0.5981485625 0.67775905625 0.46977695312499995 0.6595475125 0.45786808125 0.5744027265625 0.5737847687500001 0.5952602703125 0.5981485625
0 0.609375 0.34287349050060323 0.0453125 0.04456222749876284
0 0.65 0.3528150565339768 0.0453125 0.04924972749876275
0 0.5609375 0.4364287386915809 0.0453125 0.058624727498762755
0 0.41640625 0.5452604268420789 0.0359375 0.03782090456798422
0 0.7109375 0.0880399055840371 0.0421875 0.041273453188503305
0 0.16796875 0.8103653691764483 0.0515625 0.04645227611928178
0 0.5217759531249999 0.546771140625 0.5092614265625001 0.532152865625 0.41451285625 0.6346039375 0.3092260046875 0.773813171875 0.24705641093750003 0.8487710734375 0.142361134375 0.98043090625 0.351034796875 0.794932428125 0.437876128125 0.6877396499999999 0.45482690468750003 0.695928425 0.47468870625 0.6801743578125 0.4798102359375 0.638587121875 0.5217759531249999 0.546771140625
0 0.30390625 0.9135833016727368 0.13125 0.12250352103089916
0 0.6254145234374999 0.2595563046875 0.6013191203125 0.25538249375 0.5365653359375 0.3580360984375 0.4724183671875 0.481999584375 0.399103675 0.572405765625 0.35172120625000003 0.6593926703124999 0.3011324875 0.7239061062500001 0.2960578109375 0.7516891765625 0.3213363640625 0.7407641843749999 0.35575215937500004 0.705677928125 0.3967057640625 0.645266825 0.44771501875 0.5568979140625 0.529995915625 0.4260243984375 0.6254145234374999 0.2595563046875
0 0.17890625 0.7664073292623567 0.046875 0.03683161465389269
0 0.08984375 0.8117397614199607 0.0375 0.03790279172311415