0 0.599546437907861 0.3191703775272295 0.07781708279171565 0.07499468281352524
0 0.20525928084914158 0.7370065459691176 0.05720457386326192 0.05697951186299814
0 0.634936287338668 0.17285113444731173 0.03653751785690744 0.035839340912471006
0 0.4885526164802309 0.4522455212917193 0.0874375446422686 0.0894391847906915
0 0.3648406067409984 0.597311329086654 0.04465002678536116 0.05334517589344294
0 0.4803741034945874 0.652054520303136 0.03966251785690744 0.03596667490485963
0 0.6724406469190403 0.5324463103407547 0.07307503571381488 0.07167868182494211
0 0.8127850032497062 0.4646751730020555 0.0794341298696164 0.07818334980971961
0 0.41340763750000004 0.45617237343749995 0.2787143875 0.562660403125 0.29388662499999996 0.5811201640625 0.42690413437499997 0.4884972125 0.41340763750000004 0.45617237343749995
0 0.3056683839333967 0.7176437337255587 0.05717730032431154 0.05541701186299797
0 0.2662201002481766 0.6933639753226017 0.05725912094116259 0.060104511862998145
0 0.39151615503671505 0.6367067515200558 0.05901253571381489 0.07110567885919253
0 0.5857803981368562 0.5703508755500633 0.04610343262956 0.047158842889637495
0 0.9464390288172513 0.3770862841804816 0.061892073863261746 0.05717051285158128
0 0.6199421093749999 0.478124240625 0.7829327140625 0.36789563593749997 0.8765549375000001 0.310359684375 0.9966405421875001 0.2332100859375 0.9967898265624999 0.22465761718750002 0.7458508609375001 0.3320031546875 0.61417485 0.414966496875 0.599005328125 0.4008041015625 0.5720594328125 0.41064206875 0.551534790625 0.4523075671875 0.47342538437500004 0.534124990625 0.48152328437499997 0.5535198921875 0.6199421093749999 0.478124240625
0 0.8380925150175337 0.2241284274506798 0.15873189204448082 0.14855419961943922
0 0.2586498859375 0.7992316359375 0.28291459531249996 0.8115777968750001 0.38932135625000003 0.726019796875 0.5027888703125 0.618039834375 0.6139221234375001 0.5480928921875 0.696078665625 0.4731080125 0.773534078125 0.42262080468749996 0.7890142906250001 0.39533390625 0.7580212578125 0.3983393328125 0.7085126578125001 0.42350725 0.6428481125000001 0.47291336875 0.5563120015624999 0.5481360875 0.4209466453125 0.6573052406250001 0.2586498859375 0.7992316359375
0 0.919126506496117 0.41897269524517694 0.055451159090609534 0.045978344866803765