0 0.22621649161338206 0.5274643379687839 0.06659523677523324 0.07358798620519007
0 0.7354494655167843 0.3243868413596859 0.05134966837349921 0.05253850180902227
0 0.0761786942583354 0.5055816146538925 0.03307010523343699 0.032887743102595124
0 0.3829145416698518 0.47648277136958345 0.08267526308359248 0.08221935775648763
0 0.5563450654179622 0.41858946347681025 0.04905912628012441 0.039956614653892684
0 0.5752532310900383 0.5426411171402834 0.033252115756780755 0.036012743102594946
0 0.4067901993788329 0.6724503686106214 0.06466871572854575 0.06725609905006032
0 0.3020865598033546 0.7736676305964091 0.07284523677523325 0.07391553482570892
0 0.4356901125 0.4339665078125 0.5618319890625 0.3478069546875 0.5487006812499999 0.3272761984375 0.408929990625 0.4098385203125 0.4356901125 0.4339665078125
0 0.6882020101704078 0.40914362166283913 0.05134966837349921 0.05253850180902227
0 0.6762788628435962 0.36490229873206065 0.05456567363517095 0.05426477611928178
0 0.5857819364364147 0.4559599886915809 0.06375866311182729 0.05163109905006032
0 0.46767522049610744 0.6078799355485062 0.04133763154179633 0.041109678878243724
0 0.9661156365917065 0.31310958389645405 0.044917657850155376 0.049085953188503326
0 0.1795583833961733 0.8630466338757694 0.05171368942018657 0.058788501809022266
0 0.3029623953125 0.5572956 0.312019984375 0.57623918125 0.195423253125 0.664747465625 0.0479627875 0.8234892500000001 0.048963825 0.8406764078125001 0.13724634687499998 0.77498925625 0.2187710515625 0.7115242671875001 0.3702408046875 0.604746096875 0.48160491250000004 0.5073481703125 0.4655488390625 0.4928713765625 0.36547114999999997 0.5333507046875 0.3200532828125 0.53655066875 0.3029623953125 0.5572956
0 0.0841486309065117 0.7092831467660682 0.09421897881213828 0.14669129353213642
0 0.783499075 0.42286737187499995 0.7787838609375 0.396366865625 0.5974600703124999 0.490828409375 0.45495366718749997 0.5730099531249999 0.35870094375 0.62354321875 0.29293906718749996 0.664718203125 0.2548129265625 0.700218178125 0.24303426250000001 0.7271433890625 0.273365909375 0.7232038375000001 0.343549759375 0.6717625625 0.4383152234375 0.62510295625 0.5366522140625001 0.550375809375 0.671722325 0.4875625484375 0.783499075 0.42286737187499995
0 0.2273133439336344 0.8538663856847917 0.04197466837349921 0.05204717887824373
0 0.17904942015728906 0.9479162788328154 0.039866136803468066 0.04259029172311415