0 0.4667626365138803 0.2728100836574147 0.06574467194503911 0.060049611795565026
0 0.6738989057807172 0.7602183475372308 0.048147994985435004 0.04538691106992552
0 0.4809197278966762 0.1356647477225653 0.028897889812585474 0.02754464664195542
0 0.5202560463847256 0.4232664406436564 0.07235838479802066 0.07276786660488846
0 0.5795902792959667 0.5880035524392215 0.03560253087881229 0.04338790145127884
0 0.46594531644298537 0.5965476840202345 0.03202288981258548 0.02765377404661713
0 0.33937811942512147 0.43102683302444256 0.061011707838416564 0.05832342068857255
0 0.2407480543022844 0.32669894237293695 0.06427310015828454 0.06312004809323427
0 0.561146071875 0.4746298125 0.64576609375 0.5977821890625 0.66429693125 0.587033275 0.5824954 0.451481228125 0.561146071875 0.4746298125
0 0.5940128289793977 0.7105060350160264 0.048147994985435004 0.04538691106992569
0 0.6341293636191337 0.7025224094254632 0.048238923198680436 0.048511911069925695
0 0.5460276215366925 0.6126389646902736 0.04538670783841638 0.05777778366526398
0 0.40173571542677083 0.49185769482000763 0.03537521034569906 0.03557540145127884
0 0.6934515731734099 0.9751811486256899 0.04488660266556703 0.04059028366526398
0 0.15351013024567414 0.20712799763774728 0.05439799498543509 0.04560516587924912
0 0.44182929218749994 0.3427538328125 0.424615371875 0.34983236562500003 0.33817953125 0.23537626718750002 0.1296327515625 0.033185884375 0.2338106125 0.1736279796875 0.2957108609375 0.25376686875 0.40039735781249997 0.401879871875 0.49487402812500003 0.5121024359375 0.5076836250000001 0.49821328437499995 0.4663843515625 0.4024646609375 0.46170137968749997 0.36007656250000003 0.44182929218749994 0.3427538328125
0 0.2923573330695257 0.11187503974053174 0.13300637978345567 0.11859128729346105
0 0.5845837281249999 0.7982956156250001 0.6089653984375001 0.795778871875 0.5145647906249999 0.6208157859375001 0.43301270937499997 0.48275078593750004 0.38254034375 0.3898471609375 0.34189389531250003 0.3259065921875 0.30755184999999996 0.28801994531249997 0.2821529109375 0.2751948671875 0.2869508765625 0.3036296796875 0.33727905156250004 0.3723961609375 0.384105178125 0.46364712968750005 0.4570785984375 0.560184325 0.5203994890625 0.6899860359375001 0.5845837281249999 0.7982956156250001
0 0.16471440320692773 0.2520957572563941 0.04631271034569897 0.03595734736759475
0 0.07549879051223082 0.20049356252120448 0.03693771034569897 0.0356299651536097