0 0.713863215263209 0.5750325544239937 0.07380568114108108 0.07663654160312508
0 0.28349093445085005 0.19351948955076415 0.05410961124870504 0.055887630508958355
0 0.8602095223353036 0.6065942917905562 0.03441354135632864 0.03513871941479181
0 0.5780777266357484 0.46785322121774353 0.08830482878371626 0.08633884992375015
0 0.428702772954476 0.35019032969086844 0.05352741439185813 0.04338763050895835
0 0.3771873147250896 0.465523735751042 0.03612159057054054 0.038300087005972296
0 0.5013760237830456 0.6537712310013893 0.07046235731976366 0.07187630642076392
0 0.5739144956612829 0.7923265443560075 0.07700345574818712 0.07827177678548622
0 0.570807253125 0.39329993750000003 0.46034289843750004 0.2618351921875 0.44231557187500004 0.27752927656250004 0.5388590062499999 0.4077230734375 0.570807253125 0.39329993750000003
0 0.30621349689962807 0.2933746723964239 0.05410961124870504 0.055887630508958355
0 0.32841813668438036 0.2532224510817711 0.058797111248705035 0.05599673328249999
0 0.3899292173301235 0.37666125750253504 0.0698073858558109 0.057813806420763926
0 0.4615558525667618 0.5683779384483337 0.04578768899896417 0.04476829255305574
0 0.07666519975233098 0.10032861474138896 0.03506851282028158 0.04920121941479172
0 0.6655304532714968 0.9242870188047924 0.05596320967712849 0.062173998100139016
0 0.8336157078124999 1 0.704720196875 0.7218064296875 0.61788034375 0.5926719484375 0.631608203125 0.5771055296875 0.6209805796875 0.5504721359375 0.578696246875 0.5311791218749999 0.4945627359375 0.455525346875 0.4753937875 0.464179228125 0.5548584546875001 0.6002699421875 0.6698892953125 0.7598955046875 0.7301807265625 0.851752890625 0.831785871875 1 0.8336157078124999 1
0 0.8154834115008832 0.8112447709889938 0.14626718610347994 0.15792421561506947
0 0.2230672125 0.2486690125 0.21142136250000002 0.273268884375 0.300121359375 0.3770834765625 0.41146031875 0.48729994374999996 0.4846789578125 0.5962903015625 0.56209430625 0.6761859078125 0.6148626390625 0.7520973015625 0.6426141796875 0.7667689140625 0.63870471875 0.7358936921875 0.6120823390625 0.6871654828125 0.560738990625 0.6230019484375 0.48295815312499996 0.5387379890624999 0.36979174062500003 0.406679753125 0.2230672125 0.2486690125
0 0.6237624842887435 0.897505660047327 0.04629711124870504 0.055705792553055744
0 0.6439957475233099 0.9921576645126391 0.04364299214211727 0.015684670974721725