0 0.2609375 0.5421875 0.05234375 0.06015625
0 0.7203125 0.29140625 0.03984375 0.0421875
0 0.125 0.54140625 0.025 0.0265625
0 0.403125 0.475 0.065625 0.065625
0 0.559375 0.4 0.040625 0.03125
0 0.5796875 0.51171875 0.025 0.0296875
0 0.43046875 0.65234375 0.0515625 0.0546875
0 0.3375 0.759375 0.05625 0.059375
0 0.55 0.3171875 0.425 0.4109375 0.45 0.4296875 0.5625 0.334375 0.55 0.3171875
0 0.67890625 0.37421875 0.0390625 0.0421875
0 0.6671875 0.33515625 0.04375 0.0421875
0 0.5875 0.43125 0.053125 0.040625
0 0.48359375 0.58515625 0.0328125 0.0328125
0 0.92890625 0.25078125 0.0359375 0.0390625
0 0.22890625 0.85703125 0.0390625 0.0484375
0 0.47874999999999995 0.48 0.38875000000000004 0.53 0.34750000000000003 0.5387500000000001 0.3325 0.5599999999999999 0.34125 0.57625 0.2375 0.6725 0.06 0.8975 0.1875 0.78125 0.26 0.7125 0.395 0.595 0.49375 0.49124999999999996 0.47874999999999995 0.48
0 0.12109375 0.7296875 0.1046875 0.12109375
0 0.66625 0.44875 0.76625 0.375 0.76125 0.35125 0.59875 0.46125 0.47125000000000006 0.5549999999999999 0.385 0.61375 0.32625000000000004 0.6599999999999999 0.2925 0.6975 0.28250000000000003 0.72375 0.31 0.7162499999999999 0.3725 0.6599999999999999 0.4575 0.605 0.545 0.5237499999999999 0.66625 0.44875
0 0.271875 0.8421875 0.03125 0.04375
0 0.2296875 0.93515625 0.0328125 0.03515625