0 0.02254976006798622 0.12923290511024305 0.040371733282500044 0.05715918977951393
0 0.07482077488562511 0.1248895908056944 0.06246493882958339 0.06704333605604171
0 0.09560801320211827 0.24556511350711796 0.038263719414791675 0.03368532218833344
0 0.04635158919017376 0.17792432503812497 0.06529899810013892 0.05461607123840286
0 0.12267965947864608 0.26682186445704853 0.04146145459715278 0.036883057370694416
0 0.12936672378319472 0.3190383278879166 0.04938305737069446 0.041752395326597205
0 0.21330727232017396 0.39916027935093734 0.07976154160312507 0.07213087955902786
0 0.16485420136611156 0.5339541598598958 0.051345600873680605 0.05897626291777769
0 0.09697375750253506 0.40499466489388886 0.08906380642076395 0.06922408510611114
0 0.016702416412500233 0.2810136106573264 0.02154899810013893 0.05359777868534721
0 0.0842535923243058 0.2950748042365624 0.046548998100138926 0.05417966014423614
0 0.26078429720579904 0.5246863030022915 0.04458645459715278 0.03695579255305574
0 0.010651965624999999 0.45765190312500004 0.02970294375 0.4823344359375 0.032306359374999996 0.42581048906249996 0.0089447125 0.38430129375 0.010651965624999999 0.45765190312500004
0 0.26805324296923666 0.6019027664331595 0.04316942496187508 0.04316942496187508
0 0.16229093939826428 0.4574098436554859 0.0497103656913195 0.05581489532659738
0 0.31996254150621584 0.6827702535153817 0.03535692496187508 0.04298758700597229
0 0.3152479890625 0.2969428125 0.36636380625 0.45036016874999996 0.3721353578125 0.5649267375 0.44119723750000006 0.7782885421875 0.505030609375 0.9010672203125001 0.550458309375 0.9877296781249999 0.584667540625 0.9869334500000001 0.7576987890625 0.9394892406249999 0.7134575953125 0.8635292921875 0.6120171703125 0.6696047609375 0.532320034375 0.516478815625 0.48453020625 0.46321316250000005 0.42662302343749997 0.38406040625000004 0.3622008390625 0.2976444 0.3152479890625 0.2969428125
0 0.7160350453125 0.588287359375 0.5608304875 0.279382475 0.44013162968749997 0.18576908125 0.43250650156250003 0.2074714453125 0.4684370953125 0.3454436234375 0.5284917484375 0.5039527125000001 0.5975769843750001 0.6403794984375 0.771714578125 0.9356461875000001 0.8795299625 0.9060838062500001 0.7160350453125 0.588287359375
0 0.38405226415204885 0.21227460913871496 0.07296733415618065 0.11569904160312508
0 0.424948714665139 0.15582393417683993 0.0645729526972918 0.0905172036472223
0 0.4428486487450698 0.35395230965180524 0.11373780452090294 0.12289459897381949
0 0.6106530913743752 0.3093996098043051 0.06439111474138884 0.0827047036472223
0 0.32720219889756963 0.18780259242121503 0.07572865824437507 0.10014677678548618