0 0.03384605551792397 0.0789407420913346 0.06769211103584793 0.06361151384016443
0 0.10071929500247441 0.08632747775687857 0.056236711894930555 0.06153967787060932
0 0.09108426616965912 0.21067356174926735 0.035848968792335525 0.029525673916276675
0 0.059200180348581835 0.13479415266173836 0.0633122274987628 0.047795512851581276
0 0.11312968453245334 0.2362810568063515 0.03757524310259504 0.03271434091247105
0 0.10487677125804176 0.2896288912930318 0.0471959045679843 0.03778384288963732
0 0.16859071121756203 0.38292129346047865 0.07506859905006032 0.06386618182494193
0 0.08703973880718188 0.5109773092778094 0.04653416327441158 0.05490767589344294
0 0.05148177634642444 0.37132190167315515 0.08411605042954133 0.057998183802108375
0 0.007917641339001252 0.2283650805323477 0.015835282678002504 0.04951983893530461
0 0.06671170793820168 0.2592211496959888 0.04003850180902231 0.04996550790866543
0 0.1833824722988385 0.5171862055137572 0.04078213025772479 0.03440417490485981
0 0.1714756145423509 0.595629540494729 0.0378209045679843 0.037401840912470875
0 0.10359315298610461 0.4331242233082543 0.043245388964152066 0.05165534190105418
0 0.2026636595448253 0.6847901995822581 0.03173467887824381 0.04027217292769336
0 0.2945021421875 0.297064271875 0.3062435328125 0.459225259375 0.2830841796875 0.5751690375 0.297416496875 0.8003686328124999 0.3294044953125 0.9337904171875 0.34161628125 0.98394475 0.465052596875 0.9789151046875 0.5558918109375 0.968898303125 0.544243578125 0.9292459296875 0.49311079375 0.71841273125 0.45313152343749996 0.5519993359375001 0.4194504046875 0.49092056250000005 0.3823175921875 0.40224202187499997 0.3405936046875 0.3052350953125 0.2945021421875 0.297064271875
0 0.6160866484375 0.65331011875 0.5409247203125 0.3184859375 0.44555699843749996 0.20530366562500002 0.4325786296875 0.22588051562499997 0.4332451953125 0.37011964062499997 0.45251301718750003 0.5388142296875 0.486239828125 0.686774003125 0.5704058234375 0.9672978499999999 0.6868571640625001 0.954456809375 0.6160866484375 0.65331011875
0 0.38356501526514797 0.2229229164647218 0.06050148801421242 0.11316584486680367
0 0.43844726707417025 0.1723525720922096 0.05450379353213641 0.08797484387822055
0 0.40600882406243227 0.3748064100389311 0.10260710085908258 0.11332235376405234
0 0.5831854777259055 0.3558932894689649 0.055656857756487634 0.08022601087441492
0 0.3338449762555674 0.18986767733913668 0.06412445499752559 0.09304434585538686