0 0.93359375 0.028507071597918054 0.0640625 0.05701414319583611
0 0.86484375 0.042104067606404304 0.0515625 0.06147601087441492
0 0.87265625 0.16678573262543234 0.034375 0.02952567391627663
0 0.90546875 0.08654247570535013 0.0609375 0.046233012851581254
0 0.85 0.19505265407025102 0.0375 0.03277800790866543
0 0.85703125 0.24945365258737623 0.0453125 0.03622134288963732
0 0.790625 0.35137824992563793 0.0703125 0.062240014828747546
0 0.87109375 0.47231814962162677 0.0421875 0.053281508897248565
0 0.90859375 0.32469639171296133 0.0796875 0.05637201680591399
0 0.97578125 0.17508371087660252 0.0484375 0.04728617688202617
0 0.8953125 0.21273756118061365 0.0375 0.04996550790866543
0 0.9859375 0.225451125401339 0.028125 0.044896005931498985
0 0.7734375 0.4887973368837762 0.0390625 0.032841674904859806
0 1 0.2762453875 0.992237509375 0.279805421875 0.9786280046875 0.3277041625 0.9946107453125 0.382900103125 1 0.3707607640625 1 0.2762453875
0 0.784375 0.5672579179104155 0.0359375 0.037401840912470875
0 0.85546875 0.3940485695835706 0.0390625 0.05002917490485981
0 0.75234375 0.6615318413324005 0.028125 0.04020850593149916
0 0.53574250625 0.4901775625 0.5006144484374999 0.5561319546875 0.45725520781249995 0.7297294140624999 0.401835025 0.9497210609375 0.3925898359375 0.9805571171875 0.49127247656249995 0.9799821812499999 0.607238821875 0.9752569140625 0.618926440625 0.929027759375 0.653623615625 0.7898538562499999 0.6720980578125 0.5596167875 0.6507396812499999 0.44467650625 0.665479146875 0.2787207703125 0.618742571875 0.2924421140625 0.5748483109375 0.39580635937499997 0.53574250625 0.4901775625
0 0.4647608515625 0.6968108203125001 0.5014730734375 0.542677896875 0.5239363546875 0.369204871875 0.527163490625 0.22274202187499997 0.51440845 0.20338783125 0.4160016390625 0.3294865515625 0.3340964984375 0.6781435828125 0.2598646578125 0.9813303875000001 0.3780094734375 0.9806420625 0.4647608515625 0.6968108203125001
0 0.5765625 0.21400687840426955 0.05 0.11297484387822054
0 0.521875 0.16936022327107325 0.046875 0.08784750988583175
0 0.5515625 0.37049430034337977 0.09375 0.11163251977166348
0 0.3734375 0.3730648379095404 0.05 0.07859984387822046
0 0.628125 0.17362461752985464 0.05625 0.09447951186299805