0 0.05859375 0.87890625 0.0515625 0.0578125
0 0.0734375 0.815625 0.05390625 0.04609375
0 0.1890625 0.8265625 0.025 0.03046875
0 0.1140625 0.8546875 0.0390625 0.05390625
0 0.215625 0.80703125 0.028125 0.03359375
0 0.265625 0.81484375 0.03046875 0.040625
0 0.05625 0.96875 0.04296875 0.040625
0 0.359375 0.75703125 0.053125 0.0640625
0 0.471875 0.83515625 0.046875 0.0375
0 0.3359375 0.865625 0.046875 0.0734375
0 0.196875 0.92421875 0.04140625 0.04609375
0 0.23203125 0.85 0.04453125 0.03359375
0 0.246875 0.94609375 0.040625 0.04453125
0 0.4875 0.7453125 0.028125 0.034375
0 0.21484375 0.9875 0.03203125 0.025
0 0.33889 0.930555 0.29444499999999996 0.9416675 0.2708325 0.993055 0.3125 0.9791675 0.3902775 0.9472225 0.33889 0.930555
0 0.56015625 0.7578125 0.03203125 0.03203125
0 0.4 0.81875 0.04453125 0.034375
0 0.64765625 0.73046875 0.034375 0.025
0 0.4875 0.52361 0.4 0.556945 0.30416750000000004 0.594445 0.2916675 0.6375 0.4458325 0.6291675 0.5527775 0.6527775 0.7666675 0.643055 0.8958325 0.6152775 0.9974999999999999 0.593055 0.9974999999999999 0.3916675 0.91389 0.41389 0.7097225 0.45833250000000003 0.54861 0.493055 0.4875 0.52361
0 0.5361100000000001 0.49341749999999995 0.6791674999999999 0.46425 0.9974999999999999 0.3777775 0.9974999999999999 0.27119499999999996 0.6611100000000001 0.34202750000000004 0.3375 0.406945 0.2208325 0.49444499999999997 0.23889 0.506945 0.375 0.508695 0.5361100000000001 0.49341749999999995
0 0.23125 0.55234375 0.1015625 0.04296875
0 0.1890625 0.5 0.078125 0.04140625
0 0.3765625 0.534375 0.096875 0.084375
0 0.378125 0.36875 0.06953125 0.04453125
0 0.19453125 0.59921875 0.08359375 0.05