0 0.9213369876928663 0.89453125 0.0566742052052021 0.0609375
0 0.9102699560522481 0.8296875 0.060633663111827475 0.0484375
0 0.7900106639588733 0.8421875 0.02682010523343692 0.03125
0 0.8656708166179442 0.87109375 0.045463689420186526 0.05625
0 0.7630232297297714 0.82265625 0.030127115756780752 0.034375
0 0.7109146981597403 0.83203125 0.03361613680346807 0.040625
0 0.9212012088242585 0.97734375 0.04529708944842135 0.0265625
0 0.6151086454724346 0.7734375 0.06016322625188941 0.0671875
0 0.4953961139729908 0.85703125 0.052366136803468064 0.040625
0 0.6358545140012256 0.88671875 0.056112763083592476 0.078125
0 0.7770185693193673 0.94453125 0.04804265785015538 0.046875
0 0.7439778271412878 0.86796875 0.04896812101845249 0.0359375
0 0.7248722403942895 0.96796875 0.04491765785015556 0.046875
0 0.4836689296733018 0.76328125 0.030218121018452494 0.0359375
0 0.6887473984375 0.9957692249999999 0.6753563812500001 0.964079540625 0.6297292140625 0.953369553125 0.5757275125 0.9715683078125 0.6384904578125 0.996645571875 0.6887473984375 0.9957692249999999
0 0.40702312968741916 0.778125 0.03472361049510884 0.0328125
0 0.571488177113053 0.83828125 0.04905912628012423 0.0375
0 0.3179452191358406 0.7515625 0.03739358418674961 0.025
0 0 0.623518665625 0.0654119875 0.6367794046874999 0.1982034875 0.66322399375 0.41963181406250005 0.669429303125 0.5315492078124999 0.6430325671875 0.6910916015625 0.64887783125 0.679946596875 0.6044941140625 0.5821372828125 0.567373096875 0.492794128125 0.5344167890625 0.4307042703125 0.5038635984375001 0.2650714453125 0.47080099531249997 0.055194265625 0.42844605625 0 0.41460353124999993 0 0.623518665625
0 0 0.4002439375 0.2965119390625 0.4763795875 0.4436535109375 0.5040131203125 0.6101055125 0.5169285765625 0.751347990625 0.5126537796874999 0.7706048625 0.4993758078125 0.653299278125 0.4108260203125 0.3204058203125 0.3494168609375 0 0.2870707125 0 0.4002439375
0 0.7572183636906422 0.56015625 0.10732665258848365 0.0453125
0 0.8033722978491568 0.50546875 0.08388915258848365 0.0453125
0 0.6073926689381965 0.54375 0.10674979991529536 0.0890625
0 0.6127157477220999 0.371875 0.0762586631118273 0.0484375
0 0.7935052032096508 0.6078125 0.09215667889684269 0.053125