0 0.08547442333704527 0.028830157872793527 0.06157384667409056 0.055751168019063255
0 0.15284373667249973 0.045627920047658144 0.049092028007636034 0.05709547970746054
0 0.14254313068904442 0.16729836850553062 0.03155908267027256 0.027107970779006774
0 0.11193747334499946 0.08787392126547414 0.056722714672181554 0.04160684740221225
0 0.16317380402608972 0.19499667451188502 0.03470226400381797 0.028725017856907488
0 0.15597946936663484 0.2479853068171333 0.04255112667090888 0.031986385551659245
0 0.007303970003181672 0.02356023092527653 0.014607940006363344 0.04712046185055306
0 0.21807148404677057 0.34826772483619656 0.06784202800763603 0.0574227621748646
0 0.13663167472945165 0.4647909772718286 0.041206802673454224 0.05070911201270896
0 0.10293683271004346 0.3212631197233466 0.07870680267345423 0.05136367694751698
0 0.039518128023544374 0.17409206493480817 0.048946577339272455 0.04459547970746054
0 0.11807038936186234 0.21217449188232518 0.03492044000636332 0.04747501785690744
0 0.02290334003022588 0.2230108060063544 0.04111589600572701 0.04289661201270878
0 0.23135382873167884 0.4828472763783241 0.03782726400381797 0.028779564934808023
0 0.022505796875 0.27606841718749997 0.0031052484375000003 0.2668644609375 0.0040011828125 0.3438607546875 0.0178322296875 0.376842665625 0.0347475484375 0.32305680468750003 0.022505796875 0.27606841718749997
0 0.21974471407540563 0.5591915880667214 0.03477498933799979 0.034975017856907445
0 0.15293738005249757 0.3893097362002823 0.03804544000636332 0.04752956493480811
0 0.24894241275458687 0.6518700117678276 0.02699885200509069 0.03796365016215582
0 0.6028207796875 1 0.5856483171875 0.9378130375 0.5363659968750001 0.722083303125 0.4978426140625 0.551853215625 0.464930953125 0.486965490625 0.42876973593749995 0.39424773750000003 0.38812225 0.29268240625 0.34264809218750003 0.27873343125 0.35330743125 0.44116547656250005 0.3297647125 0.55330535625 0.34261875 0.7786313640625 0.373440296875 0.9151048984375001 0.39291024375 1 0.6028207796875 1
0 0.7305801749999999 1 0.658196884375 0.6730492109374999 0.58589894375 0.3312143265625 0.49236468125000005 0.20679872968750002 0.47942796249999997 0.2255769515625 0.4792529984375 0.36881848281249996 0.49730792968750004 0.5386886609375 0.5297627968749999 0.68981141875 0.6172177671875 1 0.7305801749999999 1
0 0.4313425486950896 0.21686158644186831 0.04654883068109026 0.10704093262955983
0 0.48551188068904444 0.1732849103051302 0.04469542934436319 0.08201365909060954
0 0.4518652287157705 0.3695326189092724 0.09026246801399936 0.10467959172016936
0 0.6268834100493159 0.37414975527171046 0.04772952267663584 0.07425570616851011
0 0.38166926535645346 0.1769399699649326 0.054143154678545004 0.08842730032431159