0 0.8632448761894542 0.9186050767505549 0.06445864767057934 0.06860583605604162
0 0.8575547981702931 0.8485107822976381 0.0669285504295413 0.056178571238402954
0 0.7293888545927283 0.8522741747744439 0.03313340456798421 0.03666485182361114
0 0.8062888692920491 0.8887188614198257 0.05171298620519025 0.06362739532659738
0 0.7040956054972394 0.8286736738245132 0.03650406603337366 0.04142508700597247
0 0.647640887609415 0.8338891571070132 0.039956614653892684 0.04774782218833309
0 0.5537514467453836 0.7642871315557981 0.06799308344622812 0.07649107123840296
0 0.4185708632991555 0.8423420092149648 0.05706222749876275 0.04658536569131968
0 0.5630301922228278 0.8850172056439926 0.06231629353213641 0.08728310087368066
0 0.7043711651990348 0.9574162696642008 0.0541828889641522 0.05120013050895835
0 0.6782424344209117 0.8753129376922217 0.05533595318850324 0.043423998100139014
0 0.6507957858458212 0.9672465177643396 0.050157130257724704 0.033939895326597025
0 0.4168213348050244 0.7417244133752774 0.03650406603337366 0.04142508700597212
0 0.4913688734375 0.9706590359374999 0.5228181015625 0.9866114687499999 0.60080165625 0.98479638125 0.5966482875 0.9713020968749999 0.54991841875 0.9559879640625001 0.4913688734375 0.9706590359374999
0 0.3344215926069406 0.7506649619122566 0.03946529172311397 0.03837282218833345
0 0.5003940733850637 0.829513394473576 0.05533595318850324 0.043423998100139014
0 0.24341813433005463 0.7153288335874998 0.040700243102595034 0.03215918977951393
0 0 0.5735143359375 0.1277991125 0.610544325 0.35938608437499997 0.6362449453125001 0.47953986718749997 0.6178637578124999 0.646257378125 0.6378412140624999 0.6392298859375 0.58973339375 0.5405442296875 0.5418612109375001 0.4503006421875 0.49914355625000006 0.3883884890625 0.4613305234375 0.2181418453125 0.4119162140625 0.002466759375 0.34881298437499997 0 0.347962075 0 0.5735143359375
0 0 0.332525459375 0.25053138124999996 0.420555290625 0.40195422187499996 0.46260686250000005 0.5751760921875 0.4906908296875 0.723763175 0.49833911249999996 0.7453547765625 0.4858966171875 0.6316225875 0.381712390625 0.2889266921875 0.2877528484375 0.012519225 0.2090022078125 0 0.2986736671875 0 0.332525459375
0 0.725003406265465 0.5488407034597911 0.11857293758467105 0.0589412017473613
0 0.7793500695398766 0.4945155729508327 0.0903660504295413 0.056724085106111134
0 0.5697327301007545 0.518901896373437 0.11946705223856355 0.10577983415618064
0 0.5933350836733707 0.33654333805281195 0.08419793758467105 0.05814111474138901
0 0.7580748558359236 0.6026917488626382 0.09858798620519024 0.06471842306201392