0 0.42062900327936037 0.13807153618788232 0.05681656603337348 0.0418978656913195
0 0.18408067164215455 0.1591607137152085 0.050566566033373526 0.04175239532659729
0 0.3715021065132922 0.17994925845246562 0.03765713025772479 0.03364895459715278
0 0.3985692175491401 0.2306402426848962 0.043825243102594946 0.03223192496187508
0 0.4459665179786814 0.17698921903354206 0.04620661465389251 0.04789329255305561
0 0.1802419414298583 0.2771840151019793 0.03124335594746528 0.03037848423243057
0 0.019630329037243627 0.553125653210382 0.039260658074487254 0.07027743882958344
0 0.19818527872127362 0.5318176169255905 0.042262743102595035 0.03219555737069442
0 0.362013162597043 0.4057850598392364 0.048922178878243815 0.040153527735416715
0 0.08854468509828022 0.44478778276940983 0.07449538896415206 0.05167290919430556
0 0.2202627538451872 0.33443412385944465 0.048922178878243815 0.040153527735416715
0 0.12432613410291202 0.2993486494106598 0.04102779172311406 0.03840918977951393
0 0.007151340457204359 0.36148301386770837 0.014302680914408719 0.04571254350298615
0 0.16325475802905873 0.4371402433504863 0.041109678878243815 0.03997168977951393
0 0.15784688376422776 0.525403309554896 0.03954717887824381 0.03993532218833344
0 0.3273903426069406 0.7679213839274308 0.05681656603337348 0.0418978656913195
0 0.9117132694490195 0.3646074667524314 0.05870661465389233 0.04818423328249999
0 0.7611124038906156 0.432282663181459 0.05155585594746519 0.030851262917777865
0 0.831216863976524 0.4229635209889938 0.04242651741285428 0.035320557370694415
0 0.9060154681149669 0.4434773491612508 0.04242651741285428 0.035320557370694415
0 0.6793434254873418 0.49999553362243115 0.042754066033373485 0.041570557370694414
0 0.5657622823393182 0.4433798980794797 0.05344590456798422 0.03713763050895835
0 0.4823798942796773 0.46725184954250043 0.05393722749876275 0.046512630508958354
0 0.5931900780191611 0.08420491983097271 0.04398901741285464 0.035356924961875036
0 0.29441622682139423 0.4120337534184725 0.07868492198083885 0.07205814437666672
0 0.26240490897899843 0.5004598205728128 0.05328213025772479 0.03401263050895835
0 0.8187522427639108 0.21304300712128538 0.042426517412854636 0.035320557370694415
0 0.7073223405707756 0.39896036369454924 0.042426517412854636 0.035320557370694505
0 0.9571441988930902 0.5275808986481605 0.035105340343633176 0.044513719414791805
0 0.3924985227283798 0.48080389684520863 0.03913774310259503 0.03212282218833344
0 0.11952136816039552 0.5104316197753821 0.034695904567984305 0.036701219414791805
0 0.25443635798363023 0.3540023946610072 0.027790807326946342 0.02405574905006951
0 0.20374696121756203 0.3958437493344099 0.03247830732694634 0.024164851823611146