0 0.6394956450422569 0.18666741517796587 0.05396145459715278 0.03903167889684287
0 0.8735426835112499 0.2480199570595792 0.04778418977951375 0.04179265785015547
0 0.6813188159200693 0.23838880987394173 0.03510235182361114 0.033252115756780665
0 0.645816420593472 0.2848241941171611 0.041279616641249996 0.030491136803468065
0 0.6073728228539235 0.22234730994452892 0.041643292553055565 0.046116136803468065
0 0.8582423789903469 0.3676044149662044 0.02881598423243048 0.03132559471009326
0 0.9724444704616314 0.6707510727457727 0.028053571238402953 0.06560958944842135
0 0.7984263954235065 0.6183709834385256 0.039717116641250175 0.030400131541796327
0 0.6541523314032982 0.46445848621053576 0.04771145459715278 0.03866765785015538
0 0.9236095398001734 0.5505603991106016 0.07133079255305574 0.047845236775233245
0 0.8093496308902081 0.41795375448521294 0.04771145459715278 0.03866765785015538
0 0.9106945785535068 0.39960484386304723 0.03830008700597247 0.03655912628012441
0 0.849772649507569 0.5298313991811888 0.03837282218833345 0.03968412628012423
0 0.8406684468102773 0.6184843755036654 0.035247822188333444 0.039502115756780753
0 0.6299627636802771 0.8315171835938173 0.05396145459715278 0.03903167889684269
0 0.108115092421215 0.3293906393637168 0.05566942496187503 0.0453726841585147
0 0.042875871390902695 0.10732665258848362 0.05247168977951392 0.04206567363517104
0 0.008699586721631809 0.3546342920933748 0.017399173443263617 0.056143584186749605
0 0.002069033434999906 0.24246051578501557 0.004138066869999812 0.034921031570031145
0 0.2483023749062844 0.42360961817585513 0.04905574905006951 0.029383663111827295
0 0.17997060220486077 0.40163663666229377 0.039789851823611146 0.03352513154179633
0 0.1007915952710066 0.40875962094786533 0.039789851823611146 0.03352513154179615
0 0.3199578629384371 0.504449365474432 0.03837282218833336 0.03968412628012441
0 0.4428511554914927 0.46779777588483623 0.05076371941479163 0.03572466837349921
0 0.5233192522811108 0.5061237994917723 0.05098192496187508 0.04509966837349921
0 0.4747804880321527 0.10431910480991395 0.04295121941479163 0.0352696420651399
0 0.7217937730826732 0.4824797150932613 0.07500130642076393 0.07146474729857691
0 0.7399605852030204 0.5758502834949952 0.05225348423243048 0.032690673635170954
0 0.2277944256274651 0.1955455313582696 0.039789851823611146 0.03352513154179624
0 0.3083319915475344 0.39894281811938537 0.039789851823611146 0.03352513154179624
0 0.02354203030086786 0.48449609734092924 0.04708406060173572 0.047117194681858446
0 0.6118362384134024 0.5347485994070678 0.038190984232430655 0.03187162628012441
0 0.8815298361529511 0.6106942623071336 0.03205008700597247 0.03619510523343692
0 0.7714859549784026 0.4313946282050886 0.025509146276527873 0.023331084186749607
0 0.8156710596518053 0.48247128079357215 0.03019664627652787 0.02360409997176518