0 0.8513350344992944 0.33614056908927903 0.03527502678536152 0.052963173916276675
0 0.7844141359586964 0.09997491741612388 0.036755706168510115 0.04833934091247101
0 0.7981242597425279 0.2984933304579856 0.02869774431795733 0.03395850593149907
0 0.7505674212687694 0.3394658403438173 0.02568183847375849 0.040081171939110226
0 0.8147838798729115 0.3727611600017501 0.041279564934808374 0.039155341901054186
0 0.6628840093354909 0.12990910962118923 0.028561376623205348 0.026146005931499027
0 0.345371001217816 0.02914834188246366 0.06509889448011297 0.05829668376492732
0 0.4044890823879738 0.21850733049516666 0.0256545649348082 0.038518671939110224
0 0.5653429874213936 0.35091662939285273 0.032013659090609534 0.04502333992388783
0 0.473240856737703 0.08142648315690498 0.041825035713814886 0.07040534190105416
0 0.6111618222417041 0.18588453699750693 0.033576159090609535 0.045087006920082204
0 0.6294226728903272 0.07896603353746583 0.03187729139585791 0.03721083992388783
0 0.4953555900986116 0.1562527282139891 0.034975017856907445 0.03577567391627658
0 0.40369024147858334 0.174820997491361 0.03651024431795715 0.034276840912471004
0 0.18715375771393303 0.41472970897379824 0.033712526785361206 0.052899506920082294
0 0.710348381094023 0.899301096769608 0.04155230032431163 0.054780341901054186
0 0.9391767646170871 0.9391607983290324 0.03826365909060954 0.04527800790866543
0 0.6127757260606032 0.7643132845260491 0.024310253246410875 0.05095500494291585
0 0.635780803577313 0.8328576960850359 0.028779564934808023 0.03864600593149916
0 0.6288801927824201 0.9151117805717164 0.0287795649348082 0.03864600593149916
0 0.528024625004943 0.6998462193167405 0.03656479139585791 0.03740184091247105
0 0.5646633287378211 0.5687580454004639 0.030560253246410873 0.051209672927693364
0 0.5238804159937637 0.4900083042977125 0.04144320616851012 0.04853034190105419
0 0.9383150629095084 0.4965422168081016 0.0319591120127086 0.04189833992388792
0 0.5454492731352085 0.283026133841477 0.06528980925276535 0.07292284684397003
0 0.44879246144681123 0.27447348760552925 0.027435253246410874 0.0510823389353046
0 0.8478092451353266 0.7617626515987931 0.028779564934808023 0.03864600593149916
0 0.6373178043880919 0.7000770295831332 0.03190456493480802 0.038773339923887915
0 0.49418500771393303 0.4022191442216004 0.028725017856907443 0.035521005931499164
0 0.4122391270302425 0.13231516251038905 0.03174092370110611 0.02939833992388783
0 0.5987475969984704 0.2262057894689649 0.020748876623205348 0.02582767095052709
0 0.5455640957806545 0.1869960508376714 0.020803423701106105 0.028952670950527094