0 0.6418752288121382 0.15324692004436286 0.05356461575678075 0.03527502678536125
0 0.8731399103398172 0.21113510673111252 0.047405621018452845 0.036728432629559826
0 0.6852758892931297 0.20161228205707168 0.03454159997176518 0.030260244317957152
0 0.6536310471432851 0.24788726420016421 0.04070059471009326 0.02880683847375849
0 0.6126728471997549 0.18785769926535606 0.039866136803468066 0.04127956493480815
0 0.8635135523343699 0.32725498457213387 0.0281095894484217 0.027026150162155815
0 0.9870574681476203 0.623173230918686 0.025885063704759403 0.06350912094116268
0 0.8160826284168501 0.5714901797835955 0.0374845894484217 0.02718979139585791
0 0.6692923864505322 0.4229827215864904 0.045661110495108834 0.033576159090609535
0 0.9347346469032889 0.5048811525911973 0.07120714206513981 0.04338753571381489
0 0.8179427180770331 0.3756282548646734 0.04575211575678075 0.035138659090609536
0 0.9152426523061349 0.3578152378185448 0.03775760523343692 0.03187729139585782
0 0.8617675837632266 0.48487656979948157 0.03637711575678075 0.034975017856907445
0 0.8574433757860142 0.5714316785657795 0.034905621018452494 0.03651024431795715
0 0.6620075913733856 0.7803042978853842 0.053473610495108834 0.033712526785361165
0 0.13112598656347169 0.2949597183433748 0.055491136803468066 0.04155230032431163
0 0.05767526308359246 0.07905230032431157 0.050621626280124364 0.038345479707460536
0 0.030283823381057208 0.31895455154212754 0.02653167889684287 0.05353410308425506
0 0.01839920243319185 0.20870284415580134 0.01441111049510883 0.03303068831160268
0 0.2729410312170953 0.3848461530015296 0.04989358418674961 0.025845479707460584
0 0.2053972154461971 0.3641557775961401 0.03766659997176518 0.03031479139585782
0 0.12859949701622825 0.37218073741809826 0.037666599971765136 0.03031479139585782
0 0.3461957916698518 0.4633899387153445 0.03803062101845249 0.03656479139585791
0 0.46423316012805554 0.4264275012145207 0.05025760523343692 0.032095479707460586
0 0.543670031146508 0.4637150413925625 0.04924113680346807 0.04144320616851012
0 0.4779954683593818 0.07312126907142817 0.04088260523343692 0.03193183847375849
0 0.7358274390672508 0.4397532102224047 0.07404371572854593 0.06528980925276535
0 0.7575574968750539 0.5314458323813833 0.05007559471009326 0.028970479707460584
0 0.24204953405969265 0.16265750730360065 0.03766659997176518 0.03031479139585782
0 0.3292974470303457 0.3608552739426921 0.03766659997176518 0.03031479139585782
0 0.05406149957647699 0.4458034237011061 0.05861613680346807 0.04160684740221221
0 0.6311091179640936 0.4909963360348312 0.035922089448421346 0.02716251785690744
0 0.8960053468468191 0.563519767039538 0.03150760523343692 0.031768197240056396
0 0.7812617654320797 0.3890361899298652 0.026183068401734032 0.020748876623205438
0 0.826315931174743 0.4389913254815244 0.030870568401734032 0.020830697240056394