0 0.40194942431676955 0.1430035487937771 0.052872028855940556 0.037799981849627386
0 0.17359873502387554 0.18262108157848092 0.04974702885594055 0.03778180113146812
0 0.3597817716843644 0.18857057884800638 0.03546627404661713 0.03144998789975158
0 0.3926959646054555 0.23604502166641406 0.040099210344286276 0.029914758976990453
0 0.4321652031727101 0.18033537715080414 0.04059028366526398 0.04397725897699045
0 0.1862301989963589 0.298196084603543 0.029107146641955416 0.028288626463433088
0 0.05389144726707836 0.5810545572797883 0.06317461179556509 0.0644170240041051
0 0.23860126396463413 0.5448165545493138 0.038536710344286275 0.02990566861791084
0 0.3807292218618496 0.40802456079582966 0.04495040145127884 0.034629530054229286
0 0.11952139255042218 0.4689312863007452 0.07027778366526394 0.044149975799503235
0 0.23256205117327716 0.34949950936977386 0.046567465153609613 0.03620112041330899
0 0.135568000084818 0.32427731645317037 0.03870040145127884 0.03459316861791084
0 0.0278398348385411 0.3944494367682834 0.01559028366526396 0.04383181323171659
0 0.1917138510806099 0.45522733460354303 0.037192465153609654 0.03614657825883114
0 0.197839854708807 0.5411466538853837 0.03730159255827141 0.03927157825883114
0 0.3962947459932848 0.7642563800776705 0.05281746515360961 0.036237481849627426
0 0.909977723042976 0.3252417935292198 0.05616071996293322 0.04250566256778665
0 0.9760057112513355 0.11698841111385835 0.04798857749732903 0.04092498184962738
0 0.9980530980005671 0.35672762198444274 0.0038938039988657635 0.05321590359079611
0 0.7728348763083533 0.40339913066684563 0.04941964664195542 0.02840680113146803
0 0.8395040211362103 0.388164495226422 0.03859127404661713 0.03146816861791084
0 0.9157763444571879 0.4017861128110606 0.03859127404661713 0.03146816861791084
0 0.7019073066155727 0.4757013775435876 0.04042659255827132 0.03928975897699054
0 0.584645395545647 0.42949906411547933 0.049583337748947895 0.03309430113146803
0 0.5059946058899334 0.4596501724285398 0.04991071996293321 0.04246930113146803
0 0.5614037806700392 0.07721894662903667 0.041770837748947895 0.033048849336070066
0 0.3155134496293311 0.4201251058771736 0.07422123920022683 0.06760565651766245
0 0.29596733066218983 0.509319416083828 0.05109127404661713 0.03154089149054791
0 0.7988169898331989 0.18523493794663382 0.03859127404661713 0.03146816861791084
0 0.7163566978152325 0.37481558841417206 0.0386458377489479 0.03303066861791084
0 0.9800049916472975 0.48184579665247773 0.03999001670540494 0.04407725292686635
0 0.420739152169069 0.47968139217791883 0.03541171034428636 0.029887487899751618
0 0.15914937694132555 0.5296506176828344 0.030833337748947986 0.032985216822512695
0 0.26909975189891655 0.3664779311109427 0.02576389183263199 0.022020445745273863
0 0.22615084926651136 0.41204950634471177 0.030451391832631992 0.0220477168225127