0 0.24853990219734126 0.8353372661572507 0.055396612012708776 0.04253472958157971
0 0.03400188961543953 0.7358630889300743 0.0491193384737585 0.04075397477225664
0 0.21986152313850385 0.7785614765015371 0.03651024431795715 0.03406746515360979
0 0.26660983807331196 0.7394518472827768 0.04117047077900686 0.032668656260602266
0 0.2888609391289722 0.806602141747814 0.044540932629559826 0.04684028366526398
0 0.07972922118933919 0.6210540552648103 0.028643197240056463 0.03066964664195524
0 0.036910070213109214 0.3008705300370669 0.044895488635914284 0.06715278366526398
0 0.20254297849293984 0.3840947138876653 0.041170470779006776 0.032668656260602266
0 0.3048752715136508 0.5600991639803325 0.0490920649348082 0.039191474772256464
0 0.06275772971075583 0.43035713339511156 0.0726932061685102 0.04938493030721922
0 0.14056730966309766 0.5798908527250723 0.04909206493480815 0.03919147477225664
0 0.03670196997152318 0.5811755889300743 0.03968979139585782 0.037301592558271326
0 0.1301128250843732 0.46313986234371923 0.03974433847375849 0.04042659255827132
0 0.16049184618769155 0.37775543385059845 0.03661933847375849 0.04031746515360961
0 0.42119534131642755 0.20312742296600722 0.05536933847375849 0.04097222958157998
0 0.8061029862068729 0.7854165562763006 0.057040932629560004 0.04727679328391084
0 0.9233041229763479 0.7805430286014865 0.046267073863261746 0.05626984736759475
0 0.9057290649413987 0.892807415624795 0.03968979139585791 0.037301592558271326
0 0.6917967987060492 0.6691690520999495 0.05051819724005639 0.03143353847458741
0 0.7536695073101912 0.7029240040067153 0.042787517856907445 0.03584821996293321
0 0.8332206396154396 0.7079537551878415 0.042787517856907445 0.03584821996293321
0 0.6426519610430694 0.5771923724257023 0.03974433847375849 0.04042659255827132
0 0.512773546270417 0.5926586597191633 0.050600017856907445 0.036121038474587405
0 0.44340198336420383 0.5412077763240518 0.05232615909060954 0.04555060217691818
0 0.38872279708449126 0.9452157192451429 0.04437729139585782 0.037465283665263985
0 0.24290710552318234 0.5318129620735668 0.07781708279171565 0.07454862141421188
0 0.2492582913991531 0.43633677096657425 0.05369774431795715 0.03466766587924912
0 0.6550159987887746 0.8976586398488975 0.042787517856907445 0.03584821996293321
0 0.6275297471639215 0.6831249138955146 0.04281479139585791 0.037410719962933214
0 0.9349837370176518 0.6481843963875014 0.06644320616851011 0.049166675497895794
0 0.3645054159937636 0.4986780251429255 0.038045470779006774 0.03255952885594056
0 0.11988048295716672 0.37839284011120067 0.03343979139585782 0.03708333774894799
0 0.18128776704942387 0.5730034464644701 0.02694432954530477 0.02280258293962447
0 0.15106052476006163 0.5155009705110872 0.031659103084255104 0.02452877404661713