0 0.1671875 0.35390625 0.0296875 0.04765625
0 0.23515625 0.13671875 0.03125 0.0421875
0 0.2171875 0.31796875 0.0265625 0.03046875
0 0.259375 0.3546875 0.0234375 0.03515625
0 0.19921875 0.38671875 0.03828125 0.034375
0 0.346875 0.16015625 0.025 0.0234375
0 0.63984375 0.06015625 0.05625 0.05234375
0 0.58046875 0.23671875 0.0234375 0.034375
0 0.42890625 0.3609375 0.02890625 0.040625
0 0.521875 0.11328125 0.03515625 0.06328125
0 0.39140625 0.2109375 0.03046875 0.040625
0 0.37890625 0.1140625 0.02890625 0.0328125
0 0.46328125 0.01015625 0.0421875 0.0203125
0 0.4984375 0.18125 0.03125 0.03125
0 0.58203125 0.196875 0.0328125 0.03046875
0 0.7734375 0.41171875 0.02890625 0.04765625
0 0.278125 0.86640625 0.03515625 0.0484375
0 0.06640625 0.9109375 0.0328125 0.04609375
0 0.29765625 0.9796875 0.04765625 0.040625
0 0.18984375 0.9796875 0.0296875 0.03984375
0 0.37265625 0.740625 0.02109375 0.04453125
0 0.3484375 0.80390625 0.0265625 0.034375
0 0.35234375 0.87890625 0.0265625 0.034375
0 0.45234375 0.6796875 0.0328125 0.0328125
0 0.42265625 0.56015625 0.0265625 0.04453125
0 0.4625 0.4875 0.03515625 0.04375
0 0.08203125 0.50234375 0.02734375 0.03671875
0 0.4484375 0.2984375 0.0578125 0.06328125
0 0.53828125 0.2890625 0.0234375 0.04609375
0 0.15625 0.74375 0.0265625 0.034375
0 0.35234375 0.6828125 0.02734375 0.034375
0 0.4203125 0.96484375 0.03515625 0.05625
0 0.49296875 0.40625 0.025 0.03125
0 0.5765625 0.1578125 0.02890625 0.0265625
0 0.40234375 0.24765625 0.01875 0.02265625
0 0.45234375 0.21015625 0.01875 0.0265625