0 0.9082715631335209 0.0841877486252579 0.08646474082661797 0.09112496974937898
0 0.7907618762670413 0.16240767651474677 0.07380111436318479 0.06292724687674207
0 0.7873192345801019 0.24207245061704769 0.03778180113146803 0.04865566861791084
0 0.9344664244716434 0.1554314895500716 0.04708407825883114 0.03621021077238851
0 0.8746374273985096 0.21133151072550632 0.048692030054229465 0.044031801131468117
0 0.6542981772021179 0.33973272491574036 0.05188975292686635 0.05654998184962743
0 0.5930203096174793 0.4151549057320955 0.05806703005422946 0.04408634328594587
0 0.6690884268093343 0.5991849929679172 0.058085210772388506 0.047211343285945874
0 0.5759020290722706 0.6955145714231401 0.03932612041330898 0.045539758976990544
0 0.5247940470262515 0.7733395895735127 0.07068520472226432 0.06447156615858277
0 0.3895019625209044 0.8834862283335859 0.06280907220870695 0.05348861436318444
0 0.8305056015625001 0.004831740625 0.7162277984375 0.0883722421875 0.426657909375 0.3338865875 0.1250250984375 0.6081946109375 0.031945832812500005 0.7321302984375 0.0428981578125 0.8070235671875 0.5471296734375 0.3230764265625 0.9226535953124999 0.0053678421875 0.8305056015625001 0.004831740625
0 0.07310830629782958 0.615248270979043 0.055105656517662416 0.07219316256778666
0 0.47860835167376103 0.48870551433974363 0.05970225292686635 0.056595433645025395
0 0.4141327612164856 0.5516095144379395 0.07068520472226432 0.06447156615858277
0 0.2218679984375 1 0.4596022234375 0.7260856718750001 0.748715078125 0.4588991921875 0.9684731375 0.23676950468750002 0.958821125 0.17076791875 0.840355821875 0.25093915624999996 0.6869470062499999 0.40745974843750005 0.49902776718749997 0.58765053125 0.3573596921875 0.7317212046875 0.189617728125 0.9200583 0.1318880453125 1 0.2218679984375 1
0 0.6236354375000001 0.45674704843749997 0.5836705 0.44311861406249997 0.521205571875 0.5167422359375 0.547159546875 0.5458434125 0.6236354375000001 0.45674704843749997
0 0.52042635625 0.511413859375 0.42689005625 0.6136774125 0.446745146875 0.638167484375 0.552868825 0.54779033125 0.52042635625 0.511413859375
0 0.41528416718749994 0.6641432265625 0.40645802187499996 0.6408828078125001 0.2761410734375 0.7698393718750001 0.3055341 0.803910290625 0.41528416718749994 0.6641432265625
0 0.28244223281249997 0.83147431875 0.26556916249999996 0.7902818546875 0.1840957859375 0.863751728125 0.203950875 0.8882417984375 0.28244223281249997 0.83147431875
0 0.39114338437499996 0.61034709375 0.3670026015625 0.556550959375 0.197956965625 0.6988795984375 0.209188184375 0.7571330890625 0.39114338437499996 0.61034709375
0 0.212762084375 0.8001187249999999 0.1974474453125 0.769583009375 0.129273240625 0.8412597125 0.1548376078125 0.8676967031249999 0.212762084375 0.8001187249999999
0 0.7562448078124999 0.9740606734374999 0.8742965609375 0.8168739468749999 0.8550184156249999 0.7406884109375 0.7496739531250001 0.8363939390624999 0.6572806250000001 0.987404334375 0.7562448078124999 0.9740606734374999