0 0.08984375 0.1796875 0.0703125 0.075
0 0.20859375 0.2375 0.0625 0.05
0 0.22265625 0.31015625 0.0296875 0.03984375
0 0.075 0.2484375 0.03984375 0.02734375
0 0.1375 0.2921875 0.03984375 0.03515625
0 0.35859375 0.38359375 0.0421875 0.04765625
0 0.425 0.4453125 0.05 0.03515625
0 0.3796875 0.6234375 0.05 0.0375
0 0.47890625 0.7015625 0.0328125 0.0375
0 0.5359375 0.76640625 0.0578125 0.05234375
0 0.6765625 0.8515625 0.05234375 0.0421875
0 0.5675 0.35 0.26749999999999996 0.16 0.0025 0.017499999999999998 0 0.0675 0.45499999999999996 0.355 0.9949999999999999 0.745 0.9974999999999999 0.6799999999999999 0.8825 0.5650000000000001 0.5675 0.35
0 0.93125 0.56484375 0.0421875 0.06015625
0 0.53984375 0.4984375 0.05 0.04765625
0 0.60859375 0.5484375 0.0578125 0.05234375
0 0.2875 0.505 0.5900000000000001 0.7150000000000001 0.915 0.9974999999999999 0.9974999999999999 0.9974999999999999 0.865 0.86 0.6849999999999999 0.7075 0.5349999999999999 0.5925 0.3375 0.45 0.175 0.325 0.0125 0.24500000000000002 0 0.28500000000000003 0.025 0.305 0.2875 0.505
0 0.4375 0.47000000000000003 0.4025 0.4875 0.485 0.5599999999999999 0.505 0.53 0.4375 0.47000000000000003
0 0.605 0.6075 0.505 0.525 0.48 0.5625 0.5900000000000001 0.6325000000000001 0.605 0.6075
0 0.6275000000000001 0.63 0.6224999999999999 0.6525000000000001 0.7424999999999999 0.7675 0.765 0.7325 0.6275000000000001 0.63
0 0.7775000000000001 0.75 0.7675 0.79 0.8474999999999999 0.8324999999999999 0.8625 0.8074999999999999 0.7775000000000001 0.75
0 0.6525000000000001 0.5475 0.6375 0.6 0.825 0.7125 0.8275 0.6575 0.6525000000000001 0.5475
0 0.8375 0.7224999999999999 0.8275 0.7525000000000001 0.89 0.8074999999999999 0.9099999999999999 0.78 0.8375 0.7224999999999999
0 0.3375 0.8525 0.22749999999999998 0.7775000000000001 0.22000000000000003 0.85 0.3675 0.9974999999999999 0.4575 0.9974999999999999 0.3375 0.8525