0 0.2545829608705844 0.029831010958254755 0.09083407825883114 0.04015842721213973
0 0.2976875453759315 0.14280619995721877 0.06292724687674198 0.07634848428423427
0 0.37331880445111787 0.17211701840185284 0.04866475897699045 0.04131851282028158
0 0.32966022892276114 0.020042942099335912 0.03442954215447767 0.010976041356328865
0 0.3676142259958949 0.07807591997342941 0.044031801131468117 0.05047518899896399
0 0.4309989733636163 0.3318773161683225 0.05812157220870695 0.055817660462916766
0 0.48522286505055573 0.41411192741702746 0.04408634328594587 0.059850188998963993
0 0.6837785397185907 0.4030418025194714 0.047211343285945874 0.05999573821317572
0 0.7510700579671592 0.5226137479285762 0.045539758976990544 0.041172963606069854
0 0.811589401449497 0.5973269576057045 0.06447156615858277 0.07329625889134021
0 0.8809565041052168 0.7631018149254682 0.05505111436318444 0.06504711124870503
0 0.6759814140625 1 0.3846536265625 0.42846133750000004 0.2018310390625 0.00940043125 0.1398864953125 0.0065153187500000005 0.20544368125 0.189982953125 0.3616780578125 0.5471093875 0.5423042671875 0.925197096875 0.5963405765625 1 0.6759814140625 1
0 0.534303176140973 0.9738442803958195 0.07220225292686636 0.05231143920836097
0 0.5250842748878679 0.5472540672017798 0.058157933645025396 0.062067660462916764
0 0.5675803262157277 0.6305053688971909 0.06447156615858277 0.07329625889134021
0 0.9352387625 1 0.9420378875000001 0.953848853125 0.748587559375 0.64415595 0.5713512 0.280364240625 0.430443065625 0.0200482078125 0.36212441093750003 0.016866215625 0.3964350953125 0.12465707968749999 0.504684253125 0.3225242875 0.62616889375 0.561121425 0.7256797765624999 0.74369103125 0.8606032656249999 0.9656791953124999 0.8863382296875001 1 0.9352387625 1
0 0.5346128578125 0.3991671765625 0.5104093734374999 0.4328859203125 0.5640141703125 0.5166948796875 0.5992384265624999 0.50143341875 0.5346128578125 0.3991671765625
0 0.5586657453125 0.5156932828125 0.6312461625 0.6385748859375 0.660338565625 0.6276295890625 0.6026960671875 0.49661645625000006 0.5586657453125 0.5156932828125
0 0.676639975 0.66620143125 0.651788640625 0.6670120046875 0.7398870359374999 0.8337832140625 0.7808514328125 0.8168644671875 0.676639975 0.66620143125
0 0.8010021937499999 0.84796046875 0.7566479484374999 0.850583209375 0.8048365328125 0.9525035390625 0.8339289375 0.9415582421875 0.8010021937499999 0.84796046875
0 0.618131240625 0.6716379421875 0.55962250625 0.677074453125 0.649867821875 0.885231271875 0.709092196875 0.8935899671875 0.618131240625 0.6716379421875
0 0.751487871875 0.9042616296875 0.7178304734375 0.9088875671875 0.7679776265625 0.997513490625 0.800527675 0.9817512296875 0.751487871875 0.9042616296875
0 0.935232359375 0.40315290312499996 0.9975090312500001 0.4747369578125 0.9982744625000001 0.34317041875 0.9509687234375 0.277684696875 0.8722414359374999 0.2711381734375 0.935232359375 0.40315290312499996