0 0.12189579663711816 0.14068712014004517 0.08488545269729175 0.09291955417661044
0 0.2516755220358335 0.21774838792272547 0.07325696846486114 0.06272263192686944
0 0.2644859529816322 0.29872656017246646 0.03699216014423614 0.04698631596343468
0 0.10334712480937518 0.21552230024766902 0.046076219414791675 0.034922963606069855
0 0.17095350531833356 0.270177721049668 0.04625805737069446 0.042735463606069855
0 0.41345208947451423 0.39541112324041705 0.05130923328249999 0.058578787427387445
0 0.4846562486688198 0.4705245932566277 0.05879442496187508 0.04488016046291676
0 0.42906413136197974 0.6638165208830522 0.05883079255305575 0.046442660462916764
0 0.5366603854460423 0.7601350568626976 0.03848192496187508 0.04393409057054054
0 0.5985804636182992 0.8387181292362731 0.06864220364722229 0.06562930810555194
0 0.7517437908406258 0.9480846288219883 0.06366376291777769 0.05291098428423417
0 1 0.6654294296875001 0.9896955984375 0.653805765625 0.6466988125 0.3812298203125 0.31955802499999997 0.1379733390625 0.11377217343749998 0.0052990234375 0.0257706171875 0.0012002859374999999 0.025371153125 0.0062071625 0.521556228125 0.3744082375 1 0.774393415625 1 0.6654294296875001
0 0.6112018712939935 0.5427528118250964 0.060684233282499986 0.05901543507002245
0 0.686039523554445 0.6063294683590715 0.06864220364722229 0.06562930810555194
0 0.9791987875 1 0.960718209375 0.97841330625 0.765678253125 0.789844540625 0.6027543625 0.6460787015625 0.387949675 0.46665669374999996 0.2114622609375 0.3104491671875 0.0335202203125 0.2040512390625 0.0183404421875 0.2469535484375 0.0454674875 0.2718369203125 0.3306247015625 0.522043540625 0.659896340625 0.7877121984375 0.8743385375000001 1 0.9791987875 1
0 0.5482578359375 0.6046135546875 0.5714464265625 0.573603775 0.498397359375 0.4997773890625 0.458948703125 0.5153037031250001 0.5482578359375 0.6046135546875
0 0.5426223140624999 0.6068316 0.6625631624999999 0.6963946015625 0.680035415625 0.6703700687499999 0.5716080531250001 0.5680693765625 0.5426223140624999 0.6068316
0 0.8276179046875001 0.862572615625 0.853745475 0.826303015625 0.70430429375 0.6977460640625 0.6980222687500001 0.7221017078124999 0.8276179046875001 0.862572615625
0 0.9421656671875 0.9460520671875001 0.959637921875 0.9200275328125 0.8670665578125 0.8470463031250001 0.8546641359375 0.890223190625 0.9421656671875 0.9460520671875001
0 0.9210484875 0.810755275 0.9256037218750001 0.75015145625 0.7347446609375 0.60917424375 0.716383465625 0.665637975 0.9210484875 0.810755275
0 1 0.8827044890625 0.9346120109375 0.8231969625 0.9225328375 0.8553050499999999 0.9901888234375 0.923047884375 1 0.9110565578125 1 0.8827044890625
0 0.4399816046875 1 0.37493882031250003 0.9121758703125 0.2551596 0.8170784671875 0.2444839640625 0.8965035296874999 0.3362337984375 1 0.4399816046875 1