0 0.15448722874546178 0.09616664317779786 0.08118101581733077 0.07727320533113406
0 0.2121803705327852 0.21231682891289064 0.054172846843970036 0.06556281551854841
0 0.28592161806132727 0.22187603384831328 0.04352450692008229 0.034040030878812376
0 0.22396939920169726 0.0761974724863999 0.03140650889724857 0.043051318025830954
0 0.26832955285201876 0.13655229928771945 0.037656508897248565 0.043233174452321686
0 0.3601019228905124 0.35471361441055654 0.05184634288963732 0.046767351411925784
0 0.4214904090503479 0.4184745860390266 0.03803851087441501 0.0526081744523216
0 0.604060169924763 0.36166098172410693 0.04116351087441501 0.05269910266556703
0 0.6813628161607106 0.4561718481797275 0.04046317391627667 0.035511602665567035
0 0.7478208042977126 0.5104214274883295 0.05717051285158128 0.06252874373179385
0 0.8327794416364117 0.646847009304214 0.04754084486680341 0.056005959092057724
0 0 0.036323325000000004 0.13297298125 0.27710868906249997 0.3242498109375 0.5688413140625 0.5408393140625 0.874153796875 0.646904271875 0.9737595203125 0.717604675 0.9692398671875001 0.32999509374999997 0.45448890468750003 0.0421595203125 0.0144158015625 0 0.017110925 0 0.036323325000000004
0 0.5405787182909763 0.9237805484962965 0.06434634288963732 0.04713106426490725
0 0.47543646832815745 0.5308321820406761 0.05210101087441501 0.05301735141192587
0 0.5257601204956042 0.5980364024155049 0.05717051285158128 0.06252874373179385
0 0.4272147609375 0.329222825 0.5708349421875 0.52014886875 0.6867944328125 0.66471611875 0.840678596875 0.8372549984375001 0.9603002671875001 0.9452041984375 0.9637252828125 0.86114828125 0.6949764 0.5679389625 0.48339327499999996 0.274971453125 0.2817342375 0.021897571875 0.2635782734375 0.0002612015625 0.2534177375 0.0009107312500000001 0.22084490625000003 0.013125021875 0.3011686265625 0.1726353671875 0.4272147609375 0.329222825
0 0.46493254375 0.39266972031249997 0.4469447125 0.42928166718750005 0.5075089234375 0.49380106562500004 0.538108759375 0.47158089218750004 0.46493254375 0.39266972031249997
0 0.5024286546875001 0.49412583125 0.5856619625 0.59012510625 0.611151971875 0.573297590625 0.5406784499999999 0.46635061406249995 0.5024286546875001 0.49412583125
0 0.63128093125 0.60493985 0.60839016875 0.6114691890625 0.711722875 0.7441786140625 0.7474177562500001 0.7190997296875 0.63128093125 0.60493985
0 0.7701311828125 0.7429777609375 0.729429925 0.7557116734375 0.7873505578125 0.8381310890625 0.8128405671875001 0.8213035765625 0.7701311828125 0.7429777609375
0 0.5778494453125 0.6235535703124999 0.524417959375 0.6421672953125 0.6351493984375 0.8123987874999999 0.691047128125 0.80629241875 0.5778494453125 0.6235535703124999
0 0.7316744984375 0.8062282421875 0.701133775 0.8183126265625 0.7591282984375 0.888062303125 0.7871879984375 0.8660045125 0.7316744984375 0.8062282421875
0 0.9808014578125 0.3216968109375 0.8343308015625001 0.1841460484375 0.760622575 0.1964569890625 0.8361763671875 0.303079203125 0.9802668984375 0.41335581406250005 0.9808014578125 0.3216968109375