0 0.18005824212281252 0.8958027436684219 0.07897952267663592 0.07753185775648745
0 0.24036793877304055 0.7714744510407967 0.053888616008908666 0.06840916327441153
0 0.314441238104677 0.7550848111721334 0.04098862667090888 0.033379066033373664
0 0.2513428961250397 0.9084831281100183 0.028597714672181595 0.042098968792335614
0 0.29591905211644914 0.8428271506112555 0.0364102146721816 0.04250840456798457
0 0.39094809941913244 0.6119279534156459 0.04896475867281787 0.04785100180902226
0 0.454237892743451 0.542164330055326 0.038099984006999675 0.05352779172311397
0 0.6368418547501326 0.58184322648271 0.039662484006999676 0.05360967887824373
0 0.7177185900699967 0.4783254008383981 0.03789998933799978 0.03634029172311415
0 0.7842242900620426 0.41621050316781866 0.055396572008272395 0.06380355042954129
0 0.8724135387094071 0.26931449174785793 0.04593066534054522 0.05549972749876275
0 0.646403584375 0 0.5799587125000001 0.06841607499999999 0.3575549953125 0.39944563906249997 0.1608831125 0.714182771875 0.013140509375000001 0.9912925390625 0.0660454203125 0.9894437437500001 0.3620121375 0.5147389984374999 0.7272839296875 0 0.646403584375 0
0 0.5802602120066815 0.021566304274728547 0.06302725867281786 0.043132608549457094
0 0.5099055427275427 0.42198794889309016 0.05061816534054522 0.05574538896415202
0 0.5622214733847704 0.34967253561867856 0.055396572008272214 0.06380355042954129
0 0.9587192484375 0 0.8824337484375 0.07580465 0.724941434375 0.2660269046875 0.6060916328125 0.4241123390625 0.45875182187499997 0.6319385609375 0.329570496875 0.8032127171875001 0.24654536249999998 0.9728739187500001 0.2793078671875 0.9819911578125 0.2895648 0.9816327218750001 0.3081615390625 0.9578930250000001 0.5148665796875 0.681288315625 0.7320672375 0.363268253125 1 0.0475577015625 1 0 0.9587192484375 0
0 0.5724582421875 0.47659839843749996 0.5418067953125 0.45714524375 0.4798624171875 0.5285794 0.4976031890625 0.5638769406249999 0.5724582421875 0.47659839843749996
0 0.5749926375000001 0.4816409046875 0.6474475578125001 0.366225340625 0.6218947421875 0.351725084375 0.5366783296875 0.45732446250000003 0.5749926375000001 0.4816409046875
0 0.786826140625 0.20485697812499998 0.7510611468749999 0.1830169828125 0.6451070999999999 0.327824090625 0.6681553578125 0.3321497265625 0.786826140625 0.20485697812499998
0 0.8541227625 0.0947527453125 0.8285699421875 0.0802524890625 0.7690853671875 0.1695594359375 0.8100534187499999 0.178389928125 0.8541227625 0.0947527453125
0 0.7309053249999999 0.122148478125 0.674507121875 0.1215538125 0.5606366 0.3051206046875 0.6143959812500001 0.318635165625 0.7309053249999999 0.122148478125
0 0.8287340421874999 0.052025859375000004 0.8006468281249999 0.032483096875 0.7412368453125 0.1089597578125 0.7719479671875 0.11814868281249999 0.8287340421874999 0.052025859375000004
0 1 0.50721214375 0.8715932953125 0.6175115609375 0.7940099078125 0.733106340625 0.8683279046875001 0.7382058609375 1 0.6026274859375 1 0.50721214375