0 0.15604456790709867 0.9090747862890887 0.08955337939029935 0.08696645407749273
0 0.23031733918072925 0.7862570634069774 0.06292724687674198 0.07525606426490725
0 0.31152188738533115 0.7808086969513568 0.04708407825883123 0.03730142319868044
0 0.23117637811375316 0.9339133134069775 0.034656801131468205 0.04943771034569906
0 0.2847099233914888 0.8714193250854599 0.042469301131468115 0.049665030878812286
0 0.4052213695295461 0.640590525402029 0.05654998184962743 0.05319920783841638
0 0.4782679840891225 0.575539838413295 0.0440954336450254 0.06064799498543501
0 0.6708418243500063 0.6475381735278848 0.04565793364502539 0.06069345909205772
0 0.7655634510098311 0.5487489840318684 0.04397725897699054 0.040335494985435004
0 0.842579948082965 0.4947494573096911 0.06289088544042372 0.06900606426490725
0 0.9487612495090207 0.3517699986133448 0.05191702400410492 0.0624378155185485
0 0.0054137171875 0.9305390156250001 0.00557444375 0.9581655859374999 0.0480811859375 0.96311874375 0.3820439 0.5309466859375 0.8069898656250001 0.0484123078125 0.7142947671875 0.037610884375 0.65175526875 0.088516546875 0.38665107656250003 0.40678390468750003 0.1504285921875 0.7117901234375 0.0054137171875 0.9305390156250001
0 0.6556187409248138 0.04485344272821473 0.06738748789975162 0.036329956584775294
0 0.5478759812604521 0.45649197321131574 0.058167024004105096 0.0626196719450391
0 0.6091765747427897 0.3864128054229116 0.06289088544042354 0.06900606426490725
0 1 0.1260819265625 0.9750737390625 0.14558939843750002 0.7909391265625 0.32365228125 0.650801325 0.47358871718750006 0.476106728125 0.6721493296875 0.323831890625 0.834526996875 0.2321784328125 0.9845709296875 0.2929652796875 0.9916542015625 0.5321847328125 0.734105959375 0.7906585265625 0.42892150312500005 1 0.23173319375 1 0.1260819265625
0 0.6105131375 0.524316140625 0.5792713125 0.49850682031250004 0.5071233453125 0.5649194625 0.5232500640625 0.60559409375 0.6105131375 0.524316140625
0 0.6128169531250001 0.530126803125 0.6997989734375001 0.41833396718750004 0.6736142843749999 0.3986561421875 0.573764671875 0.4978651515625 0.6128169531250001 0.530126803125
0 0.862188084375 0.2682192953125 0.8256643718750001 0.23902339062500003 0.700416928125 0.3768394296875 0.724747303125 0.38521676562499996 0.862188084375 0.2682192953125
0 0.9432139640624999 0.1612746171875 0.917029275 0.141596790625 0.84606136875 0.2275446625 0.8892154781249999 0.24365766875 0.9432139640624999 0.1612746171875
0 0.80903185 0.17057878906249999 0.748683565625 0.16077551875 0.6118048890625001 0.3388027578125 0.668276096875 0.36200976093750004 0.80903185 0.17057878906249999
0 0.9195015421875 0.11140274218749999 0.8910130359374999 0.0859142546875 0.8211688859375 0.1581375578125 0.85330971875 0.172967225 0.9195015421875 0.11140274218749999
0 0.9928742359375 0.6750332109375 0.9193912109375001 0.7238036671875 0.82690255 0.834954834375 0.90607456875 0.852493771875 0.983504421875 0.7894677125 0.9928742359375 0.6750332109375