0 0.5429807484799442 0.3990894014494969 0.05557352076024671 0.09873748184962743
0 0.6550363739928263 0.19848489257070226 0.04148184585538672 0.05960225897699045
0 0.6354056704190544 0.3735576154433392 0.028026840912470874 0.03609203610435348
0 0.5118514707996153 0.5304893923743105 0.03555018083635879 0.0673783975406721
0 0.5508184703053237 0.5326058833973202 0.03778384288963732 0.045521578258831144
0 0.4714718685184378 0.6205467658126815 0.06147601087441501 0.0519079336450254
0 0.603170196085036 0.647117835290914 0.039728344866803766 0.05490566861791084
0 0.6787206358186433 0.5373292239527915 0.043651840912470874 0.03618293969514959
0 0.8823628779471591 0.1784167905041577 0.04684050790866543 0.0377636204133089
0 0.7019776995822581 0.23492184143923414 0.043651840912471054 0.03618293969514967
0 0.8631698675670357 0.2277355344540335 0.03296900889724839 0.042369307181592396
0 0.7023995108372338 0.3395820703619953 0.04103617688202625 0.04866475897699045
0 0.7449398379095404 0.369015040307766 0.03121550790866543 0.0376727168225127
0 0.9119933922444339 0.5055105556294682 0.04300985376405251 0.09710225897699054
0 0.7364747860089238 0.6150996999486864 0.028281508897248564 0.04234203610435365
0 0.973442817186475 0.07088102557523893 0.04903967787060921 0.05339771077238853
0 0.9262521407987403 0.11723839598854784 0.04065417490485999 0.039289758976990455
0 0.9587343769585758 0.18265886290925643 0.06865184091247087 0.036328385440423536
0 0.8371074332706356 0.311461094660688 0.031406508897248386 0.042360216822512696
0 0.8113208660841609 0.2350667663036609 0.03414950692008212 0.03300339754067192
0 0.43497056619789165 0.07870015427816723 0.036730678859192525 0.05801248789975157
0 0.4926676610646954 0.02516258470173887 0.02716467787060921 0.05032516940347774
0 0.44591999505708413 0.022183030447012753 0.0331600098858317 0.044366060894025505
0 0.4849095577949347 0.11824392242853983 0.03960101087441501 0.05178066861791084
0 0.7080207470342504 0.009940022157393362 0.06919566897336082 0.01133747579950318
0 0.8187234836883777 0.07256222112412107 0.04352450692008212 0.033057939695149675
0 0.7911423813700191 0.5577639229195192 0.04623301285158128 0.06119203005422928
0 0.6648172336883776 0.07345762149346342 0.043651840912470874 0.03618293969514967
0 0.6740092781002585 0.6529542239527915 0.03427684091247087 0.0361283975406721
0 0.6116935977953721 0.3229263563681529 0.053599843878220456 0.05029998184962743
0 0.5978764955141946 0.41282919370217036 0.06211268083635879 0.0675329336450254
0 0.3600315746008486 0.040419946039861473 0.04868685079830275 0.08083989207972295