0 0.40490723126045225 0.4336020637202875 0.04583974082661797 0.09141593262955983
0 0.31240104781181843 0.24613506574888233 0.03624657220870695 0.05375229139585782
0 0.31960099033563855 0.40930722159308097 0.0220568071815924 0.03163182954530477
0 0.42516116480728183 0.5574798944834083 0.030042024004105095 0.061455697240056395
0 0.3884469599868216 0.5589020726487413 0.031495439695149674 0.04273297077900686
0 0.45690658937712103 0.6420906737044014 0.05339771077238851 0.04780230032431163
0 0.332024764045156 0.6645850568204287 0.03310339149054773 0.050572744317956976
0 0.2689157099868216 0.5609884983784422 0.0376818071815924 0.0319045649348082
0 0.10288060206654456 0.22478971996822789 0.04238748789975157 0.03511138555165925
0 0.2672749001729506 0.2789572483784422 0.0376818071815924 0.0319045649348082
0 0.11722035801847293 0.2722005081176748 0.028343168617910842 0.03799092370110611
0 0.2600305476154267 0.37674986607319394 0.034629530054229286 0.04435001785690744
0 0.21799758371978023 0.4040487516248531 0.02519998789975162 0.03481137662320553
0 0.053867426907530214 0.529582359984114 0.03332156010845859 0.08807274431795716
0 0.20917761650448402 0.6339135296280303 0.02521816861791084 0.03793637662320535
0 0.0225931383672898 0.12305567045469523 0.04402271077238853 0.047638659090609534
0 0.06582550878059872 0.16761814813356088 0.03457498789975157 0.03497501785690749
0 0.031019237605163997 0.2283880527599435 0.059565897540671965 0.03384889448011297
0 0.136420330792914 0.34921697565027077 0.02521816861791084 0.03793637662320544
0 0.16491296945479136 0.27761866517968947 0.028288626463433088 0.028615923701106105
0 0.5258454033944044 0.13614859091268577 0.029987481849627427 0.052080697240056484
0 0.47392383421075956 0.07532986769804699 0.023837475799503238 0.0691591030842551
0 0.5184641745698392 0.0761150718379623 0.026898843285945873 0.058276150162155795
0 0.4768357316532357 0.17294520738962146 0.033085210772388504 0.047447744317957154
0 0.2730425902608838 0.06164701745316568 0.06265453610435348 0.02765344155801359
0 0.16871870462406846 0.12597434456283846 0.03766362646343313 0.028779564934808155
0 0.16276570393669743 0.5800305990270653 0.03938066256778665 0.05536933847375849
0 0.3125050660603869 0.12971517897940718 0.0376818071815924 0.0319045649348082
0 0.26641794476331526 0.6688555454563428 0.028306807181592397 0.03174092370110611
0 0.3458953247427898 0.3627498214309252 0.0455761204133089 0.04610343262955983
0 0.3526316589535493 0.4462344772751239 0.05347952400410509 0.06186480032431163
0 0.5966209908266178 0.0802201448904453 0.04289654800821019 0.12261138555165918
0 0.5797784035907962 0.010824857144740163 0.0595568071815924 0.021649714289480326
0 0.20012271984757485 0.01760273701435648 0.04706589754067201 0.0336307061685102