0 0.33530349841812035 0.4721234222321481 0.05343261646291486 0.0955943011314682
0 0.2503906671195988 0.2742404341360048 0.03888543758467104 0.05645907825883123
0 0.24767402363289098 0.4452978226996863 0.025239017412854548 0.03451135538619425
0 0.3488193645423509 0.6016927475641131 0.033044873360319825 0.0642352168225127
0 0.31127842096478603 0.6026921661820239 0.036667840343633 0.043949987899751616
0 0.37696429669995507 0.6905643500234412 0.057226001809022264 0.048755662567786476
0 0.2453491265281385 0.7131983950065892 0.03872166327441153 0.053334078258831144
0 0.18549717096478605 0.6034239400879331 0.040864017412854545 0.03460225897699054
0 0.03147024875680458 0.2489596747662309 0.04555151741285455 0.034629530054229286
0 0.20097384328430912 0.3081114400879331 0.040864017412854545 0.03460225897699045
0 0.04373455337021739 0.29809206635497454 0.03025406603337355 0.040788626463433175
0 0.18705742820087526 0.409723937062871 0.0383122274987628 0.045521578258831144
0 0.14183345940853972 0.4381034671171003 0.02992651741285455 0.03453862646343318
0 0.11906658751855792 0.6787875544511179 0.027047178878243816 0.039207945745273774
0 0.008900287200558275 0.18586023194782325 0.01780057440111655 0.03765453610435347
0 0.0590076713034703 0.37922843686647933 0.030172178878243795 0.039226126463433174
0 0.09410636759456863 0.30560912968488696 0.032887743102595034 0.0314318071815924
0 0.47968309871137604 0.16122176278761946 0.035596663274411536 0.053315897540671967
0 0.4292161092268256 0.09591038017586627 0.027204309135968607 0.07201135538619427
0 0.4760092220716959 0.09720016940347773 0.032881099050060314 0.06111021682251274
0 0.426155306988262 0.19902174463724684 0.0385578889641522 0.05020907825883118
0 0.2207418679332529 0.07994098829253504 0.06718085594746528 0.030069295081343927
0 0.10710541384023844 0.1469881086076481 0.040700243102595034 0.031477258976990455
0 0.07287766225835876 0.6212614007621259 0.04521732473980082 0.05805793969514959
0 0.25681880879728436 0.15158418413600477 0.04086401741285446 0.03460225897699045
0 0.17565410221787903 0.7167279159856321 0.033051517412854545 0.034556807181592396
0 0.2783784690194781 0.3959154462362532 0.05089411465389251 0.04715680113146821
0 0.2800018447546472 0.48416033479993476 0.058044873360319826 0.06438066256778648
0 0.557671979873612 0.10375417555179782 0.0503828595655099 0.12681703005422934
0 0.5464688862506186 0.021156340751863074 0.06643722749876275 0.04231268150372615
0 0.14515536974227522 0.03195800624651594 0.048758404567984304 0.03621021077238853