0 0.59140625 0.44375 0.0421875 0.0875
0 0.6765625 0.25859375 0.0328125 0.05234375
0 0.6734375 0.4171875 0.021875 0.03125
0 0.57421875 0.5640625 0.0265625 0.059375
0 0.609375 0.5640625 0.03125 0.040625
0 0.5453125 0.646875 0.05 0.04375
0 0.6671875 0.66484375 0.03125 0.0484375
0 0.72578125 0.5625 0.0359375 0.03125
0 0.8796875 0.23046875 0.040625 0.0328125
0 0.72109375 0.2890625 0.0359375 0.03125
0 0.86640625 0.2765625 0.0265625 0.0375
0 0.73046875 0.38359375 0.0328125 0.0421875
0 0.771875 0.40859375 0.025 0.0328125
0 0.934375 0.52421875 0.03125 0.0859375
0 0.78515625 0.63046875 0.0234375 0.0359375
0 0.96640625 0.13203125 0.0609375 0.0453125
0 0.9140625 0.1734375 0.034375 0.034375
0 0.95 0.23203125 0.059375 0.0296875
0 0.85 0.35234375 0.025 0.0359375
0 0.8203125 0.284375 0.028125 0.028125
0 0.4671875 0.159375 0.028125 0.05
0 0.51640625 0.09765625 0.0203125 0.0671875
0 0.4734375 0.1 0.025 0.05625
0 0.515625 0.19296875 0.03125 0.0453125
0 0.71015625 0.078125 0.0609375 0.025
0 0.81328125 0.1375 0.0359375 0.028125
0 0.8296875 0.5765625 0.0375 0.053125
0 0.67421875 0.1453125 0.0359375 0.03125
0 0.73125 0.6671875 0.028125 0.03125
0 0.646875 0.37265625 0.04375 0.0421875
0 0.6421875 0.45390625 0.05 0.0578125
0 0.39765625 0.10703125 0.0390625 0.1171875
0 0.41171875 0.028125 0.0578125 0.046875
0 0.78125 0.03203125 0.04375 0.0328125