0 0.3781552536142373 0.3998697524358869 0.058385192622015934 0.09877384328594588
0 0.31609211173090607 0.19012659289316242 0.042542024004105096 0.06118293969514967
0 0.29479785295030736 0.3587584182251274 0.028343168617910842 0.03766362646343309
0 0.3766149586310892 0.5303339572563471 0.03789088544042354 0.06740566861791067
0 0.3399280248878679 0.524651583817976 0.040906801131468204 0.048673849336070066
0 0.39482862744539177 0.6226305415653025 0.05968407220870695 0.05347043364502539
0 0.2620070370863122 0.6234203610435349 0.04252384328594587 0.05805793969514959
0 0.21659960919682328 0.5051834454506864 0.04241475897699045 0.039307939695149584
0 0.10394663573501114 0.12795280405833437 0.048673849336070066 0.04090680113146812
0 0.2635983708060924 0.21560331586399523 0.04241475897699045 0.039307939695149674
0 0.11067790388538376 0.17955621067419267 0.033067030054229285 0.04394089754067192
0 0.23880692818407648 0.3138999152982611 0.04091589149054773 0.05023634933607006
0 0.19103250351604142 0.3339351593463328 0.0314681686179108 0.0376818071815924
0 0.012948931012746828 0.4297693132317166 0.025897862025493656 0.09391362646343318
0 0.14278940447455896 0.5688186985739442 0.029923849336070063 0.040797716822512695
0 0.0762034308163551 0.06216417759490127 0.04243293969514968 0.04243293969514968
0 0.05477333753040925 0.1198539577473264 0.017378397540671962 0.03291249394987581
0 0.11722736485416403 0.26240961729005097 0.031486349336070064 0.040806807181592394
0 0.1582477954741274 0.194677216626121 0.03614657825883123 0.036146578258831184
0 0.5540284489667278 0.1165083274732643 0.039389752926866174 0.05647725897699045
0 0.5114869458434697 0.042820842598574806 0.031686337235821684 0.07518180718159236
0 0.556744903688992 0.052459463011883714 0.034738614363184796 0.06269998789975158
0 0.49761482250329453 0.14430607454639804 0.04093407220870695 0.05336134933607006
0 0.3077897741023009 0.005697050738684692 0.06879545179539814 0.00821247579950318
0 0.18883978620254935 0.03938118344863374 0.04239657825883123 0.036182939695149685
0 0.10332290437636309 0.503743144417414 0.048792024004105095 0.06121930113146821
0 0.33554661455957646 0.06914192720211781 0.04241475897699036 0.039307939695149674
0 0.19407919370217042 0.6159936804235716 0.03616475897699045 0.03927157825883114
0 0.3294228378249969 0.31598965612487895 0.05342498184962743 0.05187157220870695
0 0.32188252771653825 0.40344874950902065 0.06133747579950315 0.06910452400410509
0 0.6370772983027978 0.07636511650448403 0.05694995764913049 0.12063975292686621