0 0.5503157009116354 0.5595544084148528 0.09871930113146803 0.05417083148532651
0 0.7570929417382531 0.6381667138741688 0.05803066861791084 0.04086719468185844
0 0.5820929417382532 0.6483593031814159 0.03452044574527378 0.027002115756780753
0 0.4174077521412993 0.55088360565696 0.0658068071815924 0.03507222099021767
0 0.4184162611182898 0.589900603026124 0.043949987899751616 0.03692314732681172
0 0.32504299013924676 0.5257841660955991 0.05033634328594587 0.06072466837349921
0 0.3086418061996337 0.6619414739739894 0.05333407825883123 0.03903167889684287
0 0.4222912157423583 0.7186248425027804 0.03461134933607006 0.042627115756780756
0 0.7935536582661783 0.860337845486552 0.03619203005422946 0.04584312101845285
0 0.7245713332288009 0.6900778243692776 0.03461134933607006 0.042627115756780756
0 0.7426951402140015 0.8500142664908873 0.040797716822512695 0.032053636803468066
0 0.619952010921898 0.7078939269012915 0.04709316861791084 0.04023015785015538
0 0.5944434716942866 0.756270513718877 0.03610112646343318 0.030218121018452494
0 0.47128374852706206 0.945536682021789 0.09552157825883115 0.04148882096198285
0 0.3492446011827818 0.7900895898013574 0.040770445745273866 0.027366136803468066
0 0.9064763599633805 0.926441716646179 0.050172716822512696 0.032599668373499216
0 0.8578297817045492 0.8933253797580065 0.03771816861791066 0.03968412628012459
0 0.7962837485270621 0.9266075875940445 0.034638620413308986 0.0473146157567804
0 0.6582201462641257 0.8377410506211671 0.040788626463433175 0.030491136803468065
0 0.7330201583643742 0.7989977980609183 0.03143180718159222 0.03307010523343692
0 0.8619884782353899 0.39916585608048305 0.056440897540672094 0.036088689420186525
0 0.9310475504440971 0.4482866245669216 0.07513635538619426 0.02780575256024882
0 0.9276452944921687 0.40081238509026534 0.06267271682251305 0.033327710466874015
0 0.8255833456236369 0.4552107297297715 0.05020907825883114 0.038849668373499215
0 0.9572929296380046 0.660893040380172 0.030078385440423717 0.06891659997176518
0 0.8938940258508168 0.778686756108718 0.031486349336070064 0.04244510523343692
0 0.4096781071347101 0.834242137226991 0.05962043969514959 0.04564569994353036
0 0.882070215840554 0.6269800429404209 0.03461134933607006 0.042627115756780756
0 0.30748837235821647 0.7323449792356612 0.034556807181592396 0.033252115756780755
0 0.6303531797362005 0.6150693900695885 0.048728391490547904 0.052821163111827295
0 0.5404912490180414 0.6171771926157199 0.06596134328594587 0.061634720990217676
0 0.917788505460949 0.3185459166602964 0.12995112041330897 0.052865936718763426
0 0.990478062986227 0.3267686693617195 0.019043874027546082 0.06524556840173404
0 0.9959816831540461 0.734308153576704 0.008036633691907723 0.0507280420933748