0 0.41145337802152104 0.600281049109791 0.1055443458553869 0.061175053570722324
0 0.19925180836358836 0.6688749107154626 0.06428267589344294 0.04484094155801355
0 0.37354881281221264 0.6869412978919749 0.03870967292769345 0.030342064934808198
0 0.5442977115196183 0.5987440482990121 0.07027800790866542 0.03870003571381488
0 0.5403569694282837 0.6363395056853381 0.05009284190105419 0.04147047970746058
0 0.6388462075652857 0.5783303624230413 0.05873301285158128 0.06191934740221221
0 0.6451028192380033 0.7126917256535661 0.059531508897248564 0.04319662094116268
0 0.5259827461200294 0.7632429249222173 0.040908842889637496 0.045994338473758486
0 0.14635093733651156 0.8863584655040011 0.044161176882026164 0.04917388555165943
0 0.22797898623419766 0.7215362605533068 0.04090884288963732 0.045994338473758486
0 0.198440019351734 0.8791948019491647 0.045150673916276626 0.035138659090609536
0 0.33052832467521076 0.7439822305215348 0.053281508897248565 0.043087526785361166
0 0.35287816855343124 0.7936276745151802 0.04039950692008221 0.03349433847375849
0 0.4611721241043695 0.9762435312528833 0.09664950692008212 0.03447618587597105
0 0.5946637619373603 0.8370974362863031 0.04495967292769336 0.030451159090609536
0 0.08037311026420499 0.9172187276788655 0.043906508897248564 0.04292388555165942
0 0.14145253170902367 0.9388249464292775 0.035266337946721474 0.02247501785690744
0 0.28330976786885925 0.8706771440763712 0.045087006920082204 0.033576159090609535
0 0.21205950897161063 0.8297033165596612 0.03740184091247105 0.03656479139585791
0 0.11357034045536048 0.4272289273545541 0.05940417490485981 0.04007162094116268
0 0.04816551634880342 0.47215168952941866 0.05902217292769344 0.030696620941162676
0 0.050161756462971684 0.4252085056820428 0.059276840912471006 0.036946620941162675
0 0.14483226931455295 0.4845368668839728 0.05634284190105419 0.04157957386326192
0 0.05144300254582004 0.8020164675325958 0.03778384288963736 0.045939791395857556
0 0.5306941038384144 0.8788679249222173 0.06603617688202626 0.04955571509696384
0 0.07498663741306125 0.6507170202925394 0.040908842889637365 0.045994338473758486
0 0.6401553340667508 0.7831405933483178 0.04052684091247087 0.03661933847375849
0 0.3267719718997416 0.6517947305215348 0.055353344866803676 0.05561480032431163
0 0.4161209733826164 0.6572713888013654 0.07129667984777566 0.06370003571381488
0 0.07972723965705772 0.3449482613640857 0.10372717787060932 0.05489778003177204