0 0.46564071906200794 0.5479167175293007 0.20895788524403186 0.2005023806803951
0 0.5440253151766241 0.7281730077073425 0.1884817587805987 0.17202282467404081
0 0.3747515777678519 0.36666098903965605 0.15415221057599685 0.1792353068171333
0 0.29990052693097136 0.12241038270899011 0.1498010538619427 0.23696598620028228
0 0.4024442648307229 0.1585717995102374 0.07464651775758924 0.20909435633066598
0 0.215068026439992 0.4451154512972463 0.04891928903121974 0.08365797970746058
0 0.1699640838179761 0.3459006554371616 0.029878397540671963 0.0333306972400564
0 0.09207491227319903 0.25080061525911973 0.021974993949875787 0.017569329545304768
0 0.13547545432948088 0.32576938758025403 0.031386355386194255 0.023982970779006862
0 0.1930925116092691 0.2931847585214166 0.02828862646343313 0.028615923701106105
0 0.17637264422102228 0.23899213636243805 0.022002265027114644 0.02225682954530477
0 0.266844149878363 0.4827342280826074 0.03300339754067192 0.033385244317957155
0 0.2443333456236369 0.5073387617678276 0.022002265027114644 0.02225682954530477
0 0.36717698974646334 0.810233711036479 0.03958974082661779 0.09130683847375849
0 0.6493082336963392 0.8323440848170153 0.14307835518980241 0.1556068920444808