0 0.5160538095192834 0.45863832378431385 0.20581470452587264 0.2008978450053421
0 0.4337720537637468 0.28413188630551833 0.18533857806243947 0.17206351687504098
0 0.6092776104543598 0.6335440653467934 0.15101812021691713 0.18023811542376222
0 0.6879894594958423 0.865999412081416 0.1450317406302261 0.2253323606144388
0 0.5847190137505685 0.8446006164352525 0.06995901775758924 0.21021330290255769
0 0.7666083214231401 0.5452206314113769 0.04734769867214013 0.0828869110699257
0 0.8140514688656161 0.6412399703414512 0.028306807181592574 0.032232146641955416
0 0.8934985952308534 0.731453253373743 0.021974993949875454 0.01795139183263199
0 0.8493168031745716 0.658762287039007 0.031386355386194255 0.02452877404661713
0 0.7917042910743232 0.6951561440252487 0.026717036104353477 0.02749008293962447
0 0.8099866584625699 0.7484349114484438 0.02200226502711473 0.022638891832631992
0 0.7148367431643089 0.5110837335882952 0.0314318071815924 0.03234127404661713
0 0.7373430022394952 0.4845113099044978 0.02200226502711473 0.022638891832631812
0 0.6082629936552882 0.19052075164446253 0.03801815046753809 0.09037202885594056
0 0.3269448159621911 0.18862346806401656 0.1415067648307229 0.156473233209777