0 0.50078125 0.47842516659703926 0.2 0.21792165389834964
0 0.6765625 0.5751885831092606 0.1703125 0.19657244355406328
0 0.32421875 0.3683532182336526 0.178125 0.16090776206571747
0 0.10390625 0.2692534862050019 0.196875 0.15687502649368784
0 0.11015625 0.3757217410143253 0.2109375 0.08080359981466553
0 0.41796875 0.21537704037350394 0.084375 0.05294643992586625
0 0.321875 0.1596776226801563 0.034375 0.030887901451278843
0 0.23125 0.07135667794496667 0.01875 0.02409226442797028
0 0.30390625 0.12233139010335145 0.025 0.0336855192372937
0 0.265625 0.1772445793962455 0.0296875 0.030724210344286275
0 0.2125 0.1550769135169964 0.025 0.025873019237293703
0 0.4515625 0.2712376599736174 0.0328125 0.035520837748947896
0 0.47890625 0.2503175247644073 0.0234375 0.024255955534962757
0 0.775 0.4051885963561045 0.0921875 0.04384425843752062
0 0.771875 0.6917982189514428 0.1546875 0.14915180653075472