0 0.5221925101648954 0.4929481076256895 0.21395731648875013 0.19809310811666875
0 0.43218837205649274 0.3314651860809124 0.19142769984750013 0.16984084308955402
0 0.6254778982732981 0.6545082972226433 0.15876067021222226 0.1758999455488821
0 0.7187693841212492 0.8761747398446591 0.15843466831236128 0.22901585518980241
0 0.616862045215416 0.8568293213249442 0.08441528685347244 0.2035886083130606
0 0.770665071335312 0.5600275650784283 0.05189111474138901 0.08154089149054791
0 0.8225165524336105 0.6486224324666751 0.03201371941479181 0.03299430718159222
0 0.9050186214878119 0.7295820618569745 0.023837543502986235 0.017323855386194253
0 0.8565642441129857 0.6628849203664267 0.0302693814588892 0.025172716822512698
0 0.8048738043334716 0.7016519836963392 0.027180749050069508 0.026717036104353654
0 0.8255850414156939 0.7517792487234537 0.023983013867708534 0.023573855386194255
0 0.7174316217721524 0.5308076976901814 0.03353985182361115 0.0314408975406721
0 0.736818054617812 0.5035730319991368 0.023946646276527872 0.022011355386194253
0 0.5923647654832289 0.23082081234795376 0.0442604526972918 0.08930793969514968
0 0.32243347198024286 0.24644022540671973 0.14731402393569457 0.15396131303532484