0 0.46621396631807527 0.46963131392329904 0.22081488068039512 0.21286759517409734
0 0.5660890556026127 0.30001110457649355 0.19839440990138826 0.18110844889756966
0 0.3538388770335378 0.63896058254066 0.16412850405718976 0.18655836189159736
0 0.24891204911308612 0.8741148729095141 0.16360239853730274 0.24589699430041706
0 0.3571200154278661 0.8539679867009724 0.08342397483619654 0.21591724715020816
0 0.2024457467568844 0.5361778086049653 0.054625044642268694 0.08717399810013901
0 0.14531331088091365 0.6301992591180557 0.03028751785690744 0.03506598423243048
0 0.0555183794691698 0.7148632402163543 0.025327282467404077 0.019331881458888846
0 0.10754057549141027 0.6449514369297222 0.033248876623205435 0.02576371941479181
0 0.16230021347870144 0.6868674864166321 0.030205697240056485 0.030378484232430482
0 0.13793541315438987 0.7394469725489238 0.025436376623205435 0.025581881458888844
0 0.25845996753589123 0.5062188580918752 0.03494774431795715 0.03361258700597229
0 0.23863839123699732 0.477621079406528 0.025409103084255057 0.024019381458888843
0 0.3983987694817605 0.1905964709334031 0.04538641233702041 0.09476829255305556
0 0.6848856944006827 0.21055117391503533 0.1512194009729347 0.16282992116215295