0 0.48341719593413945 0.49084700739972414 0.22772720003181668 0.23699311203054413
0 0.3336070052514583 0.6070885307129069 0.1961862986950896 0.21162948535963508
0 0.632591587285184 0.3620963934197688 0.19738517202418074 0.18039766669318064
0 0.8387881379694558 0.23479064811422204 0.23804653469127146 0.18399538136536214
0 0.8375790792886839 0.33869689811422204 0.21373633068109008 0.10872266136218052
0 0.5169313193030014 0.2294827934038604 0.0882090720082724 0.061955654678544914
0 0.5989540259786829 0.16402197274822353 0.03789998933799978 0.03481135200509069
0 0.6704028593252731 0.06718388275776854 0.020603401336727244 0.0252363573360908
0 0.6095466279837735 0.1266401514162689 0.028524989337999785 0.03470226400381797
0 0.6558852786441829 0.17327934142263227 0.030032945337363514 0.030032945337363427
0 0.703114814648319 0.1433560314289956 0.026871582670272433 0.026871582670272565
0 0.4943836099618199 0.28704075473422414 0.03637385200509069 0.03791817067154524
0 0.46565008263050167 0.27186065006363347 0.02530908267027261 0.02685340133672707
0 0.2087353692711847 0.46030334269572587 0.09436816534054512 0.054215880012726814
0 0.26183090790105 0.732051620703362 0.17378404002227174 0.16606244668999892