0 0.4859375 0.46640625 0.17890625 0.1890625
0 0.3203125 0.54453125 0.1515625 0.17109375
0 0.6515625 0.37578125 0.1609375 0.1375
0 0.88515625 0.2984375 0.2296875 0.1328125
0 0.84921875 0.39609375 0.19453125 0.0609375
0 0.5703125 0.22890625 0.0765625 0.04296875
0 0.66171875 0.1828125 0.03046875 0.0265625
0 0.74765625 0.10703125 0.01640625 0.02109375
0 0.67890625 0.15 0.02109375 0.02890625
0 0.7125 0.20390625 0.025 0.025
0 0.7625 0.1859375 0.02109375 0.02109375
0 0.5375 0.27734375 0.02890625 0.03046875
0 0.51328125 0.25703125 0.01953125 0.02109375
0 0.23515625 0.38125 0.08359375 0.03359375
0 0.22890625 0.64609375 0.1390625 0.12890625