0 0.5739975040976774 0.6997791897562302 0.03497498400699968 0.05276290145127884
0 0.4675651434197688 0.620649739663563 0.03497498400699968 0.05276290145127884
0 0.5110611520925866 0.6644617378494644 0.036592028007635946 0.05750496515360979
0 0.2993107513526355 0.13179311470597196 0.03951703333863606 0.04042659255827141
0 0.3311698260264079 0.18304559065935483 0.039462489337999784 0.035739092558271415
0 0.23474136338317955 0.3591393539061988 0.05212612133990877 0.050238102176918265
0 0.34370673603595286 0.2529488628918734 0.03624658267027261 0.0278174651536097
0 0.5231584260423162 0.2935763189749904 0.03962612133990895 0.049801592558271414
0 0.5877749093729981 0.27178067532825995 0.026980670671545325 0.03686508293962456
0 0.6778368353755435 0.28739326244423574 0.0707852146721816 0.043080366604888454
0 0.3544607806731361 0.03529757142206116 0.036355670671545146 0.037192465153609675
0 0.3191276434197688 0.6258332913849942 0.06442612667090888 0.03348711179556503
0 0.38976740742358673 0.6515029247801059 0.036464758672817864 0.04656746515360979
0 0.3563147293523173 0.12745778957089574 0.034684082670272606 0.027762901451278844
0 0.46365451468013574 0.08306789411006668 0.0330852200031817 0.024583337748947987
0 0.3248214707192703 0.37631444102217454 0.03633748933799978 0.0356299651536097