0 0.3773327188656162 0.6803971714828208 0.03779089149054773 0.051091138558944316
0 0.4879293304001305 0.6250313730530312 0.03779089149054791 0.051091138558944496
0 0.4404730682998821 0.6580197178010394 0.039380662567786474 0.05582410266556703
0 0.7143357316532356 0.20200436467325394 0.03928975897699054 0.04019910266556703
0 0.677871511707465 0.24468595816762093 0.03927157825883114 0.03707410266556703
0 0.7421617915653025 0.41996475448583953 0.051853391490547907 0.05150031551854841
0 0.6563601260706496 0.3065494606749034 0.03609203610435348 0.027608174452321686
0 0.4837811441228264 0.31480692689309714 0.040906801131468204 0.04961956677218975
0 0.4273675176593933 0.2850452190546806 0.02677157825883114 0.036710389812585564
0 0.34222490319801274 0.28491117524374443 0.06743293969514967 0.044142456584775225
0 0.6778391745698392 0.10486494022093226 0.037718168617910844 0.03859113855894436
0 0.624779890606785 0.6516657323825157 0.06270907825883114 0.037756064264907255
0 0.5561162490180414 0.6645090616911178 0.03776362041330898 0.04640363855894432
0 0.9236133421075955 0.8626703946941365 0.06144656010845857 0.08927310015828453
0 0.9591599566671718 0.7965285691464581 0.029942030054229463 0.044613818025830906
0 0.6627095991396783 0.18956654915470547 0.03452953610435348 0.02756271034569897
0 0.5694226865718918 0.13217393481065592 0.03452044574527378 0.026000210345698972
0 0.6554748578220811 0.4229102465682807 0.037709078258831144 0.03702863855894432
0 0.9526594509116354 0.6190256947732788 0.03465680113146803 0.04943771034569906