0 0.60234375 0.67734375 0.0296875 0.0453125
0 0.50234375 0.6046875 0.0296875 0.0453125
0 0.54375 0.6453125 0.0328125 0.05
0 0.3375 0.1546875 0.03515625 0.03515625
0 0.3671875 0.20234375 0.03515625 0.0296875
0 0.2828125 0.3640625 0.0453125 0.0421875
0 0.38125 0.26640625 0.0328125 0.02265625
0 0.54765625 0.30390625 0.03515625 0.0421875
0 0.60625 0.28359375 0.02265625 0.0328125
0 0.6890625 0.29765625 0.0625 0.03515625
0 0.3859375 0.06640625 0.0328125 0.0328125
0 0.36640625 0.60859375 0.0578125 0.02734375
0 0.43125 0.6328125 0.0328125 0.03984375
0 0.04765625 0.76484375 0.05 0.0796875
0 0.02265625 0.6953125 0.025 0.03984375
0 0.38984375 0.1515625 0.0296875 0.02265625
0 0.4875 0.11015625 0.0296875 0.0203125
0 0.36640625 0.3796875 0.0328125 0.0296875
0 0.0515625 0.52265625 0.02734375 0.0453125