0 0.762973266539826 0.5418998999338869 0.051601041356328994 0.03699538896415202
0 0.6812801567388631 0.43575612053524465 0.051601041356328814 0.0369953889641522
0 0.7263957576484859 0.47959797376917657 0.056361315963434674 0.03880355042954129
0 0.18341192927905434 0.272324300090857 0.039246590570540585 0.03946529172311397
0 0.2365390833318303 0.30321577397157523 0.03455909057054054 0.03921963025772479
0 0.40969829342324343 0.2040778318643484 0.05083906203449331 0.05410100180902226
0 0.30679807940288883 0.31519679556830127 0.026601041356328813 0.03568519448207601
0 0.35281270843427415 0.4960440038451873 0.0486943651776464 0.041519114653892686
0 0.3323589673256143 0.5613348111721335 0.035539393713693725 0.026801517412854636
0 0.35064239453775403 0.6512228267759658 0.04226458271265772 0.07079717887824373
0 0.0881208540099947 0.3282234972864665 0.035976041356328856 0.03617651741285446
0 0.6805801817602537 0.28620982191472566 0.034160984284234176 0.06413774310259504
0 0.7081101763835702 0.35603432101021454 0.04535104135632899 0.03666784034363309
0 0.18138070243841814 0.3296012115562463 0.026528266749222994 0.034122694482076096
0 0.1386367384180635 0.4375675197877037 0.023403266749222995 0.033958920171816585
0 0.43036185793893617 0.29462426673548603 0.03441354135632899 0.03609463025772479