0 0.7180530185195035 0.4013335839939625 0.052817465153609786 0.03743781551854859
0 0.6261432823145017 0.507808556018144 0.052817465153609786 0.03743781551854859
0 0.6752727522774347 0.46423440076615224 0.060739092558271326 0.04079013605166182
0 0.11239326244423571 0.6702633727238267 0.04366071996293312 0.04341503087881247
0 0.16811747278852196 0.6389846289920329 0.03735615626060227 0.0416706744523216
0 0.33552817288118925 0.7394750593168493 0.05185516587924912 0.054579851411925874
0 0.23956588685367253 0.626759762140701 0.029434528855940556 0.038318353919208195
0 0.30055549447288643 0.4446997684089071 0.05147321996293304 0.04364235141192587
0 0.28490570182194774 0.37881635563506794 0.038482146641955414 0.029216138558944317
0 0.30913686470597196 0.2883588401956617 0.0462599303072194 0.073147994985435
0 0.020101646557137393 0.6120764511744989 0.040203293114274785 0.04019910266556703
0 0.6154091350395741 0.6587489303913234 0.03817461179556503 0.06510817445232178
0 0.6483332516444624 0.5875498803121811 0.04823909255827132 0.040426423198680436
0 0.1152206512816428 0.6116468906705155 0.027762901451278844 0.03514788981258547
0 0.08003217414713357 0.5018459933360824 0.024637901451278844 0.03505696159934022
0 0.3629116176163788 0.6481453656641978 0.037247028855940556 0.03854567445232178