0 0.32318022461809315 0.3578125 0.05361589600572696 0.0421875
0 0.3678558306015485 0.4796875 0.05361589600572696 0.0421875
0 0.3387864959420936 0.4265625 0.06148294000636341 0.046875
0 0.7800809212285502 0.771875 0.045839758672817865 0.0453125
0 0.7399649985678227 0.728125 0.041134077339272504 0.04375
0 0.551183761895323 0.77109375 0.05690452800763594 0.05625
0 0.6786189659055044 0.69609375 0.03170453333863606 0.0390625
0 0.6885223192632305 0.51640625 0.053688621339908774 0.0484375
0 0.725877415937321 0.46171875 0.039426126670908876 0.03125
0 0.7347080706158661 0.37421875 0.05397952267663584 0.0734375
0 0.8842871632320503 0.74609375 0.042678396005727134 0.0421875
0 0.3256217825827766 0.61796875 0.04295111600890866 0.065625
0 0.3202263052594125 0.54453125 0.050509077339272415 0.04375
0 0.07869004921232374 0.89140625 0.08966248400699968 0.0515625
0 0.7986678365690955 0.71875 0.03168635200509051 0.0375
0 0.868445081914413 0.63046875 0.030105670671545327 0.0359375
0 0.5584882792409588 0.68046875 0.039535214672181594 0.040625
0 0.3239656392027787 0.96171875 0.05196248933799978 0.034375