0 0.1978405947023257 0.8052133227728234 0.3874688580918752 0.2805010433687286
0 0.7861393752875341 0.8585963385515563 0.39411759517409733 0.23077386188038318
0 0.483922911856666 0.8425695121505357 0.237322081306389 0.20187999164729753
0 0.9118147885659023 0.6995710573333629 0.14894925911805573 0.16132442431676958
0 0.051475447236787965 0.6341046706885726 0.10295089447357593 0.17892858656782168
0 0.6783366734432636 0.35051596532324575 0.14466049620027785 0.11121529691210785
0 0.3501214076756942 0.30934280598260055 0.33942878875333343 0.16173119600113406
0 0.10163262234083323 0.34740576805616735 0.20326524468166646 0.16981153611233468
0 0.8708891557758331 0.27436023700761014 0.1948787017473613 0.12233633538669526
0 0.06226230423656244 0.22801836179556512 0.12452460847312488 0.14666172359113022
0 0.5271216251906248 0.22951644064365642 0.1333229526972918 0.09364585099579185
0 0.6835170955553471 0.22872281087674198 0.20192878875333342 0.15692959019601868
0 0.3622616510261805 0.12367812449425483 0.2795810100679862 0.13934527531256147
0 0.4740297267298955 0.39420393402023446 0.2905548776591667 0.14128972122887742
0 0.3417289858479512 0.23320689191744998 0.2619570989738196 0.119995074586922