0 0.81953125 0.746875 0.3609375 0.215625
0 0.2140625 0.8625 0.42734375 0.1546875
0 0.5390625 0.8109375 0.2078125 0.1625
0 0.08515625 0.7203125 0.1703125 0.1296875
0 0.9484375 0.56484375 0.10234375 0.16015625
0 0.29453125 0.3546875 0.128125 0.08671875
0 0.60859375 0.28203125 0.31640625 0.103125
0 0.88125 0.29140625 0.2375 0.12734375
0 0.0953125 0.3015625 0.18671875 0.08671875
0 0.91328125 0.17109375 0.1734375 0.1171875
0 0.42734375 0.22265625 0.11796875 0.071875
0 0.27578125 0.2375 0.178125 0.121875
0 0.575 0.10390625 0.26015625 0.0921875
0 0.49765625 0.3765625 0.2703125 0.0921875
0 0.6078125 0.2078125 0.2453125 0.075