0 0.24750680047485368 0.19268088441013068 0.2338942445232166 0.368479380455798
0 0.15807015973783128 0.7885823389353046 0.17642873700136924 0.4228353221293908
0 0.1955340896669363 0.47147970505664666 0.17337061850068464 0.21931236859279987
0 0.3079374305875138 0.9215486892393159 0.13919419530200416 0.15690262152136825
0 0.4264548514119258 0.06731742296487449 0.16697220282385156 0.10668503460041112
0 0.6681150979802065 0.7295149699225754 0.09288148495630519 0.13487901878308045
0 0.7268091702291796 0.4135344842570313 0.12025764185764967 0.3248328567298017
0 0.7041001297834557 0.14261714779318457 0.13945025956691132 0.2335366946765233
0 0.7317242715745984 0.9173559029460652 0.09612615690134448 0.16528819410786966
0 0.8242164014910681 0.11395758999824993 0.12655780298213629 0.16590352570316252
0 0.7961682386507218 0.5981760811010014 0.07693823620994636 0.1233048488211363
0 0.7873424710997446 0.750759911633349 0.1303193004748538 0.18790585969555132
0 0.9081644703083219 0.4513567723174835 0.1061209340192331 0.2680735207602467
0 0.6371365679593239 0.523027547983465 0.10639371865896922 0.27744852076024673
0 0.8017864381758683 0.4158092500743621 0.08691629295300629 0.25168451680591397