0 0.8184077819359835 0.7742519861512358 0.3631844361280329 0.256851005460949
0 0.22871043110982753 0.8433722292173489 0.4053670901960187 0.20075554156530231
0 0.5411459437236993 0.8173308622218853 0.23785220798203355 0.1904078731437835
0 0.09501993347208028 0.6847426386618773 0.1473710517214313 0.14926472267624522
0 0.9597433381078432 0.5944685165000526 0.08051332378431368 0.17401019262201595
0 0.3104861545313217 0.32091544623625323 0.14573414065150558 0.10238972267624522
0 0.6431696797590651 0.27053260939321505 0.3438095421027846 0.13791010792027708
0 0.8977877139724834 0.30261281460645867 0.20442457205503323 0.15436128883482797
0 0.1157341605217715 0.24859606040304616 0.18334326805616735 0.10573289129415606
0 0.9356671706885725 0.18050601044992842 0.1286656586228549 0.1351476805217675
0 0.45762899464252244 0.1934711814055303 0.13425100362819703 0.0867010901626879
0 0.29830855834485326 0.1959608980316513 0.2034573606144387 0.14490447560311143
0 0.618626003628197 0.08235589852263062 0.28388890507947584 0.12193967427525157
0 0.5220337789407585 0.3595365429400446 0.2948809687818068 0.12356580678880888
0 0.6459375264936879 0.19315704313643636 0.2659920769491748 0.1015271803253758