0 0.23062687528088383 0.7721597520669146 0.3824317989592033 0.24849758188408835
0 0.8147983208946137 0.8963808877133286 0.37040335821077264 0.19101472166884043
0 0.51947136928799 0.8409462551672865 0.2278394742194024 0.18362594499482016
0 0.9402243668015992 0.7523847927995617 0.11955126639680173 0.14463191149637405
0 0.0828057717082677 0.5836879493380462 0.11336753844375369 0.17050089867609247
0 0.7274720612836753 0.3783521716260593 0.13920634215265543 0.0984461162111037
0 0.40145843792335534 0.2992617152586997 0.33270403663473136 0.13239739288512417
0 0.13208764020734748 0.30464045822938635 0.2401004568065479 0.14990591645877274
0 0.9139745084235138 0.32494899751429146 0.1720509831529725 0.1036088052100677
0 0.09058513568479172 0.1819092795695046 0.16905097241038014 0.13256855913900917
0 0.5800094838303409 0.2413337069865321 0.12909435775648745 0.08394696856846862
0 0.7359695567611194 0.2579497803935649 0.19281602103089918 0.139910178245597
0 0.4199616971956095 0.11697790818660514 0.27415455223856355 0.11564223242220746
0 0.5226960300760106 0.3968709234880861 0.2835295522385636 0.1160788800648426
0 0.3959244108995624 0.22340769065159388 0.2576287935321363 0.09772698635114896