0 0.7853476376631562 0.8499654730982895 0.4293047246736876 0.30006905380342097
0 0.20585924864120364 0.8339651176042168 0.3378562833553711 0.2585552352084335
0 0.4814324587271119 0.8561080089344296 0.2677142017181652 0.22919138737588013
0 0.0744853386461524 0.6477490919010542 0.08968437697836444 0.16424818380210837
0 0.9426787808111797 0.7040334447508854 0.11464243837764058 0.19772652866891197
0 0.29684950305221774 0.30911630931499046 0.16411781094499087 0.1267428666156336
0 0.6464810108541339 0.31634646646253417 0.3688739099950512 0.19589340912470998
0 0.8960638517635939 0.3963827708346087 0.20787229647281222 0.19497821345960356
0 0.12783283016686775 0.20790002471457938 0.1516178109449909 0.1262335306460784
0 0.9416762449116174 0.2788251977166349 0.11664751017676522 0.1675933596955513
0 0.46217020861557023 0.20593159539827632 0.14759205223856356 0.10891869665368965
0 0.29634381275401317 0.180464727299768 0.22603131275401322 0.1775997124710204
0 0.6416729228853499 0.12047555094921454 0.3050637155129753 0.16834672927693442
0 0.5113900378779268 0.38646135380123325 0.31616498982323477 0.17191739825029514
0 0.6587519595200814 0.23810871992257526 0.2836047953411587 0.1456440583264073