0 0.17031565995680492 0.7817424021931351 0.2887430302039587 0.4037203007682256
0 0.17221657285392347 0.19597199852966196 0.23994185429215306 0.3855567989592033
0 0.16063741432520792 0.49182008706427266 0.2071267414506252 0.24962594301173802
0 0.3437305097836457 0.08606581128367516 0.1625389804327085 0.14428998982323468
0 0.3282339966784368 0.9447282024533343 0.18088893692972227 0.11054359509333125
0 0.6715599965815275 0.3512049689038772 0.11431968597979178 0.15112648801421233
0 0.6825636996600689 0.6850001147654343 0.16886563487736125 0.34905937697836437
0 0.618223870253541 0.9098474700355309 0.17362325721819455 0.18030505992893814
0 0.7649502399320138 0.16993503674627303 0.12474934612402784 0.19693031094499086
0 0.733593643904895 0.9576951498182857 0.15123780452090294 0.08460970036342844
0 0.7787880022811107 0.5163939569180895 0.09840374525034719 0.13780761646291495
0 0.7941435113991664 0.3607581105815627 0.15941528685347245 0.2112318283578455
0 0.8685557510468398 0.6924009362258747 0.1471711664125003 0.2886198439616777
0 0.6090197097280552 0.5513001441640764 0.14895187195958356 0.29807673111680727
0 0.7572727589306244 0.7014306982116623 0.12642225531833357 0.2688053109449909