0 0.9901124609374999 0.4422640609375 0.87466501875 0.49316464375 0.5304482187499999 0.5860551671875001 0.2994911125 0.6216190046875 0.46437859374999996 0.64552970625 0.746119734375 0.6125525374999999 0.9663974734374999 0.54644995 0.98802483125 0.5319571703125 0.9901124609374999 0.4422640609375
0 0.34559990625000003 0.674779340625 0.530308478125 0.6865119171875 0.78421748125 0.6428099953124999 0.9066449375 0.5993925671875 0.9872765828125001 0.5473590265625 0.9877524687499999 0.5436589578125 0.9882953125 0.5203361546874999 0.8003211312499999 0.6027706765625 0.5468746078125 0.6428767671875 0.2457000953125 0.6424119765625 0.154502525 0.6275520671875 0.0394768203125 0.613420025 0.06951445625 0.6353791765625 0.1633806921875 0.657872259375 0.34559990625000003 0.674779340625
0 0.132026984375 0.68872991875 0.21916879374999998 0.70674145 0.3813849078125 0.7230186468750001 0.5243469625 0.7186615625 0.688289525 0.6931330609375 0.8210350359374999 0.654638696875 0.938353875 0.594155325 0.9672182250000001 0.5684721703125 0.8814290140625 0.6109106234375 0.78532175 0.6484260109375 0.623588071875 0.6851838484375 0.41499925624999995 0.6887860796874999 0.257712103125 0.6767698453125 0.06453304374999999 0.6457278515625 0.031896104687499996 0.6581591203125 0.132026984375 0.68872991875
0 0 0.6765205562500001 0.0881466859375 0.7034324796875 0.29721759062499997 0.7528679781250001 0.5084747265625 0.7569016171875 0.6618651265625 0.7282489828125 0.841214403125 0.668078621875 0.9221264093749999 0.6067749625000001 0.7575620171875 0.6797224843749999 0.5825523609375 0.720332321875 0.45281383281250004 0.7354470453124999 0.24271037343750002 0.7224221515625 0.0487132578125 0.66935826875 0 0.66043938125 0 0.6765205562500001
0 0.298884859375 0.5411642875 0.37984896562500003 0.4652536890625 0.49368142812500004 0.3751125609375 0.6679772328125 0.28326695 0.8848731453124999 0.1582900234375 0.9977036109374999 0.11611729062500001 0.9988409390624999 0.06725304374999999 0.9647947546875001 0.063070134375 0.8672927359375 0.110462375 0.7692804062499999 0.176970390625 0.59544708125 0.265220171875 0.5075761937500001 0.3238439046875 0.3863254125 0.41489857656250007 0.3082633875 0.49664881093749996 0.298884859375 0.5411642875
0 0.857805271875 0.0499254203125 0.6674778781249999 0.1735986828125 0.5399621078125 0.2565783390625 0.4112378625 0.363155859375 0.3547402921875 0.4475555 0.48079656249999997 0.33333941093749997 0.6098763875000001 0.2523796109375 0.7540300015625 0.167791428125 0.8957440125 0.0737677796875 0.9443026375000001 0.060552474999999994 0.857805271875 0.0499254203125
0 0.575195653125 0.20975631875 0.6933849999999999 0.1566852 0.8619824625 0.0504386296875 0.77480145625 0.039727584375 0.648328371875 0.123747821875 0.5816721 0.15940120625 0.5054579890625 0.22676239374999999 0.4303481484375 0.2997395953125 0.34771239062500003 0.40284928593749997 0.2675663390625 0.5007817734375 0.3308603953125 0.4628876125 0.3934433 0.3737580078125 0.50437333125 0.277779940625 0.575195653125 0.20975631875
0 0.33290958125 0.51794283125 0.5103913312499999 0.41552795624999994 0.59171101875 0.3652350765625 0.6904893015625 0.3353558921875 0.8799634468749999 0.210665321875 0.9964501484375001 0.1699711765625 0.9977552718749999 0.11389773125 0.9042344546875001 0.1497080609375 0.714991375 0.2726020640625 0.65059339375 0.3048775125 0.6107692015625 0.3164257546875 0.5055665765625 0.3820531125 0.40871331718750004 0.43957053593750006 0.382519984375 0.47288989218750005 0.33290958125 0.51794283125
0 0.92745733125 0.25303513906249997 0.9950857546874999 0.228591109375 0.995916109375 0.19291564375 0.80467464375 0.27083215 0.6195428125 0.375962528125 0.5112614921875 0.42294290468750007 0.314421128125 0.5339400750000001 0.423572609375 0.49437464843749995 0.5924245203125 0.416473546875 0.7319496062499999 0.3678514296875 0.92745733125 0.25303513906249997
0 0.8155498906249999 0.37081450625 0.9934792109374999 0.2976147265625 0.9950347 0.23078460937499998 0.8416711625 0.2954712265625 0.6945653640625 0.3888324390625 0.6110892437500001 0.4132863453125 0.3332648125 0.5435632484374999 0.33072065624999997 0.5633443640625 0.519341559375 0.487872075 0.67661145 0.443257778125 0.8155498906249999 0.37081450625
0 0.6077382250000001 0.098667234375 0.5219520578125 0.14110331874999998 0.3686732875 0.32504430625 0.352283425 0.3814894984375 0.40844233281250003 0.328105371875 0.5778991640625 0.14615201718749998 0.7076207765625 0.074404065625 0.768221090625 0.038919121875000004 0.7141100671875 0.0322710484375 0.6077382250000001 0.098667234375
0 0.38509529531250003 0.19736130937500002 0.38721384531249997 0.294440121875 0.5350483765625 0.124446340625 0.558286828125 0.0998996828125 0.6037342234375 0.0872146125 0.6872943546875 0.0289764734375 0.5295282671875 0.0095933546875 0.5239968609375001 0.0116539390625 0.38509529531250003 0.19736130937500002
0 0 0.694486553125 0.1183084875 0.752808615625 0.27508071093750003 0.7830303187500001 0.451266696875 0.790060421875 0.6606015078125 0.7664561546875001 0.8172820578125 0.698020371875 0.8504335796875001 0.667386334375 0.6262760046875 0.74945328125 0.5505047609375 0.756585075 0.31536773125 0.7678835484375 0.0396205953125 0.6974705718750001 0 0.6772390171875 0 0.694486553125
0 0 0.7329972109375 0.129854121875 0.78951505625 0.299044203125 0.828986965625 0.409488390625 0.8413093421875001 0.5778655765625 0.8096834968750001 0.697821903125 0.777090309375 0.7675345078125 0.7383269218749999 0.8029019515625 0.705304425 0.6883698703125 0.7634749484375 0.5265557796875 0.8021355453125001 0.37006887499999996 0.8090645375 0.2550389265625 0.7936879359375 0.11126578125 0.7598295671875 0 0.705188446875 0 0.7329972109375
0 0 0.764835834375 0.0077851515625 0.7707828250000001 0.16030715625 0.8430783343750001 0.30530728281249997 0.8770847125 0.46294534687500005 0.890226428125 0.563890321875 0.8602791406250001 0.72094578125 0.781178084375 0.7983633703125 0.73090450625 0.8374080156250001 0.6983337875 0.7855146484375 0.7243442796874999 0.705804353125 0.773089396875 0.557242140625 0.8345514359375 0.4650682265625 0.8543662859375001 0.38047934375 0.853936978125 0.2927237125 0.8394204765625 0.1607301671875 0.8107469421875001 0.03280431875 0.7601558109375001 0 0.7403432140625 0 0.764835834375
0 0 0.7942569015625 0.0773450203125 0.8590433093750001 0.233494003125 0.9031386640625 0.3675004359375 0.9258283468749999 0.495013159375 0.92156800625 0.6136577671875 0.8701311578125001 0.743877284375 0.7964495328125001 0.8306115921874999 0.7124464234375 0.7510239453125 0.769925840625 0.63538788125 0.8366799593750001 0.5568164328125 0.8668824953125001 0.448677615625 0.894699171875 0.3570520578125 0.890917259375 0.1627225125 0.8533410937499999 0.012055539062499999 0.7762891187500001 0 0.7674456453125 0 0.7942569015625
0 0 0.8270478718750001 0.0735226234375 0.8984295046874999 0.15859705625 0.93379265 0.2795616984375 0.9611111734375 0.37514461718750003 0.9728544781249999 0.483839059375 0.9600509718750001 0.5968314828125 0.9041848437500001 0.6628323703125 0.874925965625 0.7049552875 0.8377545484375 0.6910404921875 0.829816565625 0.609945703125 0.8796383656250001 0.531812278125 0.9161231296875 0.4420916265625 0.9362393906250001 0.3779833328125 0.950783146875 0.262951034375 0.9354035156249999 0.1600891859375 0.9028366484375001 0.063827990625 0.8673458765625 0 0.8042035296875 0 0.8270478718750001
0 0.4128016953125 1 0.44187365625 0.9959977 0.4921871078125 0.982249928125 0.576328346875 0.93778405 0.6499959640624999 0.9069790281250001 0.6689601374999999 0.8756788203125 0.5941858421874999 0.9150671062500001 0.49992930625 0.9607837781249999 0.43811136875 0.9768529687499999 0.3749495421875 0.9840378171875 0.265379053125 0.98427686875 0.1285568015625 0.9350835421875001 0.036603553125 0.8951404125 0.0048863265625 0.8513850843749999 0.0090866390625 0.8768120453125 0.050568571875 0.9317303328125 0.1052398484375 0.9421848359375 0.154654359375 0.964447575 0.1792655125 0.9749437500000001 0.3832072265625 1 0.4128016953125 1
0 0.5086627625 1 0.6298457640625 0.9281675093749999 0.6406290218749999 0.91205661875 0.5436068921875 0.9599215875 0.4566660859375 1 0.5086627625 1
0 0.1358014453125 0.9696037609375001 0.027602209375 0.9264178718749999 0.0025707250000000003 0.8984315953124999 0.0181977046875 0.94145411875 0.052906854687500005 0.9594193437499999 0.1358014453125 0.9696037609375001