0 0.5218502859374999 0.72398610625 0.633051090625 0.47028492499999996 0.6584396296875 0.3108016265625 0.559446815625 0.516600121875 0.3752707671875 0.8131612984375 0.2392980078125 0.9738513687499999 0.312206384375 0.9841569890624999 0.3978728234375 0.9120712234375 0.5218502859374999 0.72398610625
0 0.730827959375 0.1934135796875 0.73712301875 0.100361659375 0.7255784421875 0.06682479062499999 0.7055268031249999 0.1774315125 0.692986634375 0.26605656718750004 0.6069232921875 0.5463543515625 0.4972997375 0.7719175546875 0.3491138453125 0.9477191812499999 0.3212876921875 0.98455526875 0.38833128906250003 0.9355393281250001 0.4636630453125 0.8699690140625 0.538702634375 0.7671348546875 0.651761971875 0.5420572984375001 0.694028940625 0.367236521875 0.730827959375 0.1934135796875
0 0.538994803125 0.8043986984375 0.612475390625 0.6907118203125 0.6830051890625 0.5447001484375 0.72806276875 0.412813878125 0.759695946875 0.257760040625 0.768176459375 0.1721052703125 0.76885075625 0.07116795625 0.748059390625 0.0983634 0.72109665 0.28598244687499996 0.6869650296875001 0.4353656234375 0.62375435 0.628496025 0.5435441328125 0.7695925906250001 0.4814844359375 0.8494446578125 0.4178657375 0.9184440046875 0.4497462875 0.8981335265625001 0.538994803125 0.8043986984375
0 0.7796518984375 0.3421168078125 0.7942829640625 0.1350287671875 0.7949395125 0.0367476984375 0.78099428125 0.034776535937500005 0.7743082921875 0.0896652890625 0.7673389390625001 0.2836545234375 0.7189662140624999 0.482429053125 0.6678246437500001 0.5992735578125 0.5802636046874999 0.7517394828125 0.465998265625 0.8862516171875001 0.545545065625 0.8265946078124999 0.65231975625 0.67507380625 0.7226889078125 0.5396744390625 0.7796518984375 0.3421168078125
0 0 0.8231068171875 0.064738559375 0.737362440625 0.2418241453125 0.5674191828125 0.37624304531249997 0.428667525 0.491732628125 0.3457301171875 0.5847116703124999 0.2897451453125 0.541128471875 0.287131425 0.4436188171875 0.338929215625 0.32515972656250003 0.42853512031249996 0.24607615156249998 0.49534850312499995 0.11509303125 0.6345858093750001 0.025854928125 0.708825471875 0 0.7372470765625 0 0.8231068171875
0 0 0.712343353125 0.1110412109375 0.6180605640625 0.23013763437499998 0.5055013328125 0.341572353125 0.4060409046875 0.482686496875 0.3178639109375 0.38893602656250004 0.3489256953125 0.2540721453125 0.441530284375 0.14123123906249999 0.5390212156249999 0 0.66119926875 0 0.712343353125
0 0 0.6639264421875 0.1182553609375 0.558814325 0.20094530625 0.46238171250000004 0.283767240625 0.4138226546875 0.40378486249999995 0.3350720625 0.5036276281250001 0.29955391875 0.5566120671875 0.2503241 0.443639640625 0.2999388828125 0.325196690625 0.35055113437499996 0.2365933421875 0.4018371046875 0.1528314953125 0.45558081093749997 0.100939784375 0.5085092046875 0 0.59411519375 0 0.6639264421875
0 0 0.9042196078125 0.11425808906249998 0.746135428125 0.2832057484375 0.6016294078125 0.33901823124999997 0.5173475171875 0.4085681046875 0.45450670937500004 0.5536103859375 0.3154832796875 0.49797984531250006 0.3501599390625 0.4598520796875 0.36604059375000003 0.3792051875 0.44149196718750006 0.28871113125000003 0.522644996875 0.26666686093749997 0.556751578125 0.21852649999999998 0.608439496875 0.051295440625 0.7531881593749999 0 0.8200475812500001 0 0.9042196078125
0 0 0.9400265250000001 0.033431995312500004 0.9447521468750001 0.139537953125 0.8011104234375 0.301148246875 0.6484763671875 0.385878665625 0.53106215 0.5059254171875 0.3938231015625 0.5736141828125 0.3023583015625 0.41512925312500004 0.4572048578125 0.340879340625 0.5459715078125 0.1911458 0.6914200609375001 0 0.9302776046875 0 0.9400265250000001
0 0.09717341093750001 0.953762015625 0.27986195 0.7270035296875 0.3863049328125 0.61620250625 0.47244984375000004 0.48125966093750006 0.595942784375 0.3250110953125 0.5770421265625 0.32233948125 0.37759097812500003 0.54761393125 0.3311563359375 0.61904225 0.203153603125 0.7321133015625 0.029302471875000003 0.9441684374999999 0.09717341093750001 0.953762015625
0 0 0.5876342593749999 0.03858745 0.5511000203124999 0.1417448875 0.448696209375 0.35754304375 0.33739739375 0.4227068140625 0.29875075156249997 0.3661520296875 0.299621 0.1531740828125 0.395363275 0.08955843125 0.46436039375 0 0.5446327531249999 0 0.5876342593749999
0 0 0.5228089890625001 0.080188428125 0.457718434375 0.10489179062500001 0.418670209375 0.1341127765625 0.40330396718749995 0.33271599531249996 0.3090739375 0.24415218749999998 0.28237628593749997 0.033680520312500004 0.36429369375 0 0.4090006984375 0 0.5228089890625001
0 0.8309758828125 0.1756644796875 0.8113542140625001 0.0505882984375 0.8047596499999999 0.038135778125000006 0.793862559375 0.0365954703125 0.80274218125 0.0883669203125 0.7882322281249999 0.3628262765625 0.7103281031249999 0.5786939015625 0.68201743125 0.647366540625 0.5422616312499999 0.8349947765625 0.5799210140625 0.81195701875 0.6877780203125 0.6836299609375 0.76957589375 0.49490025156249995 0.8137148546875 0.3292057078125 0.8309758828125 0.1756644796875
0 0.7512445265625 0.617671984375 0.8286485875 0.46908787187499995 0.849046796875 0.363204228125 0.8613771218749999 0.19575469843749999 0.8461107953125 0.0546157875 0.8379927515625001 0.0428332859375 0.8192240421875001 0.0401803234375 0.8194884734375 0.042392560937500004 0.8394475124999999 0.170901021875 0.829259990625 0.3132756375 0.8103503328125001 0.424203303125 0.75904629375 0.56801650625 0.6770651937500001 0.7087032328125 0.5907414453125 0.8004346703125 0.6312311234375 0.7759438249999999 0.6868572453125 0.7209643015625 0.7512445265625 0.617671984375
0 0.6155598984374999 0.8027330328125 0.6839714515625 0.7435173875000001 0.801732759375 0.617558090625 0.8582300203125 0.531277896875 0.8914286 0.3812816 0.901832528125 0.237727840625 0.879225896875 0.077423996875 0.8680449171875001 0.04708116875 0.8490502687499999 0.0443962703125 0.8622794828125 0.09799226718750001 0.87201289375 0.22988628906250003 0.8604456453125 0.3599818453125 0.8485784796875 0.44531743749999997 0.824680875 0.524118909375 0.7800096562500001 0.604820296875 0.6808898140624999 0.7273712234375 0.6132238234375 0.7891090609375 0.5744292 0.830759809375 0.6155598984374999 0.8027330328125
0 0.79649033125 0.6663655984375 0.8778098484375001 0.569093196875 0.9183418781249999 0.45155463281249997 0.9359836749999999 0.321110640625 0.9403220156250001 0.1646154765625 0.8922019156250001 0.0504957671875 0.8708317171875001 0.0474750828125 0.8830573734374999 0.08279919062499999 0.9105658 0.24258883125000003 0.8892746609375 0.43294247500000005 0.8664358359375001 0.5191440234375 0.8098297593750001 0.61265925625 0.7595231921875001 0.6780605890625 0.6649979046875 0.7686327359375 0.589344203125 0.8280317765625 0.6914137218749999 0.76874008125 0.79649033125 0.6663655984375
0 0.8062892375 0.6653338703125 0.7372366609375 0.728085446875 0.740532128125 0.7430521031249999 0.786772825 0.713333478125 0.8326026203125 0.659386046875 0.9163674984375 0.5684999859375 0.959342725 0.47064388125 0.9760050375 0.37873300468750004 0.9856496937499999 0.2592426484375 0.977598096875 0.171091534375 0.9287552078125 0.075964825 0.9044753453125001 0.064075365625 0.95183015625 0.1541554625 0.9567864046875 0.2527460078125 0.957161340625 0.3567323296875 0.9382537875000001 0.46766295312499995 0.90648414375 0.523597790625 0.8622405859375 0.6019401625 0.8062892375 0.6653338703125
0 0.934361090625 0.5819203453124999 0.961438021875 0.5386159578124999 0.9796600515625 0.49917809375 0.98237879375 0.4324553796875 0.9696712562500001 0.4733108953125 0.9449329765625001 0.5302396171875 0.9124198796874999 0.5836552203125 0.8433583421874999 0.6596966375 0.785704615625 0.7192258328125 0.8199016359375 0.7095560921875 0.8693533515625 0.6488702015625 0.934361090625 0.5819203453124999
0 0.9785820765625 0.5256334765624999 0.9733686046875001 0.539095275 0.899084728125 0.6240684 0.8272556484375 0.70213543125 0.8451510843750001 0.6962074609375 0.9493733109375 0.5985458265625 0.9723948359374999 0.5669957812499999 0.9782019109375 0.534963409375 0.9785820765625 0.5256334765624999