0 0.4566675 0.63 0.71 0.5683325 0.9033325 0.48333250000000005 0.9974999999999999 0.4016675 0.9974999999999999 0.335 0.8133324999999999 0.445 0.51 0.5683325 0.3033325 0.6266675 0.4566675 0.63
0 0.1716675 0.6483325 0.065 0.6483325 0.095 0.665 0.1833325 0.675 0.3516675 0.67 0.5216675000000001 0.6599999999999999 0.7483325 0.5916675 0.8550000000000001 0.5383325 0.9266675 0.47833249999999994 0.9816675 0.4233325 0.9433325 0.4433325 0.7583325000000001 0.5533325 0.5316675 0.6183325 0.2566675 0.6516675000000001 0.1716675 0.6483325
0 0.24 0.7133325 0.39 0.71 0.52 0.6900000000000001 0.6666675 0.6483325 0.7833325 0.5983324999999999 0.8833325000000001 0.53 0.9066675 0.5033325 0.8333325 0.5516675 0.75 0.5966675 0.6066675 0.6483325 0.41666749999999997 0.675 0.2716675 0.6816675 0.0916675 0.675 0.0633325 0.6900000000000001 0.15833250000000001 0.7066675 0.24 0.7133325
0 0.12 0.725 0.3166675 0.7466675 0.51 0.7266675 0.6466675000000001 0.6833325 0.8033325 0.6083325 0.8699999999999999 0.5433325 0.7283324999999999 0.6283325 0.5733325 0.6849999999999999 0.4566675 0.7133325 0.2633325 0.725 0.08 0.6983325 0.0233325 0.6950000000000001 0.025 0.7083325 0.12 0.725
0 0.9366675000000001 0 0.8566675 0.034999999999999996 0.7616674999999999 0.09666749999999999 0.6799999999999999 0.1683325 0.5316675 0.2683325 0.45833250000000003 0.3316675 0.3583325 0.42833249999999995 0.2966675 0.5116674999999999 0.2933325 0.5533325 0.3583325 0.475 0.4516675 0.38 0.6 0.2766675 0.7833325 0.1383325 0.9974999999999999 0.0266675 0.9974999999999999 0 0.9366675000000001 0
0 0.8266674999999999 0 0.7666675 0.025 0.5866675 0.1766675 0.48 0.2666675 0.375 0.3783325 0.3333325 0.4616675 0.43499999999999994 0.3433325 0.5433325 0.255 0.665 0.16166750000000002 0.7833325 0.06 0.93 0 0.8266674999999999 0
0 0.7183325 0 0.5633325 0.13333250000000002 0.5066675 0.1733325 0.445 0.2433325 0.385 0.3183325 0.3216675 0.42166750000000003 0.26 0.52 0.3133325 0.47833249999999994 0.36 0.39 0.45 0.29 0.5066675 0.22000000000000003 0.6083325 0.15833250000000001 0.8016675 0 0.7183325 0
0 0.5866675 0.2983325 0.5516675 0.3133325 0.46333250000000004 0.385 0.3816675 0.44833249999999997 0.3616675 0.4816675 0.3216675 0.5283325 0.4716675 0.41500000000000004 0.54 0.36 0.6266675 0.3216675 0.7849999999999999 0.18666750000000001 0.9974999999999999 0.0816675 0.9974999999999999 0.0233325 0.8 0.12833250000000002 0.6416675 0.2616675 0.5866675 0.2983325
0 0.3066675 0.545 0.4016675 0.49666750000000004 0.5466675000000001 0.4066675 0.6683325 0.3466675 0.8333325 0.22000000000000003 0.9974999999999999 0.1366675 0.9974999999999999 0.09666749999999999 0.7233324999999999 0.25 0.5666675 0.36666750000000004 0.4733325 0.42166750000000003 0.3066675 0.545
0 0.5633325 0.4016675 0.325 0.5516675 0.325 0.5700000000000001 0.4883325 0.48 0.6266675 0.42166750000000003 0.745 0.33999999999999997 0.9933325 0.2 0.9916674999999999 0.135 0.76 0.2683325 0.6366674999999999 0.37 0.5633325 0.4016675
0 0.665 0 0.5233325 0.11499999999999999 0.45 0.1633325 0.3316675 0.3483325 0.32333249999999997 0.4016675 0.3683325 0.3466675 0.5016675 0.16166750000000002 0.6116675 0.0816675 0.7183325 0 0.665 0
0 0.3316675 0.22999999999999998 0.34500000000000003 0.3183325 0.45999999999999996 0.1466675 0.47833249999999994 0.1216675 0.5183325 0.10500000000000001 0.635 0 0.52 0.0016675 0.4366675 0.045 0.3316675 0.22999999999999998
0 0.075 0.725 0.0016675 0.6983325 0.038332500000000005 0.7266675 0.1533325 0.7666675 0.3 0.7766675000000001 0.4616675 0.7633325 0.65 0.7183325 0.7849999999999999 0.6383325 0.8116675000000001 0.6066675 0.6166674999999999 0.7066675 0.5483325 0.7216675 0.335 0.7583325000000001 0.075 0.725
0 0.16818249999999998 0.7988625 0.32727249999999997 0.81591 0.42954499999999995 0.8147724999999999 0.579545 0.767045 0.6852275 0.7238625 0.7443175 0.6806825 0.7727275 0.64659 0.675 0.7125 0.5318175 0.76591 0.38977249999999997 0.7897725 0.28295499999999996 0.7886375 0.14772749999999998 0.7738625 0.029545 0.732955 0 0.7238625 0.0375 0.7602275 0.16818249999999998 0.7988625
0 0.7068175 0.725 0.77159 0.670455 0.8034100000000001 0.6363624999999999 0.75909 0.66591 0.692045 0.7193175 0.5636375 0.792045 0.4818175 0.8204549999999999 0.404545 0.8295450000000001 0.3227275 0.8261375 0.1988625 0.8147724999999999 0.0761375 0.7829550000000001 0.0022724999999999998 0.75 0 0.7636375 0.054544999999999996 0.795455 0.2022725 0.8443175 0.33863750000000004 0.8590899999999999 0.48409 0.85341 0.5727275 0.8147724999999999 0.7068175 0.725
0 0.6193175 0.8181825 0.729545 0.7363625 0.7988625 0.65 0.732955 0.7113625 0.6352275 0.7852275 0.567045 0.8215899999999999 0.47159000000000006 0.8590899999999999 0.3875 0.8659100000000001 0.2056825 0.85341 0.05909 0.8 0 0.767045 0.0068175 0.7897725 0.12841 0.8681825 0.27613750000000004 0.8909100000000001 0.40113750000000004 0.89659 0.517045 0.87841 0.6193175 0.8181825
0 0.325 0.9386374999999999 0.4136375 0.9386374999999999 0.5113624999999999 0.9147725 0.607955 0.8511374999999999 0.6647725 0.817045 0.6988624999999999 0.7784099999999999 0.6852275 0.7727275 0.617045 0.8272725 0.55 0.8693175 0.470455 0.8977275 0.4136375 0.9181825 0.3068175 0.9170450000000001 0.20909 0.8988625000000001 0.117045 0.8772724999999999 0.038637500000000005 0.817045 0.04659 0.842045 0.129545 0.904545 0.21136249999999998 0.9272724999999999 0.325 0.9386374999999999
0 0.1125 0.9375 0.1636375 0.94091 0.21136249999999998 0.9556825 0.2943175 0.9795450000000001 0.382955 0.9772725 0.47727250000000004 0.9522725 0.52159 0.93409 0.5931825 0.8840899999999999 0.6568175 0.8477275000000001 0.670455 0.817045 0.6068175 0.8613625 0.5261375 0.9136374999999999 0.47159000000000006 0.9352275000000001 0.41477250000000004 0.9488625 0.3147725 0.9613625000000001 0.18409 0.9318175 0.095455 0.9056825 0.0613625 0.8693175 0.06818250000000001 0.8920450000000001 0.1125 0.9375
0 0.167045 0.9806825 0.27954500000000004 0.9974999999999999 0.45341 0.9920450000000001 0.5352275 0.9511375 0.64091 0.8693175 0.6488625 0.85341 0.5659099999999999 0.907955 0.4761375 0.9636374999999999 0.4125 0.9761374999999999 0.29659 0.9840899999999999 0.20341 0.9647724999999999 0.09091 0.9352275000000001 0.0647725 0.9125 0.08409 0.95 0.167045 0.9806825