0 0.571147609375 1 0.5124470328124999 0.8421374593750001 0.4430931046875 0.5088110390625 0.4220368 0.2869405671875 0.3901353125 0.44206251874999997 0.40591450937499995 0.7120270171875 0.4566354921875 0.9257783265624999 0.5000895765625 1 0.571147609375 1
0 0.4978218734375 1 0.4899810140625 0.974567425 0.41222280156249996 0.7641914109375 0.38808871875 0.5206445703125 0.4052232203125 0.2344340078125 0.4244242625 0.14874638281250002 0.44425300156249997 0.0403636828125 0.421683178125 0.0674517828125 0.395067475 0.1551681828125 0.36887283437499996 0.3272282296875 0.3474663375 0.5019982859375001 0.374998009375 0.74622378125 0.4095459578125 0.865468028125 0.45739533281250006 0.9505067890625 0.4912220890625 1 0.4978218734375 1
0 0.3674288 0.1233171765625 0.3454522125 0.20494056875000002 0.32096585 0.35803120625 0.317190384375 0.49419454375000005 0.332407234375 0.6517059265625 0.36169658125000004 0.7804292671875 0.41277438593750004 0.8959530046875 0.43562491718749996 0.925094 0.399978346875 0.8407364765625 0.3695903765625 0.74689985625 0.3435608140625 0.590741134375 0.3516921359375 0.3922551828125 0.37184889375 0.2435657796875 0.41210735468750004 0.0620292203125 0.40208166875 0.0301838828125 0.3674288 0.1233171765625
0 0.3123739015625 0.5494028609375 0.3051752453125 0.42509205625 0.329219484375 0.2262721921875 0.390488053125 0.0454225 0.40103824843749997 0.002333171875 0.38503301093750003 0.0022400562499999997 0.35586399062499996 0.08063492343749999 0.29721419375 0.2760522796875 0.281665659375 0.476566496875 0.3004415078125 0.6242566625 0.3477834109375 0.7987143875 0.4016599078125 0.8796909875000001 0.341334765625 0.7184354453124999 0.3123739015625 0.5494028609375
0 0.9247751390625 1 0.92685883125 0.9886106671875 0.9223990843750001 0.9696647984375 0.8771869875 0.86057876875 0.8193037109375 0.7630036609374999 0.744924578125 0.5919212296875 0.6939850437499999 0.5045089921875 0.614021375 0.383215409375 0.5405218453125 0.30358786875 0.49866303749999996 0.29171426562499997 0.566442409375 0.3737116828125 0.6459475375 0.48789402031250007 0.7237242562499999 0.65965510625 0.8306808562500001 0.8741071640625 0.86945868125 1 0.9247751390625 1
0 0.9473274843749999 0.8767302375 0.828155778125 0.66647298125 0.7562267234375 0.539761996875 0.661899553125 0.4103333 0.58468263125 0.35102481874999997 0.6864295625 0.47842575781249996 0.756349034375 0.606488934375 0.8288872812499999 0.7491197734374999 0.9105432703125 0.8900593890625 0.92890978125 0.9774002968750001 0.9473274843749999 0.8767302375
0 0.7988483875 0.5763620296874999 0.8428215078125 0.6922202296875 0.9465118578125 0.881188396875 0.9617038765625001 0.7981497359375 0.8766749671875 0.6515878265625 0.8464273531250001 0.58586575625 0.7865237359374999 0.508951315625 0.7212124859375 0.43271295312499997 0.6276323140625 0.34731815 0.5388428359375 0.264633865625 0.57141000625 0.32730943125 0.6527925703124999 0.3927160421875 0.73801530625 0.50452799375 0.7988483875 0.5763620296874999
0 0.8716448671875 1 0.8377777953125 0.8930791499999999 0.731271525 0.7050473296875001 0.7041145328125 0.6416961953125 0.6953278234375 0.6030786859374999 0.6386814390625 0.4987283546875 0.5892929421875001 0.4028526796875 0.5590247328125 0.3757424875 0.5188840375 0.32559607968750004 0.606546090625 0.501087953125 0.6499177640625 0.58171985 0.6728880578124999 0.6775872734374999 0.7810918484375 0.86595816875 0.8192474546874999 1 0.8716448671875 1
0 0.799268903125 1 0.7279859531249999 0.79040155 0.638162740625 0.6074583390625 0.5994388546875 0.5014219046874999 0.5046793984375 0.30696058437499996 0.53629605 0.4133309703125 0.601099359375 0.5789908390625 0.6396545515625001 0.714831053125 0.73812365625 0.9082797656249999 0.7652949375 1 0.799268903125 1
0 0.764762765625 1 0.7024791703125 0.823925290625 0.6217526453125 0.6779052765625 0.6030991078125 0.596942046875 0.49447379218750004 0.324230046875 0.47578323906250003 0.320496678125 0.5371786671875001 0.5047838296875 0.570934953125 0.6572225140625 0.6322003234375 0.794089178125 0.7030067984375 1 0.764762765625 1
0 0.9028012390625 0.6146779984374999 0.867156753125 0.530323525 0.70054069375 0.3724134453125 0.6477134234374999 0.3530828734375 0.6954224453125 0.41000708750000003 0.8592496468749999 0.58316090625 0.9203639015625 0.7112215015625 0.9624378734375 0.794137753125 0.971972709375 0.7420209140625 0.9028012390625 0.6146779984374999
0 1 0.5725571453125 0.9902788265625 0.54087476875 0.82118435 0.39651157656249997 0.72864820625 0.392069759375 0.8822883062500001 0.5438781109375 0.9043687 0.5675965859375001 0.9139260140625 0.6116340765625 0.9769321046874999 0.7149131578125 1 0.5888254234375 1 0.5725571453125
0 0.279637571875 0.516533615625 0.28191348125000004 0.29230401562499997 0.3642291734375 0.034911328125 0.3835399671875 0.0022313703125 0.36659022812500003 0.002132759375 0.307186403125 0.10601791875 0.269726634375 0.253007340625 0.2532692265625 0.41999007656250004 0.2641384328125 0.6205150828125 0.3206053625 0.773977675 0.3479315125 0.8075224875 0.28222753906250003 0.58902215 0.279637571875 0.516533615625
0 0.2654375234375 0.6471048546875 0.23760099218750003 0.49074317812499996 0.239677603125 0.341554571875 0.26069139375 0.2332505953125 0.3008928078125 0.0988575484375 0.356041034375 0.0020713859375 0.3290243140625 0.0019142078125 0.27160209218750003 0.11455027031250001 0.224647921875 0.2727267375 0.20679589687500002 0.3768754171875 0.22757161718750002 0.539006990625 0.25195188125 0.6551828671875 0.284990815625 0.7240165296875001 0.31446795625 0.7598262140625 0.2654375234375 0.6471048546875
0 0.2973057328125 0.742034953125 0.255318325 0.66303556875 0.205040434375 0.5177525109375 0.1912853203125 0.428831225 0.1963822 0.3484650359375 0.2150655515625 0.2660258484375 0.2496781546875 0.1424835703125 0.30493080156249996 0.024264721875 0.3204441234375 0.0018642890624999998 0.29513218281250003 0.001717028125 0.2189222171875 0.139931634375 0.17851189843749998 0.2754809828125 0.1572642359375 0.424429059375 0.180179275 0.5223602765625001 0.246778734375 0.6768883812500001 0.2903483015625 0.753810375 0.31919155 0.793084890625 0.2973057328125 0.742034953125
0 0.25582381249999997 0.7062234140625 0.19868300781249998 0.5918820359375 0.174284959375 0.515198034375 0.153796959375 0.41057134375000004 0.1624754984375 0.323740309375 0.2090182359375 0.1415448 0.29072190625 0.0034719265625000003 0.2922032484375 0.0016999890625 0.2640694171875 0.0015363109374999999 0.20832162968749998 0.060021381250000005 0.15768873125 0.20549592187500001 0.12866117187499998 0.331349190625 0.12564985625 0.45282278125 0.1680419203125 0.5690049984375001 0.23096943125 0.697667390625 0.30613304218750004 0.785687025 0.25582381249999997 0.7062234140625
0 0.1938043609375 0.6579286468750001 0.202132496875 0.6452316265625 0.15919682500000001 0.5648448 0.1287938390625 0.48815936249999997 0.11461581875 0.401549659375 0.1043232859375 0.3396529265625 0.1253400921875 0.2313469234375 0.1620445703125 0.1357507984375 0.20116676562500002 0.046622478125 0.2520682296875 0.001466490625 0.2290296859375 0.00133245625 0.17103794375 0.053769498437499993 0.132657253125 0.1322742125 0.09994586875 0.24542453593750002 0.083468778125 0.335487315625 0.0896334953125 0.43964377499999996 0.136555484375 0.550748584375 0.160751871875 0.6154225578125 0.1938043609375 0.6579286468750001
0 0.1057054921875 0.529027846875 0.1309488890625 0.601091225 0.15969553593750002 0.621196434375 0.1263422328125 0.547510496875 0.08804409375 0.45488749375 0.076172415625 0.395066125 0.0728330859375 0.33455827031249996 0.07867824531249999 0.23040468593750002 0.13309325 0.10363759531250001 0.17621531875000002 0.0188996859375 0.20444554375 0.0011894296875 0.1843460484375 0.00107249375 0.14060784375 0.029739209375 0.12762514062500002 0.08100455625 0.10369237656250001 0.126488584375 0.0639430640625 0.20591795 0.0497828578125 0.2964435203125 0.0577381734375 0.397368825 0.06803748281250001 0.44610176875 0.1057054921875 0.529027846875
0 0.08644415 0.4964567578125 0.0463621921875 0.3939011203125 0.0454478171875 0.3266947390625 0.058886854687500004 0.20730141406249997 0.0959031515625 0.116557053125 0.14693815625 0.008264832812500001 0.156339678125 0.0009095578125 0.131685128125 0.000766121875 0.0864424125 0.076367275 0.0596987609375 0.15428452343750002 0.0238566859375 0.3501951640625 0.021624746875 0.36502304375 0.0481219125 0.45648687343749994 0.11189430625 0.5805311843750001 0.1266341828125 0.5918510828125 0.08644415 0.4964567578125