0 0.5224026375 0.5564109484374999 0.32254277343750004 0.6554593750000001 0.47949205156249997 0.62944171875 0.72630884375 0.5180486578125 0.9076164234374999 0.39440291875 0.9691299875 0.317361578125 0.9556078796874999 0.2432831984375 0.8087328890625001 0.3726288765625 0.5224026375 0.5564109484374999
0 0.5513383593750001 0.6475253921874999 0.769727828125 0.5344599546875 0.868564053125 0.45968457812499997 0.9304777140624999 0.38483509531250004 0.9707695265625 0.32634348750000003 0.9701767203125 0.32309591718749997 0.94096194375 0.3459952359375 0.7727969328125 0.49350222187500004 0.5537879734375 0.6031739046875 0.2796136828125 0.689869771875 0.192333590625 0.702777446875 0.08358276406250001 0.7232374953125 0.11726706718749999 0.734457009375 0.20918372187499998 0.7276976312500001 0.37987701406249996 0.690317146875 0.5513383593750001 0.6475253921874999
0 0.1895822140625 0.7647424859374999 0.27408374062499996 0.7558652296874999 0.42639390625000007 0.7236997578125 0.55521508125 0.67839665625 0.6970014546875001 0.6078307749999999 0.8066503921875 0.5345340609375 0.8959009625000001 0.445764425 0.91473441875 0.41413083906250003 0.8489522468749999 0.4774207578125 0.7723573625 0.5392320140625 0.635829590625 0.6193394624999999 0.44707599531250003 0.6829413046874999 0.3004834375 0.71754401875 0.1157284109375 0.745280028125 0.08962839218749999 0.7659907140625 0.1895822140625 0.7647424859374999
0 0.35844537656250003 0.7751072421874999 0.551836003125 0.717656240625 0.6831170875 0.6473103250000001 0.8288999421875 0.540881640625 0.8847864828124999 0.461899309375 0.7561529765625 0.5756351093750001 0.6086597546875 0.6630749671875 0.4949829796875 0.7143059203125001 0.300040853125 0.7632717437500001 0.10817037812500001 0.7712793546875 0.0497766171875 0.7787550750000001 0.0539551046875 0.7920127890625001 0.153908921875 0.790764559375 0.35844537656250003 0.7751072421874999
0 0.35042305625000003 0.49045450625000003 0.4279211515625 0.37580562500000003 0.5599419515624999 0.2421219390625 0.7211396203125 0.0660789859375 0.7995492390625001 0.004651640625 0.7162176890625 0.0041668328125 0.6913062484375 0.027803754687499998 0.6213657203125 0.1164507609375 0.4887254296875 0.24674069531249998 0.42573165468749996 0.3253063234375 0.34174789687499996 0.44292922968750004 0.2943699078125 0.53962403125 0.298715 0.5826945484375 0.35042305625000003 0.49045450625000003
0 0.6922950609375 0.0040276546875 0.642089159375 0.0037355656250000003 0.5277597562499999 0.1428412078125 0.43573929843750003 0.254955509375 0.3494462796875 0.3888131828125 0.3224563640625 0.48167223437500006 0.40411188750000004 0.3416611734375 0.4981398421875 0.23092565468749998 0.6048337765625 0.1125404265625 0.6922950609375 0.0040276546875
0 0.3363222203125 0.403572309375 0.40949071562499995 0.2844712171875 0.45425248125 0.2023151015625 0.5464395484375 0.1200136046875 0.6447354984375 0.0037509609375 0.5762805984375 0.0033527031249999998 0.495913328125 0.103185603125 0.4455773203125 0.1547898234375 0.3957178984375 0.2379049984375 0.34848801093750004 0.32579223125 0.3031278125 0.44317448906249995 0.25853520625000004 0.5551429328124999 0.3051636484375 0.5024797750000001 0.3363222203125 0.403572309375
0 0.322956090625 0.5518000562500001 0.4548180265625 0.4076127203125 0.51426101875 0.3384948296875 0.5954954796874999 0.2828339359375 0.731824825 0.1149825671875 0.878477975 0.005110835937500001 0.7966261921875 0.0046346359375 0.7362737234375001 0.0526981640625 0.5996348671875 0.218853928125 0.5503764265625 0.2667424828125 0.5174812359375001 0.2887315921875 0.440743446875 0.37866005 0.36925651249999997 0.45882092031250005 0.3550626328125 0.49660486875 0.322956090625 0.5518000562500001
0 0.7872975859375 0.1396570109375 0.9183641828125 0.039250434375 0.91216819375 0.005306839062500001 0.904454696875 0.0052619640625 0.6807259625000001 0.191307690625 0.542688803125 0.3401697515625 0.4577549875 0.4140834046875 0.31076149375 0.5716510859375 0.3986322703125 0.50420811875 0.5297339015625 0.38474120312500004 0.6426215656250001 0.3003016265625 0.7872975859375 0.1396570109375
0 0.9177143140625 0.03569024375 0.7215174984375 0.20294390624999997 0.6146754624999999 0.33013670156249997 0.545794921875 0.3764527625 0.3306914890625 0.5749247546875 0.334099371875 0.5935942171875 0.48389155468749995 0.47061091875 0.614084778125 0.38467199375 0.7195470187499999 0.27880586875 0.92993536875 0.1026410515625 0.9177143140625 0.03569024375
0 0.5698845609375 0.0033154906249999996 0.5277296390624999 0.0030702406250000002 0.45172420156250004 0.0921886 0.3859441171875 0.15547549375 0.2996906625 0.366573434375 0.3011074734375 0.4224875109375 0.3367622546875 0.3578450625 0.4383112234375 0.14386947187500002 0.5355882000000001 0.0412997625 0.5698845609375 0.0033154906249999996
0 0.50629515625 0.0029455390625 0.451855478125 0.0026288187500000003 0.3769754625 0.016716515625 0.3503540390625 0.0375253 0.2776934796875 0.2460659109375 0.3077067703125 0.33346468906250004 0.3930415203125 0.1365860671875 0.407084746875 0.10761016875 0.4447676171875 0.082963853125 0.50629515625 0.0029455390625
0 0.379304371875 0.78347026875 0.108030025 0.799396075 0.037366487500000004 0.78779198125 0.0380002515625 0.7912639390625 0.07095634687499999 0.8081274703125001 0.19563813593749999 0.8268043781250001 0.347029134375 0.808855678125 0.509375284375 0.7642658921875001 0.6930209281249999 0.6823144359375 0.8157861796875 0.574949440625 0.837088221875 0.5375872859374999 0.65686896875 0.67682858125 0.589987709375 0.7052117265625 0.379304371875 0.78347026875
0 0.5813745265625 0.7534351953125 0.4409911125 0.8049821609375 0.3318763671875 0.8243151187500001 0.191261165625 0.835206728125 0.0631660203125 0.8162160828125 0.0421211421875 0.8138394890624999 0.043351721875 0.8205809875 0.07634615624999999 0.8424640078125 0.216762996875 0.8567427421874999 0.3821292 0.8435882984375 0.4861877328125 0.8228128546875 0.6302451812500001 0.7454363749999999 0.7299644468750001 0.681189040625 0.782181675 0.625881228125 0.8048089968750001 0.5857127249999999 0.7174249828125 0.67157944375 0.5813745265625 0.7534351953125
0 0.7360702140625001 0.6752528265625 0.6186743171875 0.77394713125 0.54053750625 0.8185733374999999 0.4634455609375 0.8426521703125 0.3793966515625 0.8548755703124999 0.2509997671875 0.8670604015625001 0.11996317031249999 0.8581981375 0.0470487234375 0.840834340625 0.0500273109375 0.8571519765625 0.100272609375 0.8750695828125 0.259968575 0.896494378125 0.401743028125 0.8853820359375 0.54898049375 0.8516981796875 0.6321667375 0.7953488109375 0.752187575 0.678206240625 0.808085615625 0.6102345625 0.8341895359375 0.56941198125 0.79449659375 0.6080036671875 0.7360702140625001 0.6752528265625
0 0.6276405765625 0.8033815890625 0.5372922296875 0.859880225 0.45282765312500006 0.8829550062499999 0.26513540625 0.9050999265625 0.105751259375 0.878826340625 0.0506131203125 0.8603612265624999 0.0541827640625 0.8799168625 0.18909979999999998 0.9349657046875001 0.343937453125 0.9297751234374999 0.47243470624999995 0.9115830921875 0.5872264640625 0.8708365484374999 0.6803005828125 0.7898849921875 0.7774711765625 0.6854181953125 0.8320883359375 0.584172409375 0.7763004515625 0.659304603125 0.6903952171875 0.7532725390625 0.6276405765625 0.8033815890625
0 0.0880678484375 0.9001076609374999 0.10082299374999999 0.9240417953125 0.19701650312500002 0.9717788640625 0.28465686562500003 0.9792305750000001 0.40262649687499996 0.969007496875 0.492995178125 0.9520058078125 0.5881925125 0.9089573796874999 0.6748422640625 0.825625184375 0.7264319109375 0.7800077953125 0.7540057484375 0.734123809375 0.7390481078125 0.7309522109375 0.679673465625 0.7995779625 0.619134878125 0.855255775 0.5433175 0.899445609375 0.4891927375 0.931174834375 0.380074978125 0.950505725 0.2770587625 0.9507342734374999 0.179202596875 0.9464027234374999 0.0880678484375 0.9001076609374999
0 0.45602554062499995 1 0.46889539375 0.9972361984375 0.5604076859375 0.95368550625 0.6022107546875 0.9266681968749999 0.66590688125 0.8620169046875 0.7240252046875 0.8127801187499999 0.732225396875 0.7789178265625 0.675583303125 0.836256309375 0.6030450953125001 0.9049675046875001 0.5514456546875001 0.9374171765625 0.49605310156250004 0.96220104375 0.3964236609375 0.9941119468749999 0.2576965890625 0.9890902921875 0.1624721421875 0.9794761234375 0.1209537828125 0.9489820453125001 0.1321318671875 0.9708191375 0.17354645 1 0.45602554062499995 1
0 0.5378829234375 1 0.54347255625 0.9987661484375 0.61928361875 0.9414132109375 0.71182044375 0.8378181953125001 0.7169711703125 0.820092925 0.64253805625 0.8915517359375 0.56136319375 0.9654771078125 0.4988064484375 0.9904132656250001 0.4619230890625 1 0.5378829234375 1