0 1 0.3414114234375 0.8295436421875 0.43731393281250003 0.5189388 0.554778653125 0.3082223984375 0.60885230625 0.46291796874999996 0.6158244890625 0.7208666906250001 0.559481440625 0.919059690625 0.47815578593749997 1 0.4118132296875 1 0.3414114234375
0 1 0.41951237499999994 0.9608555640625 0.438686146875 0.7701939515625 0.5454641078125 0.5390522953125 0.6058008874999999 0.2602261375 0.6330114 0.1745243671875 0.6276435140625 0.06682865 0.625135340625 0.0965301828125 0.642679184375 0.18536158593750002 0.6548587765625 0.35549553125 0.6537657234375 0.5274868109375 0.6476605421875 0.7587459640625001 0.5839570890625 0.868322134375 0.5325833171875 0.9427959140625 0.47365320781250003 1 0.41963293281249997 1 0.41951237499999994
0 0.15900408593749998 0.686263175 0.24122382656250002 0.69491685 0.39278724062500003 0.6950772671875 0.5247455171875 0.67792898125 0.6742958984375 0.6392829156250001 0.7938483546875 0.591513425 0.897221528125 0.5248315765625 0.9217216890625 0.4984393015625 0.8459756125 0.545545578125 0.7602532515625 0.589047571875 0.6137175312500001 0.6378720796875 0.4209458078125 0.660345403125 0.274313009375 0.6636717546875001 0.09281298437499999 0.6527033703125 0.063675990625 0.6671909281249999 0.15900408593749998 0.686263175
0 0.3174550546875 0.730396453125 0.513356321875 0.7147373625 0.6528691015625 0.6741715593750001 0.813688571875 0.602086253125 0.8832904390625 0.5379873 0.7372604640625 0.6205278062499999 0.5787684 0.674131765625 0.4599798828125 0.70001155625 0.2643698734375 0.7072526375 0.08021037343750001 0.67600079375 0.023114125 0.6713016453125 0.024327629687499998 0.684810078125 0.11965572499999999 0.703882325 0.3174550546875 0.730396453125
0 0.9468553343749999 0 0.8877518984374999 0.0241283984375 0.7896619140625 0.0841944703125 0.7046804625 0.1546740625 0.5513923796875 0.2522116703125 0.47511744218749996 0.3144717703125 0.3707453421875 0.40977666562500004 0.30554775 0.4925162703125 0.30071160468749997 0.534530121875 0.36909996718750004 0.45692273749999995 0.46668411875000004 0.36314319375 0.620089696875 0.26223891093749996 0.810066753125 0.12679616875 1 0.0338225703125 1 0 0.9468553343749999 0
0 0.8279328687499999 0 0.7972369203125 0.011909596875000001 0.6101544171875 0.160899921875 0.49928553593749997 0.24931468906249998 0.38933637656250003 0.3596558390625 0.34432904999999997 0.44286566406250005 0.451148753125 0.3257077546875 0.5636398921875 0.2390167375 0.689770859375 0.1475880046875 0.812828553125 0.047660378125 0.9380491875000001 0 0.8279328687499999 0
0 0.7315032484375 0 0.588122359375 0.11657182656250001 0.5295008453125 0.15564960625 0.46477088593750004 0.224917403125 0.4015482140625 0.299275684375 0.33396190312499996 0.40218117812500004 0.2682330125 0.500072021875 0.323548696875 0.45923128281250003 0.37378041875 0.371090278125 0.46817370937499997 0.27218104374999996 0.5278554718749999 0.2027956765625 0.6326747015625 0.1428863265625 0.8172757125000001 0 0.7315032484375 0
0 1 0.030811478125000003 0.8272474937500001 0.11708553906250001 0.6626877109375 0.2480648546875 0.605864828125 0.2838125859375 0.5699985859375001 0.2981434203125 0.4782852765625 0.368468759375 0.39360013125000004 0.43053046093749997 0.3722320375 0.46373702968749997 0.3302011734375 0.50994001875 0.48564290000000004 0.39897239375 0.5565732421875 0.345015140625 0.645427675 0.308327440625 0.8100461609374999 0.17566605 1 0.0876912140625 1 0.030811478125000003
0 1 0.1043468484375 0.74555128125 0.23819797187499997 0.583262725 0.35237807499999996 0.4870888703125 0.40574742031250005 0.314468928125 0.52642573125 0.4120887546875 0.47983141093750004 0.5616596406250001 0.3923179921875 0.6866128687499999 0.334563521875 0.8576693421874999 0.210476859375 1 0.1427010421875 1 0.1043468484375
0 1 0.139448175 0.7819258812500001 0.25758066875 0.6538199921875 0.3573907265625 0.5786615703125 0.38765857656249997 0.3327430640625 0.5335926765625 0.3320967078125 0.5521131734375 0.500176809375 0.4650308234375 0.6419019359375 0.40935293125000005 0.7642544796874999 0.329630403125 1 0.20459732812500003 1 0.139448175
0 0.6749585359375 0 0.5483831390625 0.09711077031250001 0.47263967500000004 0.14421458125 0.34664389687499997 0.32832927343749996 0.3363480984375 0.3820152296875 0.38372103125 0.3275093390625 0.5248639234375 0.1437474140625 0.63874485625 0.065513553125 0.729298421875 0 0.6749585359375 0
0 0.5132425296875 0 0.46335075000000003 0.02435509375 0.3508159921875 0.208783284375 0.36116263593750003 0.2983351265625 0.48332363437500003 0.127613821875 0.502714284375 0.10278851874999999 0.5436875156250001 0.086890653125 0.6458490578125 0 0.5132425296875 0
0 0.6217571875 0.6970404390625 0.5522346125 0.7105874375 0.335552990625 0.7426121453125 0.07422195000000001 0.702824196875 0.011840851562500001 0.6783619 0.011921803125 0.6829996265625 0.037142203125 0.7036466015625 0.15184044531250002 0.7467609000000001 0.299569165625 0.76031218125 0.46326521249999997 0.750641871875 0.6549997171874999 0.709608840625 0.7941216343749999 0.63196283125 0.8221626203125 0.60060016875 0.6217571875 0.6970404390625
0 0.7814396953125 0.6400164375 0.6804463421875 0.704304378125 0.5340005437500001 0.7548953078125 0.38974497656249996 0.7756624765625 0.28193782968750003 0.7720041359375001 0.1459277390625 0.7538978890625 0.028048315624999997 0.70979195 0.012297409375 0.7045181328125001 0.012467028125 0.7142355421875 0.035118440625000004 0.73753118125 0.1656984796875 0.7796352390625 0.3257209703125 0.8005983921875 0.4290194265625 0.8018540578125 0.58214809375 0.7571642093750001 0.6903718171875 0.7160238890625 0.7515538265624999 0.6737905203125 0.7814396953125 0.6400164375
0 0.812778553125 0.6304055203125001 0.766989565625 0.6592138890625 0.6974152796875 0.7115925859375001 0.5652058203125 0.7820465328124999 0.4815954546875 0.8088239640625 0.40325760156249996 0.8161902 0.3207715640625 0.8108239046874999 0.196113271875 0.7964298015625 0.07332707187500001 0.76140026875 0.0127860671875 0.7325133046875 0.013090940625 0.7499794734375 0.05108571562500001 0.7735207296875 0.198514465625 0.826357965625 0.33567310781250004 0.8444884359374999 0.4827279546875 0.84217035 0.573582128125 0.8052208437499999 0.7121298281249999 0.71768071875 0.7794498140624999 0.664099421875 0.812778553125 0.6304055203125001
0 0.7390000999999999 0.7045179640625 0.637726275 0.776842484375 0.5676044859375 0.8119746390625 0.4699071984375 0.8476146734375 0.3847661625 0.8525273234374999 0.20163675625000002 0.8356238921875001 0.05551428125 0.778219209375 0.0131453984375 0.7530993421875001 0.013506310937499998 0.7737760453125 0.123098553125 0.8487309015625 0.2714487546875 0.8751651265625 0.397453425 0.883842615625 0.5151191890625 0.868201625 0.620501003125 0.809761325 0.7346757968750001 0.7296941546875 0.8077063953125 0.6440759421875 0.7390000999999999 0.7045179640625
0 0.03426366875 0.7949580843749999 0.041411390625 0.8204014531249999 0.12296244687499999 0.8854929828125 0.20476731093749997 0.9103774046875 0.31909951406250003 0.924531015625 0.4085914328125 0.9266152328124999 0.5080998640625001 0.9048034015624999 0.60786706875 0.8427871 0.666434271875 0.8096809890625 0.7022150484374999 0.77145138125 0.688648965625 0.76538999375 0.6178861078125 0.8188911093750001 0.548712434375 0.8597907828125001 0.46739900156249997 0.8866217093750001 0.409312621875 0.9059504687500001 0.3015030390625 0.90228954375 0.2034745671875 0.8816226265625 0.11130351093749999 0.85764688125 0.03426366875 0.7949580843749999
0 0.3079722015625 0.9472485703125001 0.17707167343750002 0.9143277265625 0.0885037328125 0.8858405578124999 0.055364734375 0.8483009890625001 0.0614491625 0.8714219218749999 0.104591234375 0.9183851390625 0.1561014453125 0.9230325515625 0.20376564687499998 0.9390787453125 0.286678959375 0.965136553125 0.376251 0.9649249640625 0.47235910312499996 0.94188636875 0.5177448671875 0.9245594875 0.5917903515625 0.8757301656250001 0.657320803125 0.8404910796875 0.672171546875 0.80981460625 0.606358096875 0.8530902093750001 0.5230573046875 0.904004178125 0.467222790625 0.92453295625 0.409376865625 0.936971778125 0.3079722015625 0.9472485703125001
0 0.082873240625 0.9155816671875 0.057285103125 0.8920065046874999 0.0754666609375 0.93034529375 0.1581395171875 0.9632930390625001 0.2543343 0.9800094421875001 0.351668728125 0.982276309375 0.4468643078125 0.9815056312499999 0.530912775 0.9421024796875 0.64049875625 0.8619284374999999 0.649088771875 0.8460448015625 0.5634135390624999 0.8991986140625 0.4708124640625 0.953341228125 0.4061208140625 0.9644730453125 0.2888131203125 0.9697815953125 0.1954160015625 0.94807496875 0.082873240625 0.9155816671875