0 0.43843687343750004 0.5158181015625 0.332650396875 0.30970660156249996 0.361706315625 0.472822209375 0.4809449328125 0.727624775 0.612174059375 0.913783153125 0.696146128125 0.97826389375 0.772568965625 0.9625049156250001 0.6336950984375 0.8100878765624999 0.43843687343750004 0.5158181015625
0 0.3437079625 0.5482195625 0.46434655156250004 0.7733228999999999 0.5435767499999999 0.8746244265625001 0.62243593125 0.9374023328125001 0.68714516875 0.9801199609375001 0.68925890625 0.9796840921875001 0.6630936375 0.9473975749999999 0.5071242734375 0.7755304109375001 0.39001963125 0.549698346875 0.296220975 0.26575363125 0.2816916453125 0.1750065203125 0.259020503125 0.062042081250000006 0.24772167656250002 0.09745780937500001 0.2558914 0.19319160156249998 0.29697161875 0.37037061875 0.3437079625 0.5482195625
0 0.2169961203125 0.1736405890625 0.2272858609375 0.26158665000000003 0.262700853125 0.41971292812499994 0.3115400765625 0.5530138078125 0.3868990953125 0.6992280359375 0.46471756875 0.811846521875 0.5584347421875 0.9028073984375 0.5916738984375 0.9216884859375 0.52483044375 0.8545938234375001 0.45939871875 0.7761822015625001 0.374146678125 0.6356860328125 0.3054844921875 0.4403011515625 0.267595603125 0.2881993140625 0.23640889375000002 0.096115309375 0.2144798265625 0.069387690625 0.2169961203125 0.1736405890625
0 0.2198721671875 0.288847909375 0.20918615156249998 0.0888612203125 0.2050562703125 0.0593841609375 0.1876203421875 0.062979584375 0.189408234375 0.1370540125 0.208230721875 0.350069546875 0.27053065468750004 0.5504416609375 0.3455325703125 0.685700915625 0.45836388437500003 0.835213915625 0.5414626109375 0.8916032921875001 0.421214378125 0.7601598703125 0.3281776265625 0.6084013406250001 0.2733364359375 0.4910447609375 0.2198721671875 0.288847909375
0 0.6257559046875001 0.41285884375000004 0.7668614015624999 0.547351903125 0.9525241828125001 0.7112570328125 0.9790296187499999 0.743980509375 0.9811561078125 0.67089785 0.898748384375 0.608384653125 0.7611768359375 0.473162865625 0.6784266453125001 0.409348296875 0.554664296875 0.3245829671875 0.45318546875 0.2775007734375 0.40829303125000005 0.2830798984375 0.5051757859375 0.3347878796875 0.6257559046875001 0.41285884375000004
0 0.9816960078125 0.6523426531250001 0.983194809375 0.6008321765625 0.8700726234375 0.511365059375 0.7519610578125 0.41808117031250003 0.6112292703125 0.331300765625 0.514000715625 0.30539659218750004 0.6610974078125 0.38718922031249997 0.7777945578125001 0.48260103593750003 0.9026281765625 0.5910416984375 0.9816960078125 0.6523426531250001
0 0.595668375 0.31796663125 0.7208419187499999 0.391412353125 0.8071174875 0.4361180296875 0.8941206453125 0.5302996515625 0.9831386671875 0.602761696875 0.9851242734375001 0.5345208 0.9110675625000001 0.47717633125000003 0.8566059984375001 0.42591311718749997 0.769267728125 0.375912275 0.6769816234375 0.32877073125 0.5539394015625 0.28429605625 0.43655595468749997 0.240490759375 0.49207752656250003 0.28786010625 0.595668375 0.31796663125
0 0.44082658906249994 0.30762079062500003 0.5928909906250001 0.4416930578125 0.6657391031250001 0.5020324515625 0.7248091078125001 0.5854339515625 0.9016217843750001 0.723592521875 0.9767985124999999 0.820658640625 0.9790928671874999 0.7418067875000001 0.9666711890625 0.72672174375 0.7916241640624999 0.5881990828125 0.7410530765625001 0.5379698859375 0.7177074296875 0.5041838109375 0.6229329421875 0.42630583125 0.5384149421875 0.353668965625 0.4988140625 0.33977775781249997 0.44082658906249994 0.30762079062500003
0 0.876546965625 0.7820671640625 0.974328975 0.9055311625 0.9758916859375001 0.8518242921875 0.8213540578125 0.672133678125 0.664336478125 0.5317322234375 0.5861743265625 0.44491435 0.4199634484375 0.2953800171875 0.4914089375 0.3854191828125 0.61766770625 0.51929846875 0.7071533718749999 0.6350253953125 0.876546965625 0.7820671640625
0 0.7305188499999999 0.714760834375 0.9189320656250001 0.9323237140625 0.9738790749999999 0.920993215625 0.9744378328125001 0.9017899500000001 0.8097066953125 0.7149746015625 0.675680353125 0.6065932875 0.6265119375 0.5358538953124999 0.41678930156250005 0.316252746875 0.3973486171875 0.3202615671875 0.5275037796875 0.47355558125 0.6187641937499999 0.60730123125 0.7305188499999999 0.714760834375
0 0.9853974140625 0.525133571875 0.9865985453125001 0.483853371875 0.9220066328125001 0.43080617656250003 0.8551663625 0.363713615625 0.63383284375 0.27885001875 0.5755022624999999 0.281685890625 0.64339128125 0.3173153875 0.8679134375 0.41806713125000006 0.9761288015625 0.5170669765625 0.9853974140625 0.525133571875
0 0.8749641515625 0.37065976875 0.9053717734375001 0.3846076765625 0.9315484250000001 0.4233242828125 0.986654209375 0.46404095312500004 0.9571493671875 0.3170259515625 0.7593184421875 0.2529739203125 0.6684800109375 0.286409396875 0.8749641515625 0.37065976875
0 0.17984392031250002 0.08939751093750001 0.1837385359375 0.0637800421875 0.16806775625 0.067011478125 0.15230646718750002 0.1814657890625 0.17287473125 0.33897829218750003 0.22137668124999998 0.50727356875 0.3091251390625 0.6968836921875 0.42265401249999995 0.822359371875 0.4619010546875 0.8436768703125 0.31441077968750003 0.65903264375 0.2839801 0.589943690625 0.19975697812499998 0.3720350953125 0.17984392031250002 0.08939751093750001
0 0.1780578203125 0.4369160734375 0.15655840625 0.3235445828125 0.1434852484375 0.1771032578125 0.1581999765625 0.06904629062499999 0.13300211875 0.0742422828125 0.1213215328125 0.20423260625 0.13705656093750002 0.3764420484375 0.15999985156250002 0.4845032953125 0.242493484375 0.6329215953125 0.3107481203125 0.73540005 0.369097321875 0.788536040625 0.41128895468750004 0.8111680765625 0.32062371562499997 0.7220841171875 0.23355307500000003 0.5821283859374999 0.1780578203125 0.4369160734375
0 0.31701685468749996 0.7416261421875 0.21260127031249998 0.6215418406250001 0.1650838609375 0.5411042265625 0.1390208578125 0.4612578078125 0.125244821875 0.3738652171875 0.110970521875 0.24020283281250002 0.11862735312499999 0.10327534375 0.12478683593749999 0.07593633749999999 0.1016128265625 0.080714996875 0.1007824625 0.083141575 0.0803643140625 0.250274825 0.0936818875 0.397920253125 0.1306197578125 0.5507172421875 0.190431903125 0.636138340625 0.3141306046875 0.758513321875 0.3857395703125 0.8151820515624999 0.42865596562499997 0.841425390625 0.3879025578125 0.8009502656249999 0.31701685468749996 0.7416261421875
0 0.18199452968750002 0.6316111859375 0.1219396515625 0.5387213859375 0.0968348734375 0.4511586203125 0.0714469421875 0.2558744125 0.0969287171875 0.08894875 0.0994255453125 0.08116603125 0.07513429687499999 0.0861750734375 0.0393579359375 0.17727060156250002 0.0466546265625 0.3386888375 0.06719881250000001 0.47231006875 0.1111127921875 0.59108450625 0.196718021875 0.6862243796875 0.30691175937500004 0.785067171875 0.41322756250000003 0.8395915875 0.3341477515625 0.7832116546875 0.23504664218750002 0.6958672390625 0.18199452968750002 0.6316111859375
0 0 0.3356299390625 0.006427290625 0.4008725609375 0.0252663296875 0.49474262968750005 0.0713444515625 0.5930180390625 0.1593559328125 0.6813974765624999 0.20758530312499998 0.734114 0.2558012578125 0.7617680250000001 0.258929271875 0.7460854968749999 0.18659554218750002 0.6858054609375 0.12775919375 0.6239966671875 0.0807253140625 0.5459683546874999 0.0469578171875 0.49026967812500005 0.0254605234375 0.37689499375 0.0239711078125 0.26942229375000004 0.027302932812500003 0.167222421875 0.0661607796875 0.0880254828125 0.0462196140625 0.09213750625 0.0010385874999999998 0.1864240921875 0 0.20060092031250001 0 0.3356299390625
0 0 0.5157703312499999 0.024332109375 0.5651158234375 0.05303298125 0.608073515625 0.12127173124999999 0.6729587203125 0.1733573140625 0.7323988171875 0.20879306406249998 0.7401319578125001 0.1482710765625 0.6824287531250001 0.07568834375 0.6084170624999999 0.041199703125 0.5553705875 0.0146644703125 0.4981805625 0 0.45433970781250005 0 0.5157703312499999
0 0 0.5778433203125 0.037853490625 0.62624390625 0.14708123281250002 0.720273390625 0.1656405546875 0.725216815625 0.09016760625 0.6492948593750001 0.0120388703125 0.566399034375 0 0.5373321953125 0 0.5778433203125