0 0.8273330460062986 0.6553303041591276 0.08430601581733085 0.07925813206674714
0 0.6330378538384144 0.9187808932595651 0.061603344866803765 0.05779921189493038
0 0.5185707886291059 0.9851883067611193 0.0631021778706092 0.029623386477761214
0 0.6389973992760594 0.7397894340781681 0.05809634288963732 0.048260437584671044
0 0.8996020464634092 0.26698817842395856 0.06329317885919253 0.06100609905006031
0 0.7750914777940595 0.3298456252808838 0.05991351087441501 0.0545923247398008
0 0.520004729771226 0.32583207541716935 0.13832235376405233 0.10391729534115868
0 0.82534744026508 0.5492031348918223 0.1147575197716634 0.09956398801421233
0 0.9085075197716634 0.14116266282012635 0.029907675893443297 0.04522396879233552
0 0.393216871875 0.043371415625 0.278876946875 0.054763509375 0.249901475 0.0605279296875 0.23350067343749997 0.183016565625 0.2615894734375 0.3392350375 0.3945094046875 0.45472729375 0.393216871875 0.043371415625
0 0.5030664390624999 0.078292003125 0.443028146875 0.0817199703125 0.447594684375 0.1461018375 0.4909367546875 0.171543834375 0.5757182203125 0.27390313593750004 0.59105874375 0.211238353125 0.5030664390624999 0.078292003125