0 0.3740540459044428 0.2669481681269315 0.06094180810555185 0.06752384328594588
0 0.17145354652361539 0.5117965389330239 0.04444351282028158 0.048682939695149585
0 0.11722842700274275 0.6387903101084585 0.04771406203449331 0.05182612041330899
0 0.3340412837033338 0.4643180718159236 0.038193512820281585 0.04864657825883114
0 0.7158133986760925 0.10882361338122606 0.04771406203449331 0.0518261204133089
0 0.6829367402800903 0.2414088544042356 0.04288101282028158 0.048673849336070066
0 0.7355502797743924 0.48227474891984545 0.07584337014004525 0.11915906615858277
0 0.8367380206781643 0.022050842107595482 0.05050942224974122 0.011228391490547768
0 0.4714363141014079 0.24486461074894744 0.07780397642635144 0.09417724687674198
0 0.632268844499482 0.02554750506816556 0.056361315963434674 0.03625566256778662
0 0.8291823858558107 0.06105879995311777 0.04251713978475209 0.040861349336070066
0 1 0.5407342984375 0.6420201234375 0.6299764828125001 0.773452775 0.7289516125 0.9218591328124999 0.7193827546875 1 0.6879349546875 1 0.5407342984375
0 0.826798709375 0.3878133703125 0.7724196265625001 0.41681145312499995 0.8825124437499999 0.47330555468749996 0.9141885328124999 0.5084045296874999 0.9739935734375 0.497832859375 0.9655058078125001 0.44026964843750005 0.826798709375 0.3878133703125