0 0.4198742452503016 0.314088522320174 0.06462242198083885 0.07173083605604172
0 0.21261942446722965 0.5730050081681253 0.04793288896415202 0.051054660144236055
0 0.15798391338595322 0.7067247383164931 0.05130355042954129 0.05581489532659738
0 0.38240962403768836 0.5223361269935767 0.04012038896415202 0.050872822188333444
0 0.7755466338757694 0.14758035486083396 0.05130355042954129 0.055814895326597294
0 0.7446352278374471 0.2873143488769103 0.0448078889641522 0.05098192496187508
0 0.8062975033909019 0.5407854942035076 0.07686347241038013 0.12663654160312507
0 0.9012283073269461 0.04438523252000075 0.05492651741285428 0.03561149810013893
0 0.5224293571906606 0.29072571713368095 0.08172139077317446 0.10021951196784729
0 0.6853543238352897 0.04950457114149363 0.05919793758467105 0.057559233282500046
0 0.8954596641789226 0.0980914607685077 0.042754066033373304 0.04157055737069448
0 1 0.6248460375 0.7111520546875 0.6973814859374999 0.8520757453125001 0.8018213218750001 1 0.79225523125 1 0.6248460375
0 1 0.4794313453125 0.8998881515624999 0.44184784375 0.8433039734375001 0.472446996875 0.9606967375 0.5320603015625001 0.9949370234374999 0.5690971921875 1 0.56819719375 1 0.4794313453125