0 0.5889057692950472 0.25099601820582407 0.06489884134309047 0.07523237336031982
0 0.8179189179265034 0.4982107756690558 0.047474984006999676 0.05401911465389268
0 0.8835428232415952 0.6290646279984766 0.050654528007635945 0.05887038896415202
0 0.6427103799331848 0.45820433062115296 0.039662484006999676 0.05360967887824373
0 0.2158148093173189 0.10658643543696449 0.050654528007635945 0.058870388964152066
0 0.2571381486314562 0.2457407886708963 0.044349984006999674 0.053855340343633
0 0.21586606926323046 0.5047782739715753 0.07649086935072642 0.13205558344622811
0 0.08172216732972745 0.022263424355688028 0.05328863200190901 0.016846663274411568
0 0.4829103079646835 0.23468934475464714 0.08085110534690862 0.1041762449116174
0 0.29967273599618205 0.016724414292494025 0.05826703333863605 0.03344882858498805
0 0.0913784306572277 0.06469990784734464 0.042678396005727 0.04439845318850331
0 0 0.6591250203125 0.0041788078125 0.761336321875 0.029609540625000003 0.7697205984375 0.1885009015625 0.76974565625 0.3232124453125 0.65561921875 0 0.5968636093749999 0 0.6591250203125
0 0 0.5421804734375 0.0259997984375 0.5450645734374999 0.057837456249999995 0.505612934375 0.1721532921875 0.43807417187500003 0.11250718125 0.4109838078125 0 0.4615507140625 0 0.5421804734375