0 0.3703125 0.28359375 0.0546875 0.0625
0 0.17265625 0.52734375 0.03984375 0.0453125
0 0.11875 0.6515625 0.0421875 0.04765625
0 0.32890625 0.475 0.0328125 0.0453125
0 0.6984375 0.11875 0.0421875 0.04765625
0 0.66640625 0.24765625 0.0375 0.0453125
0 0.7140625 0.4765625 0.0625 0.1125
0 0.815625 0.0171875 0.046875 0.034375
0 0.4640625 0.25859375 0.0671875 0.0875
0 0.6203125 0.0328125 0.05 0.05
0 0.80859375 0.06875 0.0375 0.0375
0 0.9974999999999999 0.65 0.985 0.5175 0.6224999999999999 0.6224999999999999 0.7474999999999999 0.7125 0.89 0.6975 0.9974999999999999 0.65
0 0.9425000000000001 0.48250000000000004 0.9349999999999999 0.42750000000000005 0.8025 0.3825 0.75 0.4125 0.8550000000000001 0.4625 0.885 0.495 0.9425000000000001 0.48250000000000004