0 0.737350677296364 0.41303796212806565 0.08518058344622795 0.0773641335443795
0 0.5383996794440706 0.1458063126820616 0.06059666327441153 0.05480717194503919
0 0.42271380370890166 0.06102579889200806 0.0655298247398008 0.05963106426490725
0 0.5460882694490194 0.3265562075092121 0.05870661465389269 0.04851170783841656
0 0.8127679206261018 0.8047731695707707 0.0655298247398008 0.05963106426490725
0 0.6857793747191162 0.7421631724737645 0.06051477611928178 0.0532446719450391
0 0.4282534797620704 0.744196000066507 0.14249511646291496 0.09931334138279588
0 0.734866407169976 0.5199782839148203 0.11593261646291494 0.09854045157021041
0 0.9069550118742459 0.7341675013866553 0.0264673247398008 0.05849446159934022
0 0.8324518995952026 0.9352502797581852 0.050976001809022266 0.0498468873053028
0 0.3010004140625 0.9688040625 0.3000409890625 0.61329345625 0.166191009375 0.7292276578125 0.1386843640625 0.8869397578125 0.14569619843749998 0.9370843640625001 0.3010004140625 0.9688040625
0 0.500412921875 0.860529621875 0.48451611874999995 0.7971085671875 0.39931094375 0.9000545734375001 0.35559343125 0.9255108953125 0.3520895125 0.9792386203125 0.3906244171875 0.9871090796875001 0.4174413875 0.9863287859375 0.500412921875 0.860529621875