0 0.61442544375 1 0.6652656453125 0.8233909625000001 0.6840715203125 0.6685683453125 0.6791119015625 0.475533875 0.6704054171875 0.21175829375 0.6509049453125 0.0113615875 0.6178075296875 0.0107838703125 0.63643529375 0.3571913125 0.6524528625 0.484049040625 0.6469156359375 0.6869192015625 0.6258729890625 0.8546586078124999 0.58925700625 1 0.61442544375 1
0 0.6590823968749999 1 0.6820589609375001 0.918047796875 0.7136733421875 0.783922228125 0.7247521203125 0.5906072359375 0.71794370625 0.394390471875 0.7119628890625 0.12412701718750001 0.695676353125 0.0121430765625 0.6653173234375 0.0116131578125 0.6834080390625 0.171297396875 0.691165234375 0.50751038125 0.6890544859375 0.7344617890625 0.6592166875000001 0.9345396156250001 0.6325267953125 1 0.6590823968749999 1
0 0.7055508359375 1 0.72558415 0.9414276921875 0.74952050625 0.83318354375 0.7666762796875 0.7202292078125 0.77629923125 0.6138468265625 0.7750321171875 0.5334020421875 0.769439021875 0.3532563171875 0.7619528453125 0.2117657578125 0.75235118125 0.0847958125 0.7462473859375 0.013025796875 0.7160337546875 0.012498415625 0.728050146875 0.188217559375 0.7407391765625 0.41973889218749993 0.735080665625 0.621005228125 0.7245371765625 0.7789034312500001 0.69525544375 0.922645765625 0.6749786203125 1 0.7055508359375 1
0 0.7495464843749999 1 0.7894744296875 0.8517971203125001 0.8050241828125 0.738870875 0.8200882296875 0.5133015890625 0.820109515625 0.2799492609375 0.7906573921875 0.013800976562500001 0.7622249265625001 0.0133046859375 0.7736650546875 0.1117815625 0.784143128125 0.3352954203125 0.7860898125 0.573442109375 0.7624971015625001 0.8136441781249999 0.7183689921874999 0.9946595593750001 0.733138903125 1 0.7495464843749999 1
0 0.8483116125000001 1 0.9117383328124999 0.8544847000000001 0.930106903125 0.7576041828125 0.9533867359375 0.5769534515625 0.9640051156249999 0.4625047765625 0.975352853125 0.3577009109375 0.9757383578125 0.235385065625 0.9613655718749999 0.016780698437499998 0.9386673375000001 0.0163845 0.9539174890625001 0.3291086015625 0.9454634640625 0.49340772343749995 0.9226697984375001 0.680487415625 0.8995607828125 0.8209016828125 0.8480066765625001 1 0.8483116125000001 1
0 0.819286275 1 0.8704731671875001 0.9034860734375 0.9122222343749999 0.7546996296875 0.9250748671875 0.6273369453125001 0.9375164312500001 0.536997559375 0.944511953125 0.3534115515625 0.940961721875 0.2215097171875 0.9254323640625 0.01615348125 0.8905110578125001 0.015543928125 0.89434916875 0.09357843125000001 0.9193112093750001 0.38121087187499997 0.90281443125 0.6727885515625001 0.8567907218749999 0.8924618750000001 0.79358553125 1 0.819286275 1
0 0.8060845546875001 1 0.8083106062500001 0.99469784375 0.8714432390625 0.810129965625 0.8836416125 0.7165747328125 0.892995353125 0.6278980359374999 0.9051914609375 0.428128771875 0.89624678125 0.2673513265625 0.8771871265625 0.0153113578125 0.8504209609375 0.014844153125 0.8654787125000001 0.20030019999999998 0.86689263125 0.47386089687500005 0.8646862109375 0.6782814828125 0.833801184375 0.8220518578125 0.7909190125000001 1 0.8060845546875001 1
0 0.7879745890625001 1 0.8236201062499999 0.8785584343749999 0.84913125625 0.6849910125 0.8564681593750001 0.52714889375 0.85836149375 0.38227691875 0.8376016765625 0.08652483125 0.83482183125 0.01457186875 0.8054027749999999 0.0140583578125 0.8125973140625 0.15938023437499999 0.8280793890625 0.32165201875 0.8345000296875 0.5339705953125 0.8177344968750001 0.7370398828125 0.7781732906250001 0.9147580171874999 0.7595126234375 1 0.7879745890625001 1
0 0.591049184375 1 0.62725639375 0.83049323125 0.6352993515625001 0.7032174078125 0.6447022109375 0.5726949625 0.63451639375 0.41677074531249997 0.62586129375 0.21736344375 0.6080189671875 0.0106130109375 0.5862344640625 0.0102327609375 0.6016073203125 0.1727281390625 0.61225575 0.462219615625 0.6153716140625 0.652066234375 0.6063072015625 0.8083298859375001 0.58806011875 0.9068169625 0.5711320421875 1 0.591049184375 1
0 0.5586044703125 1 0.5727017546875001 0.958585309375 0.5955908828124999 0.7940337078125 0.6024183171875 0.6506841140625 0.6022194625 0.49941126406249997 0.60027231875 0.3674786546875 0.5970143921875 0.196946915625 0.57964703125 0.0101177765625 0.5503560515625 0.0096065 0.5663911140625 0.11058085937499999 0.576506778125 0.43548634374999995 0.5885159828125001 0.6155225828125 0.5738141421875 0.7396975109375 0.565409440625 0.862153615625 0.55914059375 0.9491649359375 0.5479596609375 1 0.5586044703125 1
0 0.20573804999999998 1 0.2129331921875 0.9584404093750001 0.23866695781249997 0.7890102703124999 0.2633326671875 0.6904109296875001 0.25805471875 0.5569278953125 0.22747854687500002 0.216285246875 0.232126209375 0.0131078140625 0.199514809375 0.0136782078125 0.19209178124999998 0.08815761562499999 0.2072349484375 0.3309022734375 0.2244933984375 0.559123584375 0.238010228125 0.716600959375 0.2056902046875 0.820165696875 0.19521640468749998 0.9152967125 0.18665006875 1 0.20573804999999998 1
0 0.23539664999999999 1 0.26151149687499997 0.8787324828124999 0.2781580125 0.7802734015625 0.30546904375 0.6317367546875 0.302213590625 0.5674217796875001 0.2894519375 0.398664946875 0.276250715625 0.1816361859375 0.280202684375 0.012266928125 0.254237440625 0.0127210765625 0.249710690625 0.0855411453125 0.26042948125 0.20605408593750002 0.2741917640625 0.47296133906250004 0.286368853125 0.6127584328125 0.27295515937500003 0.6902426265625 0.23779255781250003 0.9048972015625001 0.2199442671875 1 0.23539664999999999 1
0 0.1752789859375 1 0.1773806015625 0.976763221875 0.2002697296875 0.812211621875 0.22457076250000002 0.708789875 0.2179327046875 0.57855073125 0.1955487671875 0.40996493437500003 0.174279275 0.12870263906249998 0.1817730703125 0.013988520312499999 0.1450990203125 0.014629971875 0.1413724203125 0.09709361093749999 0.15330879375 0.33989162031250003 0.17681279218749998 0.5020230953125 0.19341471875 0.657837828125 0.18887086250000001 0.746430396875 0.17421834687499999 0.82876230625 0.1587297484375 1 0.1752789859375 1
0 0.14944914843749998 1 0.154631525 0.9095691 0.1623588765625 0.8418446640624999 0.174459059375 0.725761390625 0.1659512234375 0.613255925 0.135669578125 0.44641694843749996 0.12042775937500001 0.28735832499999997 0.108418759375 0.10732482031249999 0.1194879234375 0.015077923437499998 0.0906440609375 0.015582420312500001 0.090386828125 0.017518434375 0.087619346875 0.17206052968750002 0.10677087968750001 0.361626675 0.10964128749999999 0.442043415625 0.130859234375 0.5527151531250001 0.15304951718749998 0.6762448171875 0.15664655624999999 0.7663064125 0.14780207812499999 0.8404878546875001 0.149043759375 1 0.14944914843749998 1
0 0.1471195296875 0.78900280625 0.14915991875 0.731029934375 0.1436907875 0.6587075296875 0.1276266203125 0.573692771875 0.096954271875 0.42295292343749996 0.06630795 0.2512915421875 0.0674459015625 0.1176962890625 0.08185653125 0.015736120312499997 0.05317220625 0.0162378265625 0.046789221874999995 0.056905771875 0.04829885625 0.24677775 0.0711951953125 0.40087370624999996 0.1039570046875 0.5580144734375 0.1304710046875 0.6750310453125 0.1363799109375 0.795628115625 0.13239711406250002 0.9340991734375 0.13361243125 0.9501702109375 0.142213721875 0.8727729234374999 0.1471195296875 0.78900280625
0 0.043827623437500005 0.2726058140625 0.029147071875000003 0.1634284140625 0.051827029687500005 0.016261353125 0.0283745921875 0.0166715515625 0.0244797125 0.0379835828125 0.016219339062499998 0.24733883906249998 0.05787948750000001 0.500883209375 0.0900569390625 0.6290669734375001 0.108453546875 0.7236957640624999 0.1246419328125 0.8103170328125 0.12155456875 0.7057656437500001 0.094696465625 0.563005228125 0.06842545 0.44920177031249997 0.043827623437500005 0.2726058140625
0 0.325501175 1 0.36008269375 0.886665978125 0.3790849515625 0.7768994484375 0.392009746875 0.6929863375 0.40795041249999997 0.5639636953125 0.41205222812500003 0.32088243437499997 0.413431565625 0.0099366765625 0.3892042171875 0.010360428125 0.3864146421875 0.300409771875 0.38286868749999997 0.48715280937500005 0.383310728125 0.6416415046874999 0.3597621421875 0.733783840625 0.3523530765625 0.8481763843750001 0.3243332625 0.9661467874999999 0.3106991953125 1 0.325501175 1
0 0.300750459375 1 0.32782988281250003 0.9274307437499999 0.3478538015625 0.7886791171875001 0.3735848390625 0.619249025 0.37720568593750003 0.47595551562500005 0.3779300953125 0.2731667984375 0.37361394375 0.010633110937499999 0.3495257953125 0.0110544265625 0.3481859625 0.1771606296875 0.3591217015625 0.4279921953125 0.35647592031249997 0.58414358125 0.3385674890625 0.7083745921875 0.31329684687500003 0.79893836875 0.3202477828125 0.869626171875 0.29679759375 0.984299284375 0.2842663921875 1 0.300750459375 1
0 0.2678494421875 1 0.2893371921875 0.9281040031250001 0.32284717343749997 0.7553204890624999 0.3509111140625 0.4892903546875 0.336372878125 0.2545812625 0.3379127875 0.01125754375 0.2915240265625 0.012068912499999999 0.31516214374999996 0.4625570828125 0.30738793750000004 0.6783412984375 0.24576074062500003 1 0.2678494421875 1
0 0.535041 1 0.55077774375 0.9235312531250001 0.568101609375 0.770340503125 0.5747093609375 0.6028563078125 0.570088396875 0.43556577343749997 0.54315080625 0.0094807328125 0.49434460781249995 0.0086288171875 0.5155104546875 0.5845793375 0.4952691234375 0.8054103953125 0.4415093953125 1 0.535041 1
0 0.5485077090481603 0.605244022317839 0.060006352775469195 0.09316934740221221
0 0.3247983646384672 0.15400130194586933 0.07276102076024671 0.09963753571381498
0 0.36865184091247105 0.04234678165332989 0.09954901384016442 0.06731595941492108
0 0.4291277203796858 0.2619968084386911 0.04690417490485963 0.03985343262955983
0 0.41077560429552484 0.501349634737585 0.06852450692008212 0.0339852621748646
0 0.41651756281221264 0.6997462244291596 0.02789950692008212 0.033276150162155814
0 0.4303187831547174 0.5594621436660387 0.037019838935304604 0.02718979139585791
0 0.2178254644481868 0.23020351744987036 0.07623884783255316 0.07003185633066593
0 0.13571330140632507 0.24594551988550237 0.031024506920082205 0.03333069724005648
0 0.08916590665325211 0.3489653798696163 0.10015119171077376 0.1204136858759707
0 0.4457727564257906 0.038228071831371724 0.030769838935304605 0.02708069724005646
0 0.43338809193823524 0.44319226136079043 0.0352318458553869 0.05994774431795715
0 0.5830007727745941 0.5129434740221224 0.06979784684397003 0.0652352621748646
0 0.6004323760071737 0.21268042126217884 0.057327021748829664 0.10405230032431154