0 0.3287539546875 0.2997215828125 0.377852734375 0.49117840625 0.44683019531249996 0.7523010828125 0.527479803125 0.99433635 0.5599173703125 0.9939589046874999 0.44668933125 0.5983413468750001 0.40195428906249997 0.4758076296875 0.3608591953125 0.27182582499999997 0.342970865625 0.098925171875 0.34422418125 0.020374109374999998 0.3170917765625 0.028043665625000002 0.31164073281250004 0.1402939734375 0.3287539546875 0.2997215828125
0 0.306869278125 0.38804318125 0.358504384375 0.582201003125 0.4263053796875 0.8505037609375 0.48209473281250004 0.994864453125 0.5130052015625 0.9945047765625 0.4433982484375 0.7960493359374999 0.358742753125 0.46235716250000003 0.3087785453125 0.23521435624999998 0.2926515015625 0.034952234375 0.27394196718749997 0.0402408875 0.2735293890625 0.05011101875 0.273380340625 0.192173896875 0.306869278125 0.38804318125
0 0.22705447968749998 0.152225284375 0.23618231562499997 0.2694244765625 0.25116532343750003 0.37812105156250003 0.270845065625 0.45811442812500003 0.31760828281250003 0.6365393046875 0.35736016249999997 0.7758812828125 0.3958507375 0.90018013125 0.4263443359375 0.9955131671874999 0.45761928437500005 0.9951492500000001 0.3958911671875 0.7906577140625 0.33041566875 0.56276531875 0.2898067734375 0.36035359843750003 0.26391375625 0.199984021875 0.259578553125 0.04892033125 0.25969610625 0.044267784375 0.22583033125 0.0538406734375 0.22705447968749998 0.152225284375
0 0.19443185000000002 0.2606922875 0.23142009843750003 0.4897925984375 0.2848936796875 0.7227880234375 0.379948515625 0.99605303125 0.4102334328125 0.9957006343750001 0.36883462499999997 0.8787279140625 0.3073555265625 0.6582608953125 0.2508595921875 0.4209856140625 0.21885185312500002 0.1750777890625 0.21986588281250002 0.055526654687499996 0.18625716406249998 0.06502687968750001 0.18374090781250002 0.1439349390625 0.19443185000000002 0.2606922875
0 0.06789536562500001 0.2742162578125 0.08655715 0.460584609375 0.10241647812500002 0.5775914296875 0.11535200937500001 0.6851563390625001 0.143015309375 0.8073815578125 0.200059240625 0.9981462328124999 0.224217534375 0.997865125 0.14285514531250001 0.7081813171875 0.11345275156250001 0.541959121875 0.092842046875 0.3492970578125 0.0832372515625 0.20314669375 0.08860256875 0.0926310484375 0.07726089375 0.0958370171875 0.06363759375 0.1727534390625 0.06789536562500001 0.2742162578125
0 0.086039709375 0.2725082265625 0.102675971875 0.402984665625 0.11122663906250001 0.4963893875 0.14647579375 0.6814927234375 0.18018297187500001 0.8122749859375 0.2376048640625 0.99770935 0.27455410625 0.99727940625 0.2550642703125 0.927997640625 0.1647314140625 0.6472434796875 0.1140113953125 0.3518681328125 0.1086313015625 0.1206777171875 0.119687459375 0.0838442359375 0.09869615781249999 0.089777878125 0.092732375 0.11319598906249999 0.086039709375 0.2725082265625
0 0.122711109375 0.3032099765625 0.1338983125 0.39415900000000004 0.167774890625 0.5967604171875001 0.213373534375 0.7549835375 0.2883535265625 0.9971188359375001 0.3165175859375 0.9967911171875 0.2588138390625 0.8140029921874999 0.19472015781250002 0.5412314281249999 0.15001448125 0.3365598046875 0.1472397359375 0.18505501875000002 0.14788475625 0.075873665625 0.1252094 0.082283340625 0.11318557031250001 0.20665705937499998 0.122711109375 0.3032099765625
0 0.1442358546875 0.1260129890625 0.163678059375 0.32585288437500004 0.19269198437499999 0.4853402671875 0.22405253281249998 0.630475090625 0.31213997656250003 0.9204190125 0.332717775 0.9966026109375001 0.3635343828125 0.9962440265625 0.3198748796875 0.8412342515625 0.2675447453125 0.6832035046875 0.212597375 0.47286896250000005 0.1824299359375 0.2657953140625 0.18035204062500002 0.078160025 0.1801864359375 0.06674290000000001 0.14691044375 0.0761490765625 0.1442358546875 0.1260129890625
0 0.347158621875 0.123409459375 0.36847541562499997 0.2525599375 0.389207459375 0.38530237968750003 0.4349064859375 0.5383600265624999 0.48907775000000003 0.735227621875 0.5721425703125 0.9938166515625 0.5956704609375 0.9935428796875 0.5230132296875001 0.7735444515625 0.4462427375 0.48724616875000004 0.39967663125 0.29849719375 0.3727128359375 0.14014072187499999 0.3679680421875 0.0371051421875 0.3668244265625 0.0139856640625 0.345149446875 0.020112564062499998 0.347158621875 0.123409459375
0 0.3738646578125 0.0119955921875 0.38646307812499997 0.1516535859375 0.41265259062500004 0.29653968750000004 0.4475251703125 0.44752637812499996 0.4796727203125 0.578752409375 0.5219498640625 0.7481798984375 0.6025175 0.9934632062500001 0.606573128125 0.993416015625 0.635410328125 0.9852645609374999 0.571676478125 0.8265215890625001 0.487308240625 0.504727025 0.4342997265625 0.32806460625 0.4202014453125 0.200294515625 0.400343065625 0.07586306875 0.3896706984375 0.007527675 0.3738646578125 0.0119955921875
0 0.73139320625 0 0.7364325953125 0.0647059953125 0.7349302703125 0.1695074578125 0.7706884046875 0.30142330624999997 0.8786601109375001 0.633658846875 0.9337185437500001 0.9009413359374999 0.9607455515625001 0.8933015718749999 0.9426155812499999 0.7524699234375001 0.8721688125 0.5140039515625 0.8029841765624999 0.2905837875 0.7536737375 0.136833646875 0.7615182609375 0.025102328125 0.7585444359375 0 0.73139320625 0
0 0.6947053234375 0 0.6998412765625 0.0836043625 0.707201484375 0.2389471625 0.7251267609375 0.3023234734375 0.7762849109375 0.4675301296875 0.8389386484375001 0.6808204921875001 0.8868985828125 0.9141760046874999 0.9097883875000001 0.9077057078124999 0.88690504375 0.76992813125 0.8488029390625 0.6523640921875 0.7741665875 0.38941725781250003 0.730218546875 0.2529747515625 0.7255648953125 0.17215478281250002 0.7141249375000001 0 0.6947053234375 0
0 0.7657841624999999 0 0.7686390484375 0.0316474375 0.7685986203125 0.14116985625 0.804942334375 0.26949641562500004 0.86546503125 0.43205306875 0.9507288890625001 0.7073983828125 0.9801223859375 0.8878242937499999 1 0.882205459375 1 0.7843217015625 0.9901345546875 0.7304797093750001 0.9228095218749999 0.491134221875 0.862671809375 0.3353104546875 0.8107274890625 0.1840152671875 0.794858925 0.09438953125 0.7903046578125 0.008410187500000001 0.7891453312500001 0 0.7657841624999999 0
0 0.799853253125 0 0.81368165 0.11131316718749999 0.8477873578124999 0.22145182812500003 0.915627953125 0.38022949375000004 0.9669866953125 0.5351139734375 1 0.6451380531249999 1 0.5662303453125 0.96330791875 0.45744219687500004 0.9420677234375001 0.3778899171875 0.8959609296875 0.27285695468750004 0.8459562953124999 0.15523656875 0.82179495625 0.066241628125 0.8145396078125 0 0.799853253125 0
0 0.8189230453125 0 0.8259026296875 0.041125795312500005 0.8371984515625 0.09953435625 0.85912278125 0.1703352984375 0.8943111578125 0.25107901718750003 0.9588429703125 0.3936818875 1 0.49077965937499995 1 0.43709435937499996 0.9890785453125 0.40908986406250003 0.9210373593750001 0.26063437500000003 0.8683002828124999 0.1506309859375 0.8348795359375 0.0317436625 0.8285320031250001 0 0.8189230453125 0
0 1 0.36540685625 0.989053896875 0.330058253125 0.9791653671875 0.3058048125 0.9183334562500001 0.18611079375 0.8786616593750001 0.0963689359375 0.84298360625 0.01405320625 0.8699685296874999 0.1176467578125 0.9289434890624999 0.2532653453125 0.9807065203124999 0.3601232125 1 0.41095165468749995 1 0.36540685625
0 0.595474625 0 0.6019799171875 0.11297740781250001 0.6085851421874999 0.2000903390625 0.622584040625 0.33301980625 0.6743000578125 0.5767804234375 0.7583875250000001 0.950502415625 0.7843572234375 0.943161521875 0.7744668406249999 0.9112221937499999 0.704048609375 0.5906156421875 0.6647045 0.40324897656249997 0.6288570453125 0.249114090625 0.6307478390625 0.1510474375 0.6117649515625 0.034923559375 0.6118598203125 0 0.595474625 0
0 0.62186606875 0 0.629801378125 0.09316916875 0.6434953703125 0.2689658703125 0.672805790625 0.4129697796875 0.7185857265625 0.6156302218749999 0.7984194734375001 0.939186525 0.8203633421875001 0.93298361875 0.769663090625 0.703823571875 0.7014743296875 0.45619918750000005 0.6682634140625 0.2996086 0.6572860421875 0.17095631718749998 0.66122165625 0.074022078125 0.6382238984375 0.00523499375 0.6380775203125 0 0.62186606875 0
0 0.6573414453125 0 0.6618873187500001 0.120032909375 0.695446275 0.39288072343749997 0.763459753125 0.62347946875 0.83177248125 0.92975858125 0.8756362 0.9173595578124999 0.8727257796875 0.8886133828125 0.736511778125 0.41036157968750003 0.6946424046875 0.1929094046875 0.686909490625 0 0.6573414453125 0
0 0.4163011703125 0 0.4004031140625 0.0044939265625 0.400572071875 0.0108108203125 0.41875955156250005 0.1682272484375 0.45069644374999995 0.33715386718749996 0.4935626484375 0.5029939890625 0.6363851359375 0.9849890109375 0.6821612421875 0.9720494109375 0.51274076875 0.3401495609375 0.48189843125 0.11444616562500001 0.486259059375 0 0.4163011703125 0
0 0.5316756250929526 0.9825632205999575 0.04001750494291585 0.023892033338636053
0 0.47609290368750257 0.32821207527054835 0.07913835475263546 0.10243520401018139
0 0.7977012372227807 0.7207513745624139 0.0952726907221905 0.11511701734563573
0 0.7897507688574423 0.8709150065643229 0.13066636266130088 0.1405170066836355
0 0.670889386424478 0.639375199912504 0.05509867688202626 0.049055665340545215
0 0.6344266685162502 0.3967155325827766 0.07541117688202607 0.049292022676635926
0 0.5841852934976597 0.1995501785885036 0.03427684091247105 0.036319308004454334
0 0.6010119906456408 0.3439541592536855 0.040399506920082116 0.03326703333863614
0 0.8857185489720483 0.6173349258832326 0.09087435079830257 0.083830654678545
0 0.9624110415576744 0.5812696092059604 0.037529174904859984 0.03948067067154533
0 0.9582448760071738 0.4631644992043696 0.08351024798565235 0.14022610534690844
0 0.7059660178688592 0.8672002079090042 0.03564833992388792 0.031649989337999784
0 0.6252864318621231 0.46013314258436744 0.04798651384016441 0.06615225867281786
0 0.8729916917851359 0.8996479865531871 0.0597225098858317 0.047547709341181486
0 0.46298009144394364 0.42841206993954817 0.084497016805914 0.0806329293443632
0 0.5152707391999473 0.7334171959341393 0.0795840237259963 0.11337270401018137