0 0.1676475 0.41911750000000003 0.00294 0.4794125 0.005882500000000001 0.5014700000000001 0.139705 0.4573525 0.2926475 0.42647 0.47794 0.4073525 0.5941175000000001 0.41323499999999996 0.9974999999999999 0.4044125 0.9974999999999999 0.37794 0.7264700000000001 0.37206 0.485295 0.3823525 0.3088225 0.3911775 0.1676475 0.41911750000000003
0 0.37941250000000004 0.34853 0.20293999999999998 0.37206 0.0808825 0.41029499999999997 0.00294 0.438235 0.005882500000000001 0.46176500000000004 0.0661775 0.43235250000000003 0.24853 0.3911775 0.45588249999999997 0.37353000000000003 0.763235 0.3573525 0.9974999999999999 0.3661775 0.9955875000000001 0.3411775 0.8058825000000001 0.32794 0.5588225 0.3411775 0.37941250000000004 0.34853
0 0.43088249999999995 0.29853 0.3573525 0.30294 0.260295 0.3191175 0.1573525 0.3426475 0.0588225 0.37206 0.00294 0.3955875 0.00294 0.42352999999999996 0.07647000000000001 0.39853 0.2073525 0.361765 0.35147 0.3411775 0.535295 0.32206 0.7470600000000001 0.31764749999999997 0.95 0.3161775 0.9974999999999999 0.32058749999999997 0.99706 0.289705 0.8411775 0.288235 0.725 0.288235 0.5955874999999999 0.2911775 0.43088249999999995 0.29853
0 0.139705 0.30735250000000003 0 0.3558825 0.010295 0.3823525 0.175 0.3294125 0.3941175 0.2911775 0.611765 0.27647 0.8161775 0.2705875 0.9974999999999999 0.27793999999999996 0.9974999999999999 0.25146999999999997 0.661765 0.239705 0.44853 0.2558825 0.2426475 0.28529499999999997 0.139705 0.30735250000000003
0 0.388235 0.138235 0.22353 0.17206 0.135295 0.1955875 0.00147 0.264705 0.1661775 0.20441250000000002 0.2941175 0.17353000000000002 0.46470500000000003 0.139705 0.6147050000000001 0.1205875 0.9974999999999999 0.110295 0.9974999999999999 0.0911775 0.7 0.09411749999999999 0.588235 0.10294 0.4926475 0.1205875 0.388235 0.138235
0 0.3426475 0.1676475 0.22647 0.18823499999999999 0.0911775 0.23676499999999998 0 0.2926475 0.00294 0.314705 0.10146999999999999 0.24853 0.30147 0.1911775 0.5676475 0.15588249999999998 0.8308825000000001 0.1588225 0.9974999999999999 0.1544125 0.99706 0.125 0.713235 0.125 0.5926475 0.13088249999999998 0.425 0.15 0.3426475 0.1676475
0 0 0.31764749999999997 0.1661775 0.264705 0.29706 0.22647 0.48382250000000004 0.21029499999999998 0.7338225 0.1926475 0.9974999999999999 0.1941175 0.99706 0.1691175 0.67206 0.1691175 0.525 0.17206 0.3426475 0.19705999999999999 0.26176499999999997 0.21176499999999998 0.17647 0.22941250000000002 0.0088225 0.3 0 0.30441250000000003 0 0.31764749999999997
0 0.435295 0.22353 0.2911775 0.2411775 0.11470499999999999 0.27793999999999996 0 0.32058749999999997 0.00294 0.3455875 0.0823525 0.32206 0.2441175 0.27353 0.42941250000000003 0.2441175 0.6235299999999999 0.23529499999999998 0.77206 0.23823500000000003 0.99706 0.23235250000000002 0.99706 0.20441250000000002 0.8382350000000001 0.21029499999999998 0.5676475 0.21176499999999998 0.435295 0.22353
0 0.27793999999999996 0.438235 0.161765 0.4544125 0 0.5014700000000001 0.0073525 0.5176475 0.09264750000000001 0.49558749999999996 0.1823525 0.47206000000000004 0.325 0.45294 0.49853 0.44264749999999997 0.763235 0.43235250000000003 0.9955875000000001 0.436765 0.9974999999999999 0.439705 0.9974999999999999 0.4161775 0.72206 0.41323499999999996 0.539705 0.41911750000000003 0.39706 0.4205875 0.27793999999999996 0.438235
0 0 0.5411775 0.054412499999999996 0.525 0.1338225 0.513235 0.2455875 0.49706 0.3588225 0.475 0.5235299999999999 0.47352999999999995 0.8205875 0.460295 0.9974999999999999 0.475 0.9955875000000001 0.44264749999999997 0.7411774999999999 0.438235 0.585295 0.44706 0.46470500000000003 0.4544125 0.32647 0.46470500000000003 0.1955875 0.4808825 0.045587499999999996 0.513235 0 0.5323525 0 0.5411775
0 0.20588250000000002 0.8073525 0.05147 0.8426475 0.0044125 0.8544124999999999 0 0.87206 0.0911775 0.8558825000000001 0.17794000000000001 0.839705 0.27206 0.8029400000000001 0.4161775 0.8044125 0.625 0.8044125 0.8470599999999999 0.8014699999999999 0.9974999999999999 0.775 0.9974999999999999 0.7514700000000001 0.7294125 0.77794 0.4176475 0.7735299999999999 0.2955875 0.77794 0.20588250000000002 0.8073525
0 0.34853 0.735295 0.213235 0.7705875 0.12353 0.7926475 0.00294 0.8279400000000001 0 0.8426475 0.1 0.8161775 0.2955875 0.7691175 0.3661775 0.7514700000000001 0.49411750000000004 0.7529399999999999 0.738235 0.7470600000000001 0.84853 0.7485299999999999 0.9974999999999999 0.72794 0.9974999999999999 0.7073525 0.7602949999999999 0.7308825 0.5617650000000001 0.7338225 0.4073525 0.7338225 0.34853 0.735295
0 0.39853 0.811765 0.2794125 0.814705 0.18529500000000002 0.8441175 0.035295 0.87647 0 0.8823525 0.00294 0.89706 0.1705875 0.8691175 0.2455875 0.85 0.32647 0.839705 0.4691175 0.8441175 0.6176475 0.8544124999999999 0.839705 0.84853 0.9974999999999999 0.8294124999999999 0.9974999999999999 0.7941175 0.810295 0.8205875 0.55294 0.8205875 0.39853 0.811765
0 0.3676475 0.8617649999999999 0.264705 0.8617649999999999 0.1588225 0.8808825 0.09706000000000001 0.8926475 0.0088225 0.9044125 0.16029500000000002 0.8941174999999999 0.22793999999999998 0.8808825 0.310295 0.87794 0.42352999999999996 0.889705 0.525 0.90147 0.59853 0.89853 0.77206 0.9029400000000001 0.913235 0.889705 0.9974999999999999 0.87206 0.9955875000000001 0.8470599999999999 0.8308825000000001 0.8794124999999999 0.6661775 0.8808825 0.5205875 0.87794 0.3676475 0.8617649999999999
0 0.5426475 0.9117649999999999 0.4044125 0.8941174999999999 0.32647 0.8852949999999999 0.260295 0.8852949999999999 0.2073525 0.8911775000000001 0.13088249999999998 0.90147 0.060295 0.914705 0.075 0.914705 0.20146999999999998 0.90147 0.31176499999999996 0.89853 0.41911750000000003 0.914705 0.5632349999999999 0.9338225 0.7044125 0.9441174999999999 0.87794 0.9323525 0.9974999999999999 0.9044125 0.9974999999999999 0.8794124999999999 0.8220599999999999 0.9176475 0.7 0.9279400000000001 0.5426475 0.9117649999999999
0 0.5191175 0.939705 0.414705 0.9235300000000001 0.2838225 0.9088225 0.18823499999999999 0.913235 0.2676475 0.9220599999999999 0.3544125 0.9323525 0.47206000000000004 0.9529400000000001 0.7044125 0.97353 0.8955875000000001 0.9514699999999999 0.9974999999999999 0.925 0.9974999999999999 0.9058825 0.7808824999999999 0.9558825000000001 0.6808825 0.95 0.5191175 0.939705
0 0.214705 0.67794 0.11470499999999999 0.70294 0.0073525 0.7441175 0 0.761765 0.0426475 0.7411774999999999 0.15 0.7073525 0.25441250000000004 0.6926475 0.338235 0.664705 0.4794125 0.6544125000000001 0.65 0.638235 0.9426475 0.613235 0.9974999999999999 0.613235 0.9974999999999999 0.586765 0.6308825 0.6161774999999999 0.40882250000000003 0.636765 0.2911775 0.660295 0.214705 0.67794
0 0 0.7911775 0.026500000000000003 0.7676475 0.13091250000000001 0.738235 0.1956175 0.7397050000000001 0.27797 0.710295 0.39120499999999997 0.685295 0.5338525 0.67206 0.763235 0.664705 0.9911775 0.6455875 0.9974999999999999 0.625 0.67503 0.6441175 0.48973500000000003 0.6588225000000001 0.3588525 0.67206 0.20444 0.7073525 0.07797 0.735295 0 0.7705875 0 0.7911775
0 0.07797 0.7705875 0 0.8 0.0103225 0.8161775 0.3059125 0.736765 0.50297 0.714705 0.9470875 0.7044125 0.9974999999999999 0.6941175 0.9970874999999999 0.6558824999999999 0.6926775000000001 0.6808825 0.47797 0.6838225 0.23532250000000002 0.72794 0.07797 0.7705875
0 0.38826499999999997 0.539705 0.9926774999999999 0.5161775 0.9974999999999999 0.47352999999999995 0.52356 0.4794125 0.3706175 0.486765 0.21767750000000002 0.5044125 0.07797 0.5308824999999999 0.000029999999999999997 0.55294 0 0.57794 0.000029999999999999997 0.639705 0.186795 0.57353 0.38826499999999997 0.539705
0 0.95390625 0.38125 0.03125 0.028125
0 0.36953125 0.5109375 0.08203125 0.0484375
0 0.784375 0.684375 0.08984375 0.06015625
0 0.91171875 0.6375 0.10625 0.08671875
0 0.68359375 0.59609375 0.03515625 0.03984375
0 0.46640625 0.63046875 0.0296875 0.06015625
0 0.284375 0.6390625 0.028125 0.021875
0 0.4125 0.615625 0.021875 0.03125
0 0.7171875 0.78828125 0.06015625 0.06484375
0 0.7046875 0.8640625 0.0296875 0.025
0 0.61015625 0.9140625 0.10625 0.08359375
0 0.88828125 0.565625 0.0234375 0.025
0 0.51953125 0.60546875 0.053125 0.028125
0 0.96953125 0.7046875 0.0546875 0.04375
0 0.45234375 0.47265625 0.05703125 0.06015625
0 0.72734375 0.4359375 0.09296875 0.0453125