0 1 0.395785565625 0.739856546875 0.38711689374999997 0.48065736875000004 0.39516654375 0.291012409375 0.4024477875 0.13956091718750002 0.4307244328125 0.005566921875 0.47842004843749997 0.0058730578125000005 0.5047292953125 0.109993609375 0.471487721875 0.2740615125 0.44019433281250003 0.47306156250000003 0.42195623906249996 0.5980572078125 0.42973510781249996 1 0.42562007656249995 1 0.395785565625
0 1 0.35493064531249996 0.8246943078125 0.34066963437500003 0.5592040203125 0.35181231875 0.366382034375 0.35747347500000004 0.17692106406250002 0.3805665453125 0.04615483125 0.42015228125000004 0.005055476562499999 0.43446661249999996 0.005303820312500001 0.45580926875000005 0.0306189859375 0.44368603437500004 0.22618176406249998 0.4016934140625 0.4489206390625 0.385311978125 0.7792047859375 0.3717623765625 1 0.382644371875 1 0.35493064531249996
0 1 0.30132137187499997 0.8621491359375 0.2984176921875 0.7372270921874999 0.29696409375 0.598110684375 0.2985088765625 0.4211005265625 0.30435402031250003 0.3420911875 0.30817595781249996 0.2379306953125 0.324356746875 0.12753424062500002 0.3483698171875 0.021956009375 0.3787633640625 0.0044909171875 0.38594844687499996 0.0048806328125 0.4194405453125 0.0412630046875 0.4074465328125 0.181536878125 0.3695518625 0.3362443421875 0.34921794687499996 0.5336664375 0.33096149375 0.7613155296875 0.3288664484375 0.979512190625 0.32982496562499997 1 0.33196318593749996 1 0.30132137187499997
0 1 0.259451903125 0.6686252671874999 0.243990109375 0.4395427328125 0.2587172984375 0.21853170624999999 0.28776766249999997 0.10811682656249999 0.31019739999999996 0.0040178046874999995 0.345289321875 0.004404196875 0.378495771875 0.146344453125 0.33435943749999997 0.381476275 0.2959881078125 0.6153218265625 0.282896771875 0.8350466125 0.2791290890625 1 0.287733178125 1 0.259451903125
0 1 0.0884350875 0.707916596875 0.0879228 0.5878495640625 0.09601096875000001 0.485288109375 0.1137907953125 0.37323740625 0.13146020625 0.196558471875 0.165770403125 0.1019765015625 0.18996480468750002 0.00279658125 0.24033759062499999 0.0028738 0.24697380624999998 0.1352939078125 0.19984045 0.2724774015625 0.16823423125 0.45548160624999995 0.133997634375 0.6165327328125 0.115317965625 1 0.10946760468750001 1 0.0884350875
0 1 0.12452399218750002 0.722534178125 0.1212953859375 0.5929438 0.126111878125 0.4129168671875 0.14457074375 0.3245865953125 0.1625161640625 0.19992214218749998 0.1831996609375 0.055053537500000006 0.23368969218750002 0.0030854234375 0.265160578125 0.0033548812499999995 0.28831785 0.0662679421875 0.246469009375 0.28060411875 0.18730203125 0.566374878125 0.1526808015625 0.84946005 0.15913565624999998 1 0.156902196875 1 0.12452399218750002
0 1 0.1719557421875 0.6788119765625 0.16821838125 0.5207197625 0.1695423609375 0.3249546015625 0.1941425078125 0.23816815937500002 0.20894234374999998 0.146673909375 0.2268509484375 0.0033259109375 0.28582815625 0.00355471875 0.30549185156249997 0.1360482796875 0.2646710953125 0.276303759375 0.22519577812499997 0.47692127187500005 0.21014005624999998 0.745517671875 0.194292221875 1 0.19867184375 1 0.1719557421875
0 1 0.2109661015625 0.8580099828125001 0.21457442499999999 0.5670740734375 0.2127695109375 0.42490675937500005 0.22376406875 0.2701625078125 0.24093669375 0.0808671 0.278258259375 0.003563209375 0.3062214328125 0.00392706875 0.337491484375 0.046631490625 0.325294328125 0.21996515 0.27513551875000003 0.4188390796875 0.2458275640625 0.6274571875 0.23876978124999998 0.78720365 0.24378946250000003 1 0.24070118906250002 1 0.2109661015625
0 1 0.4372356453125 0.7356297890625 0.431335909375 0.5396227453125 0.4353795734375 0.3862594171875 0.4351754609375 0.2583941984375 0.4526608515625 0.1336772546875 0.46860244531250006 0.005869409375000001 0.50441584375 0.006112771875 0.5253303625 0.059872540625000005 0.5120118484375 0.15603515625 0.487835840625 0.3091803359375 0.46906148906249995 0.49564295625000004 0.46016547343749997 0.780143178125 0.45240753749999996 1 0.459139515625 1 0.4372356453125
0 1 0.46551208749999995 0.7564990375 0.45845682656250003 0.5889938640625 0.46599569062499996 0.4594191890625 0.472392796875 0.310908184375 0.48173041874999994 0.170376725 0.49748799374999997 0.0094911921875 0.5303988453125 0.0061875 0.5317524406249999 0.006362815625 0.5468190671875 0.019127640625 0.5431598015625 0.10436753593749999 0.5315028328125 0.2243425765625 0.51550875 0.34582462812500003 0.49320510312500004 0.522911075 0.493685259375 0.842162146875 0.4831708265625 1 0.49811249531249996 1 0.46551208749999995
0 1 0.801617896875 0.7480988484375 0.8235838171875001 0.41281249062500003 0.814941115625 0.2816203546875 0.8181558484375 0.185531371875 0.8486598140625 0.0199380328125 0.8846794359375 0.01032093125 0.8869786234375001 0.010566528125 0.9080852500000001 0.0627998640625 0.899407434375 0.1558904640625 0.8830978359375001 0.256634765625 0.8447431953125 0.41161824375 0.8481297109374999 0.636158565625 0.850742475 0.8748959421875 0.8503568843749999 1 0.8297583015625 1 0.801617896875
0 1 0.7541479671875 0.7807170609375 0.773370753125 0.567280728125 0.774048059375 0.40124578125 0.7721160671875 0.3380142046875 0.772963421875 0.19297728593750002 0.8092195500000001 0.096796309375 0.8318176015625 0.0099639921875 0.8563034 0.010152115625 0.8724706984375 0.0717896375 0.856824271875 0.28150996875 0.8086692890625 0.35719239062499997 0.790576696875 0.49478067656249997 0.7937581125000001 0.7571990421875 0.790489903125 0.8758142093749999 0.7934505453125 1 0.7777058234374999 1 0.7541479671875
0 1 0.849086053125 0.83560288125 0.8704533359375001 0.5588770750000001 0.8672333406250001 0.3927344296875 0.855814821875 0.26468788125 0.8574857265625001 0.163854275 0.8879344843749999 0.0106966109375 0.91926451875 0.010891175 0.935985346875 0.14835255625 0.9146321859375 0.22875852187499998 0.8950141265625 0.315600140625 0.8849562265625 0.46903975937500003 0.8914856390624999 0.6288782453125 0.904413921875 0.86757615 0.9008670109375 1 0.88634374375 1 0.849086053125
0 1 0.907751353125 0.8584759890625 0.9339636140625001 0.6813922296875 0.9334834890625 0.524807028125 0.92849790625 0.360153034375 0.9091918640625 0.24946217499999998 0.9079038593750001 0.13584921875 0.9271355218749999 0.06958513281249999 0.9390132937500001 0.0110094859375 0.9461528687499999 0.0110370296875 0.9485199671875 0.1375981484375 0.9413851281250001 0.21016911249999998 0.9280003125 0.298686059375 0.92586675 0.420591328125 0.9399340703125001 0.52984605625 0.9538541890625 0.6088737875 0.9516128984375 0.7955203625 0.9585260218749999 0.9471558437500001 0.946061203125 1 0.935585065625 1 0.907751353125
0 1 0.9438321328124999 0.849467821875 0.9749661312500001 0.7183492874999999 0.984506134375 0.548950671875 0.965144884375 0.40009008437500004 0.9444394984375 0.3161705578125 0.93397773125 0.24501464374999998 0.9331497578124999 0.1881608265625 0.938812615625 0.1060637984375 0.9489230359375 0.03032885625 0.9622710359375001 0.0461406828125 0.9624550234375 0.1819643359375 0.94980621875 0.300524325 0.9480249265625 0.4161595 0.9667605828125 0.57136375 0.989120215625 0.7001387890624999 1 0.7581050265625 1 0.90973783125 0.9914771234374999 1 0.971379384375 1 0.9438321328124999
0 1 0.9728546390625 0.8764861515625 1 0.9781971374999999 1 1 0.9945743874999999 1 0.9728546390625
0 0.5918849796875 1 0.5239991796875 0.9948934906250001 0.41152529375 0.9761946203124999 0.2706074046875 0.9587425187499999 0.16788035625 0.9622911625 0.2533805578125 0.972774009375 0.346805034375 0.9849268078125 0.427734975 1 0.5918849796875 1
0 1 0.6237059890625 0.640128659375 0.6484128499999999 0.40161205468750005 0.6677715562500001 0.27540645937499997 0.6916006718750001 0.1933987375 0.709616975 0.0861846515625 0.73524750625 0.0088913953125 0.764124596875 0.00902418125 0.7755362390625 0.0091818921875 0.7754615234375 0.1241914734375 0.7404337375 0.2362789921875 0.7259283062499999 0.3260610984375 0.6969313859375 0.47773608437500004 0.6876305765625 0.6609610921875 0.6723697875 0.9753230265624999 0.6491496390625 1 0.64943678125 1 0.6237059890625
0 1 0.6641291765624999 0.6879486703125 0.6790082281250001 0.4888907234375 0.6925016671875001 0.348322478125 0.7050979500000001 0.1827291078125 0.7411148843750001 0.0470894734375 0.7695782062500001 0.0091505703125 0.7863980781250001 0.0092980875 0.799075675 0.104053678125 0.7734019062499999 0.173647340625 0.7757921328124999 0.261830440625 0.7451988609375 0.38327570781250003 0.7197339234375 0.536494521875 0.70728753125 0.7830503453125 0.7022489359375 1 0.6865625359374999 1 0.6641291765624999
0 1 0.698115084375 0.7073844765625 0.718761290625 0.47655298281249997 0.7192361843749999 0.2161936859375 0.7636383796875 0.0475310484375 0.8075271296875 0.009558678125000001 0.8214707453125 0.009853520312499999 0.8468094296875 0.292207328125 0.774010840625 0.5038211015625 0.752755971875 0.9812380218750001 0.7472455140625 1 0.743623740625 1 0.698115084375
0 1 0.49964077968750004 0.523016934375 0.500010903125 0.3586546265625 0.50600321875 0.1944238171875 0.5230654578125 0.0445318875 0.54977981875 0.0065176999999999995 0.5601298140625001 0.0075653984375 0.6501687453125 0.16208161875 0.5969989515624999 0.3782928109375 0.563148753125 1 0.546174565625 1 0.49964077968750004
0 0.9838178396920669 0.40046219613299383 0.03236432061586605 0.030069308004454242
0 0.35770779073836034 0.5322158000477251 0.08811816534054513 0.054143154678545004
0 0.8059742100970411 0.7241253207749496 0.09763861600890848 0.06675224267981754
0 0.942102066756814 0.674934937460176 0.11515338001272682 0.09507723734881743
0 0.6970526487507689 0.6275583087603139 0.03800907733927232 0.04418635200509069
0 0.46310491008908683 0.6615498587284971 0.03201361600890866 0.06598862667090888
0 0.26790149809035946 0.6686521920353166 0.029960220003181704 0.023782945337363515
0 0.40511059675363237 0.6452521493873157 0.023819308004454243 0.0330852200031817
0 0.7346088347787676 0.8342173887650863 0.06642497867599957 0.06951361600890885
0 0.7222821047899034 0.91609409742995 0.03155908267027243 0.026926126670908702
0 0.6197298167965849 0.9602357100373847 0.11662497334499947 0.0795285799252305
0 0.9162020907463144 0.5973002861234489 0.02530908267027243 0.026853401336727246
0 0.5198179867520415 0.6348697274029058 0.05659544533736351 0.030342028007635947
0 0.988111537714816 0.7450388994668575 0.023776924570368153 0.04880112667090906
0 0.446288485399406 0.4918458860598154 0.06326361600890866 0.06635225334181775
0 0.74114645206077 0.45621965809990445 0.10058180267345414 0.05116360534690863