0 0.49302681249999997 1 0.4629780125 0.8978697015625 0.4354555203125 0.736600425 0.42116336875 0.5425502296875 0.4308083265625 0.4221809078125 0.4337491328125 0.015146853125000002 0.4055672921875 0.014162721875000001 0.39194501718749997 0.2815720046875 0.3953551140625 0.533085090625 0.3991974859375 0.71721624375 0.4240126390625 0.8660361703125 0.46809121875 1 0.49302681249999997 1
0 0.4469337234375 1 0.43471925312500004 0.9725031640624999 0.3973707984375 0.7799061296875001 0.3852776296875 0.5630256499999999 0.3777448 0.24227578906249997 0.3930667046875 0.0137261921875 0.36661946875 0.012802634375 0.34841131718749996 0.19579401093749998 0.354709578125 0.453640225 0.35692972031250003 0.640718615625 0.3760835796875 0.8259189250000001 0.41219754062499997 0.9556097156250001 0.42648125312499996 1 0.4469337234375 1
0 0.41217816249999994 1 0.399813621875 0.9593422640625 0.36549766093749997 0.8205824515625 0.3484274 0.6692376015625 0.3340907875 0.47671325781249996 0.3359121671875 0.25620710625 0.34053003125000003 0.045090803125 0.344593134375 0.012033457812499999 0.3137459171875 0.0109562484375 0.308138075 0.1562087453125 0.3046182328125 0.27700576718750003 0.3037612703125 0.4117779875 0.30642693125 0.58356666875 0.30879107031249997 0.660341053125 0.322695228125 0.762434034375 0.34407683125 0.8711806015624999 0.3717172359375 0.9757669140624999 0.380956203125 1 0.41217816249999994 1
0 0.37324161562499997 1 0.330830640625 0.851869109375 0.29765731562500003 0.6212589609375 0.2889373109375 0.3938878859375 0.2890053 0.180919709375 0.3009245171875 0.010508515625000001 0.2733984671875 0.009547284375 0.2521708453125 0.3392266734375 0.2625551625 0.5621166750000001 0.286943096875 0.7783241046875 0.3067914703125 0.8869636078124999 0.3419652875 1 0.37324161562499997 1
0 0.24906406875 0.999836596875 0.20040789375 0.8519540031249999 0.17212789687500002 0.7166813921874999 0.1420761375 0.5368515625 0.126714728125 0.379497190625 0.127542921875 0.004453896875 0.107220121875 0.0037442093750000003 0.1017372 0.288886078125 0.10753741718750001 0.4057366046875 0.12301673906249999 0.506408015625 0.138228690625 0.61625533125 0.1684586734375 0.78996875625 0.1902832671875 0.8834228328125 0.2449871828125 0.9995519187499999 0.24906406875 0.999836596875
0 0.2920498609375 1 0.24438450937499998 0.9224421078124999 0.19072600312500002 0.7103196390625001 0.1620397140625 0.43099202343750004 0.1730762265625 0.15750387187499998 0.17347424218750002 0.0060578546875 0.14223180468750002 0.00496684375 0.1342943875 0.2773702 0.1367660515625 0.4031802765625 0.1515927953125 0.5788838609375 0.1674731015625 0.6657940140624999 0.1853898625 0.7880878953125 0.23182244531250001 0.9322884625000001 0.2697819375 1 0.2920498609375 1
0 0.30392791875 1 0.263187075 0.8563377078125001 0.22734048437499998 0.7174710156249999 0.216156728125 0.522106309375 0.20535565625 0.26088255312499997 0.21415763124999998 0.0074785500000000005 0.1882155484375 0.00657263125 0.1789839703125 0.323390090625 0.1775923390625 0.4765115203125 0.19809867812499998 0.667932515625 0.210959659375 0.753100275 0.226750815625 0.8430699296874999 0.28658550312500003 1 0.30392791875 1
0 0.3340858859375 1 0.320367946875 0.9476659359375 0.2747374046875 0.7759402515625 0.2497257265625 0.581138934375 0.24642055 0.37866135624999997 0.2539818359375 0.22443917500000002 0.254618 0.00889145625 0.225738653125 0.0078829671875 0.22689439843749998 0.1536014421875 0.22022701093750002 0.43505508906249996 0.22846734687499998 0.5735256718749999 0.2424763515625 0.7246567609375 0.275408465625 0.91081916875 0.3052391109375 1 0.3340858859375 1
0 0.512748390625 1 0.50136425625 0.9495782921875 0.47958419843750005 0.8545957671875 0.4639974265625 0.704886065625 0.45853787968750004 0.5237077203125 0.45583807031249995 0.2477288359375 0.466997209375 0.016307901562499998 0.4455916796875 0.015560404687500001 0.4346846125 0.2891510796875 0.4352849 0.4791846921875 0.4324937984375 0.6276085109375 0.44726015625000004 0.752748134375 0.460585109375 0.874718778125 0.49277605312499995 1 0.512748390625 1
0 0.5330753390625 1 0.5308314249999999 0.99147211875 0.5209870859375 0.9080491687500001 0.5075311250000001 0.790664059375 0.48799198125 0.6713226171875 0.4914515125 0.4999590359375 0.48667063437499997 0.1901274734375 0.5061635625 0.0176756203125 0.473148553125 0.016522710937499997 0.46129490625 0.2710911 0.46576109531250004 0.4338135375 0.4697633109375 0.559733090625 0.47629219218749996 0.7042130171875 0.48917155156250003 0.84147596875 0.5183138203125 0.9997926234375001 0.5183925578124999 1 0.5330753390625 1
0 0.879804775 1 0.8764745859374999 0.9773028140625 0.8622585203125 0.8859141906250001 0.8268287609374999 0.78537865 0.8327283328125 0.6356377234374999 0.83905505 0.41851189375000003 0.8427189625 0.187408265625 0.8212442421875 0.039587371875 0.7959397921875 0.037820428125 0.8146541218750001 0.308022934375 0.8006166640625001 0.6318638890625 0.801510484375 0.7590979515625 0.8294182625 0.8545083609375 0.8580248953125 1 0.879804775 1
0 0.8434508671875 1 0.8353993046875001 0.9652426671875001 0.7923241140624999 0.7584564921875 0.7760874390625 0.683776546875 0.781494278125 0.5508561984375 0.782767815625 0.2966044296875 0.7876400625 0.1820306921875 0.7718504046875 0.03613833125 0.750007521875 0.0346131 0.766591453125 0.27249104375 0.7636378265625 0.47912887499999995 0.758959575 0.6396812187500001 0.7587106546875 0.7009497171875 0.7913597015625 0.8441904234375001 0.81161173125 0.93906625 0.827372265625 1 0.8434508671875 1
0 0.9068658515625 1 0.8926613375000001 0.895697546875 0.8750276453125 0.81632536875 0.866758546875 0.7314782484375 0.8756748390625001 0.58347953125 0.89089446875 0.4297921109375 0.8914970500000001 0.19847732499999998 0.8773303453124999 0.043503715625 0.8407904171875 0.040952228125000004 0.8615110625 0.2270251203125 0.8537139546875 0.49461322812499997 0.839849409375 0.6545215125 0.83930175 0.7785891953124999 0.8670758421875 0.8785875546874999 0.8894249390625 1 0.9068658515625 1
0 0.9219363015625 1 0.9183805953125 0.9082169859375 0.9066491843750001 0.8369199625 0.906080440625 0.751076371875 0.9217613625000001 0.634194253125 0.9370858406250001 0.5295449421875 0.9362523296875 0.45287743750000004 0.9461016703125 0.2727680703125 0.9365980015625001 0.12501730312499998 0.9226556265625 0.046668659375 0.8960983046875001 0.0448142328125 0.9233859609374999 0.2098960125 0.91992650625 0.3812569953125 0.9124516921874999 0.5324220921875 0.8909759390625 0.6902673453125 0.88785708125 0.7973031078124999 0.9045551234375001 0.90878575625 0.9149341296875001 0.9738594953125 0.9176375953125 1 0.9219363015625 1
0 0.9371863984375001 1 0.9372330078125 0.9984003984375001 0.9272838218749999 0.8659393390625001 0.927564184375 0.7510449640625 0.94765876875 0.6405998875 0.9719310828125 0.49214188124999997 0.9869279546874999 0.34609931562499996 0.979935103125 0.16481650781249998 0.956595390625 0.049038584375 0.9304002796875 0.0472094484375 0.9629306140624999 0.22184928125 0.9699495499999999 0.349511046875 0.9483401125 0.511944253125 0.9257766453125 0.6543927359375 0.9142288421875 0.7347929734374999 0.9122239328124999 0.8035992640625 0.91674504375 0.859074596875 0.9251452265625 0.939333584375 0.93464398125 1 0.9371863984375001 1
0 1 0.14620086875 0.97830315625 0.0505543796875 0.9580961484375001 0.049143378125 1 0.2599240390625 1 0.14620086875
0 1 0.284353803125 0.9923401796875 0.37099263125 0.9767195687499999 0.5384413078125 0.9567140562500001 0.6458294828125 0.9374346062500001 0.7808468703125 0.9391330703125 0.880556 0.9507280140625 0.79862749375 0.9640737406250001 0.709160828125 0.989074721875 0.58833221875 1 0.4962252078125 1 0.284353803125
0 0.7501258203125001 1 0.7236008234375 0.905342165625 0.7114527328125 0.7957087921875 0.6848973609375 0.706521665625 0.6784576296875 0.558982240625 0.666781215625 0.3804355140625 0.6496164953125 0.0743339015625 0.6509753953125 0.027697948437499998 0.6242490328125 0.0258317171875 0.64323478125 0.398709434375 0.6579436109375 0.63109598125 0.6788797703125 0.7551296562500001 0.6949356203125 0.8359258234375 0.7179369999999999 0.941719765625 0.7380849484375 1 0.7501258203125001 1
0 0.7731802812499999 1 0.7551787328125 0.927434015625 0.758669734375 0.8602630578125 0.7305418015625 0.772497684375 0.707941403125 0.652942484375 0.69848235 0.503660665625 0.6977736250000001 0.26462255468749996 0.6849833828125 0.030072635937499998 0.6638429218749999 0.028596453124999997 0.6736646656249999 0.3548379546875 0.68336225625 0.5485699281249999 0.6931803578125 0.6856191218750001 0.725250196875 0.8487374890625 0.750513471875 0.982267890625 0.7578037656250001 1 0.7731802812499999 1
0 0.8189101750000001 1 0.758950096875 0.74536868125 0.7419505328125 0.5388717359374999 0.744689003125 0.07634662343750001 0.7373201609375 0.033727175 0.6962016906249999 0.030855981249999997 0.71248065625 0.339161828125 0.7090368984375 0.5626204203125 0.7476224499999999 0.81812388125 0.7872615640625 0.9848339125000001 0.7924129890625 1 0.8189101750000001 1
0 0.6307086234375 1 0.5853737828125001 0.8573542296875001 0.556257671875 0.64541393125 0.5501247453125 0.0206558140625 0.5087275484375 0.017765157812499998 0.505635896875 0.0176571953125 0.49757753749999994 0.5003555453125 0.50059956875 0.65991401875 0.5143412765625001 0.8202184140625001 0.5376702625 0.9674056125 0.5457972328125 1 0.6307086234375 1
0 0.40878010236113216 0.0462996581595188 0.029878397540671918 0.033849210344286264
0 0.5264060231203423 0.6627828084296713 0.05363406010845857 0.08935516587924912
0 0.7192459454506863 0.24460327122102826 0.06617951190385671 0.09760417549789598
0 0.6739283793902994 0.10789195570459886 0.09440450585373253 0.11577382213985135
0 0.6237385236113215 0.34202885352768064 0.04241475897699054 0.04053571996293313
0 0.6531907160369459 0.571136000169636 0.0642533975406721 0.035049611795565025
0 0.6566343994855796 0.7602803457231323 0.023601126463433174 0.028943455534962935
0 0.6355446737842723 0.6259772675928312 0.031386355386194255 0.02452877404661713
0 0.8243606923274284 0.3216965392771956 0.06912270472226431 0.06646330290255768
0 0.9033578459182244 0.3400770062449038 0.026753397540672096 0.03374008293962456
0 0.9523771288993199 0.4417684810171603 0.0912795058537327 0.11566469473518967
0 0.598274394417414 0.12712061614155235 0.026717036104353477 0.02749008293962456
0 0.6278634631100796 0.5140129809323424 0.030023843285945873 0.05884921034428618
0 0.7431505571815924 0.057195040458321945 0.04871930113146803 0.05012897477225653
0 0.48839696301188373 0.5739732795737307 0.0644170240041051 0.06317461179556502
0 0.4585993369412341 0.2854911329317753 0.050572692622015934 0.10018353847458741