0 0.750534653125 0 0.6525840656249999 0.42159080156249995 0.632138834375 0.55040580625 0.568556375 0.75107424375 0.4996606234375 0.9141753046875 0.46658627812500003 0.9728244437500001 0.49856700624999994 0.970961778125 0.5476706734375 0.889843053125 0.61064998125 0.739196109375 0.6610087015625 0.5465060109375 0.7279094640625 0.2828708015625 0.780500253125 0.002992909375 0.7611052265625 0 0.750534653125 0
0 0.663802596875 0.58034780625 0.5967216296875 0.8055350812500001 0.5231824265625 0.9695280937499999 0.5473991890625001 0.968117628125 0.606967234375 0.85890334375 0.6733077984375 0.6686794546875 0.7227447625 0.47251031406250005 0.7942057515625 0.20289383593750002 0.8212243687499999 0.0092771765625 0.7935879546875 0.0050125140625 0.75238721875 0.244885428125 0.663802596875 0.58034780625
0 0.8761589765625001 0.0177543109375 0.84418589375 0.012820443749999999 0.8402826140625 0.046296134375 0.7918031953125 0.269341565625 0.738087090625 0.5016035249999999 0.674843640625 0.70065729375 0.6191755 0.8557749328125 0.5624129234375 0.9672431781249999 0.6014426937499999 0.9649699515625001 0.6284023375000001 0.9139954546875 0.6777565171875 0.8046755703124999 0.7177602624999999 0.7005977624999999 0.739539571875 0.6204333703125 0.7855794875 0.440443928125 0.81867345625 0.29854670625 0.8455119671875 0.1707182703125 0.8761589765625001 0.0177543109375
0 0.8053012624999999 0.42511068593749995 0.7390373 0.662118478125 0.6468633421875001 0.8967978343749999 0.6093076 0.9645118734375 0.6493418390625 0.9621801453125001 0.662685221875 0.9393321515625 0.7104390453125 0.8297653109375001 0.789966984375 0.6081685890624999 0.8568092421875001 0.37626234531249997 0.918205590625 0.024242659375 0.88954191875 0.0198194765625 0.8589164874999999 0.2011851140625 0.8053012624999999 0.42511068593749995
0 1 0.34442870625 0.9753983234374999 0.4480192609375 0.9199688890625 0.6098558671875 0.8437989124999999 0.791877975 0.7806790625 0.92746914375 0.763699771875 0.955519553125 0.787474996875 0.9541348046874999 0.8290899250000001 0.869790925 0.9039009671875 0.6942412484375 0.9472014546875 0.5823173749999999 0.988463253125 0.480103525 1 0.4405177328125 1 0.34442870625
0 1 0.135340996875 0.9837831640625 0.20374978124999998 0.926167740625 0.49387654531249997 0.8263175921875 0.780828421875 0.7353683828124999 0.95716966875 0.75724250625 0.9558956468750001 0.8121896171874999 0.8638433390625 0.8614032546875 0.7394676796875 0.8996075953125 0.6518161109375 0.95911383125 0.4705622140625 0.9933643921875 0.3388680859375 1 0.307263525 1 0.135340996875
0 1 0.0368646171875 0.9799775875 0.03377489375 0.9245989937499999 0.3048706375 0.847665903125 0.57698234375 0.7869418546875 0.77976169375 0.715151325 0.91735735 0.6917982859375 0.9597073375 0.72525115 0.9577589312500001 0.755885996875 0.911951646875 0.7947700953125 0.8210624875000001 0.829436846875 0.7345348406250001 0.8987334109375 0.5380878124999999 0.93590418125 0.37677330000000003 1 0.0714930203125 1 0.0368646171875
0 0.8527693828125 0.4190713796875 0.7983371546875 0.6311764375 0.723565196875 0.8301210265625001 0.65363344375 0.9619301874999999 0.6941143890625 0.9595724406249999 0.7695983578125001 0.7837674953125 0.8220712156250001 0.628156784375 0.8654329265625 0.48450436249999995 0.9295397937500001 0.18702735937499998 0.9679959046875 0.0319259625 0.9378318296874999 0.027271246875 0.883886459375 0.2551528796875 0.8527693828125 0.4190713796875
0 0.7151635796875 0 0.6708749187499999 0.23230700624999998 0.598535703125 0.52183151875 0.5472618140625001 0.7110379078125 0.49352818750000005 0.86478424375 0.44723475781250005 0.959539515625 0.44075794999999995 0.972906784375 0.44744788281250003 0.973939128125 0.46501070312500004 0.9729162109375 0.5079520515625 0.890396078125 0.5523721875 0.765283559375 0.5990703015625 0.6371772359375 0.6336207890625001 0.480473528125 0.68214044375 0.28081750781250003 0.7380458296875 0 0.7151635796875 0
0 0.6745261921875 0 0.653755325 0.16451657343749998 0.57074698125 0.48914500156249996 0.5310997671875 0.6701237609375 0.48096552656249997 0.7910148734375 0.437566875 0.91127555 0.41646670312499995 0.9691583234375001 0.4331998546875 0.9717404703125 0.48699708125 0.8487423203125 0.534814840625 0.7074473515624999 0.5779351265625 0.5570755453125 0.61378390625 0.42562520312499996 0.65938606875 0.2555899875 0.7085403421875001 0 0.6745261921875 0
0 0.3198962984375 0 0.2890713640625 0.0781700125 0.2345746203125 0.3220059484375 0.186333909375 0.5517703468749999 0.15464125312500002 0.7105877203125 0.09294098125 0.8079806609375 0.0553155125 0.9007310281249999 0.05057795625 0.9126968625 0.0742050921875 0.916342840625 0.1345577515625 0.7826618421875 0.187247178125 0.68889355625 0.22023754687500002 0.5553323015625 0.2874663890625 0.2115621390625 0.353512846875 0 0.3198962984375 0
0 0.37718527812499997 0 0.34694776875 0.0854312828125 0.32306583125 0.20703382499999998 0.2602809546875 0.47464665625 0.23232279218750002 0.6156637375 0.1968357421875 0.6903731984375 0.10050623750000001 0.897682775 0.09013229687499999 0.9188006203124999 0.1076131875 0.9214981515625 0.1315151 0.8757393234374999 0.1762136046875 0.780737934375 0.245825478125 0.6377937765625 0.26101459843749997 0.5733191796875 0.296685890625 0.4034213234375 0.34574418125 0.185474690625 0.403736321875 0 0.37718527812499997 0
0 0.2625451578125 0 0.23622601250000003 0.078370071875 0.17853456406249998 0.3217101828125 0.1554111265625 0.4868622078125 0.127253340625 0.6445552343750001 0.0973795125 0.7318224890625 0.0592760515625 0.811137671875 0.0219395484375 0.908277578125 0.04083759375 0.911193796875 0.0898444421875 0.79914803125 0.1435532140625 0.7005247359375 0.1742661859375 0.5699545328125 0.2003483375 0.39857978437499997 0.2598006859375 0.11541577343750001 0.30104165312500003 0 0.2625451578125 0
0 0.2055647328125 0 0.16146468125 0.14367366718750002 0.12616992031250002 0.335345846875 0.10598825468749999 0.4157567765625 0.095333928125 0.5293758953125 0.081961734375 0.655939875 0.0597386625 0.7460604046875 0.029727584374999998 0.8182695546875 0.005247190625 0.9057017281249999 0.010303857812500001 0.9064820375 0.016717117187499998 0.8880926546874999 0.043771621875 0.8221093984375001 0.0890093390625 0.70881464375 0.11279039375 0.5955484890625 0.130542034375 0.42455805625 0.1609772171875 0.2638739765625 0.2006238515625 0.082897965625 0.23514679218749998 0 0.2055647328125 0
0 0.16412436875 0 0.15395793124999999 0.0222425859375 0.1010842609375 0.21119926718749998 0.07965934531249999 0.368261440625 0.0671438171875 0.5300380984374999 0.05992348125 0.6508692578125 0.031248621875 0.7717321890625 0 0.86987303125 0 0.8861302406249999 0.0149419921875 0.8493986015624999 0.043793759375000005 0.7669859375 0.062417446875000004 0.7097206328125 0.07770473125 0.6369092281250001 0.086121896875 0.549670575 0.09887613437500001 0.394612884375 0.11764712031249999 0.21876744375 0.15703077031249998 0.08619275625 0.1949418984375 0 0.16412436875 0
0 0.137131634375 0 0.06911785468750001 0.206266428125 0.0378192515625 0.46537374531250003 0.033016278125 0.5982723765625 0.024158640624999998 0.6954648390625 0.0154046 0.784321334375 0.0422821953125 0.6798878109375 0.056533192187500005 0.5334130484374999 0.06307434843750001 0.415816725 0.08925524375 0.2361024203125 0.1059632609375 0.1250872875 0.16274374687499998 0 0.137131634375 0
0 0.516691509375 0 0.5157328890625 0.0045657859375 0.42095674843750003 0.3223688203125 0.3639666171875 0.5073506296875 0.3201665765625 0.660960028125 0.2704337234375 0.7485024203124999 0.230331234375 0.8609197843749999 0.19018935625 0.93424074375 0.20448818906250002 0.9364472421875 0.226973271875 0.9004943984375 0.2772453359375 0.7946586421874999 0.3140886046875 0.71347633125 0.366839253125 0.5879794984375 0.440513125 0.3471028453125 0.54213901875 0 0.516691509375 0
0 0.47569000937499994 0 0.418347096875 0.19333863125 0.3573631203125 0.44449137812500006 0.310025490625 0.599224703125 0.2566959671875 0.7196227375 0.20570778125000003 0.8053015921875 0.1923577265625 0.8767421125 0.1650091609375 0.9303551078125001 0.1842790171875 0.9333287 0.24290758281249997 0.801020234375 0.316935846875 0.637041365625 0.36155832499999996 0.4952533203125 0.42034572187499997 0.2938421046875 0.4999667921875 0 0.47569000937499994 0
0 0.41401617343749997 0 0.3038809671875 0.47131885625000003 0.23438264062499997 0.6844386609375 0.116230784375 0.9228279609375001 0.14603255625 0.9274267671875001 0.2276667140625 0.7635878859375 0.33166969062499996 0.504005375 0.38446519375 0.26825886875 0.4635396046875 0 0.41401617343749997 0
0 0.62422835 0 0.4675779890625 0.6268767765625001 0.384273753125 0.84287845625 0.31847721562500003 0.954037253125 0.406371346875 0.9676004765625 0.46652703281249996 0.8204907406249999 0.5210380031249999 0.6551727578125 0.564360628125 0.48812542499999995 0.6730362046875 0 0.62422835 0
0 0.76953125 0.030961158626614332 0.0375 0.04280912628012438
0 0.49375 0.6532735873116957 0.0703125 0.10409523677523325
0 0.4015625 0.16645539775033477 0.0859375 0.1175052893919517
0 0.48125 0.05255803967430037 0.11875 0.10511607934860075
0 0.47421875 0.2919111530825938 0.0515625 0.049878173635170955
0 0.3875 0.5258681951053814 0.071875 0.049498742036904984
0 0.3359375 0.7241838687405524 0.03125 0.03775760523343692
0 0.39140625 0.5873594319512018 0.0390625 0.03352513154179633
0 0.2734375 0.2231365792074264 0.084375 0.0861642841302798
0 0.18828125 0.22497136596854217 0.034375 0.039502115756780753
0 0.11171875 0.3200556237904628 0.115625 0.1426718893637169
0 0.55546875 0.07233512947565765 0.0328125 0.031598610495108835
0 0.4265625 0.47124931356358524 0.0421875 0.06651964206513998
0 0.55546875 0.5684288794756577 0.0796875 0.08120376834526422
0 0.65859375 0.27179753220531566 0.0703125 0.11503273677523325