0 1 0.45576514218749997 0.835431778125 0.4147992171875 0.6832913046875 0.4010086140625 0.49711575156250004 0.4112427046875 0.24295137968749997 0.42709012812499997 0.010631909375 0.45679019062500004 0.011339353125 0.4871848234375 0.38788230625 0.45578744687499995 0.50865394375 0.43674313906249995 0.7056457453125 0.4363668203125 0.8705618656249999 0.45195276875 1 0.47982043281250003 1 0.45576514218749997
0 1 0.4140716796875 0.9249483359375 0.39591424375 0.7912505046875 0.36917253906249997 0.6028190765625 0.363928671875 0.41379293749999996 0.3760376359375 0.1530133484375 0.3894363109375 0.009656740625 0.41489297187499996 0.010319351562499999 0.44336145 0.2021907046875 0.4156768125 0.5265663593750001 0.39870258125 0.74643635 0.394338515625 0.9437328656249999 0.4175043859375 1 0.43770288281249997 1 0.4140716796875
0 0.94218645625 0.3532289671875 0.8344826984375 0.3331706890625 0.7230601046875 0.31979227187500003 0.6189288765625001 0.3135017828125 0.541243509375 0.3169945234375 0.367618090625 0.3274766890625 0.23163145312500003 0.33869629218749997 0.1099573921875 0.3515488890625 0.0084547125 0.36324890781249997 0.009126909375 0.3921292140625 0.2130398859375 0.37209531875 0.43550077500000006 0.3533124109375 0.6309556484375001 0.353098440625 0.7850499 0.3588245390625 0.9277647484375 0.3830426734375 0.9980978593750001 0.39885861875 0.99369241875 0.36863207343750004 0.94218645625 0.3532289671875
0 0.7363538765625 0.2822395875 0.5162185828125 0.2740576078125 0.2904132953125 0.280619715625 0.007463878124999999 0.3206786640625 0.0081152015625 0.34866215624999997 0.13343290624999998 0.33020803593750003 0.34841894687499997 0.313785796875 0.578619990625 0.30518826875 0.8139699015625 0.321192325 0.9921707859375 0.3581918859375 0.9875526593749999 0.3265060671875 0.8475505765625 0.294068103125 0.7363538765625 0.2822395875
0 0.7390046390625 0.1609375046875 0.5613181093749999 0.1435556578125 0.44925839375 0.136531575 0.34644120312500004 0.1285311921875 0.22803495625 0.131609390625 0.0035625171875 0.15306023124999998 0.0040704640625 0.174883740625 0.3214261375 0.15003467343750002 0.481455690625 0.1535627265625 0.6653030296875 0.170293796875 0.8040337375 0.188645746875 0.9736119703125 0.23085644843750003 0.9733574468749999 0.22911011874999998 0.8350235109374999 0.17594036562499998 0.7390046390625 0.1609375046875
0 0.7384069265625001 0.1782879828125 0.6135745640625 0.1694709109375 0.5246185453125001 0.160006353125 0.3461065578125 0.158430625 0.218911425 0.1655793859375 0.004381346875 0.18824049375000002 0.005160846875 0.22173102656250002 0.10088647656250001 0.21419496875 0.3761245671875 0.1819790109375 0.6603099484375 0.1896823265625 0.8785706640625 0.22792373281249997 0.9809168125 0.2809763078125 0.9773426984375 0.25645365 0.88754526875 0.21440166249999998 0.7384069265625001 0.1782879828125
0 0.7050517593750001 0.20695947343749999 0.6180866953125 0.2004294640625 0.4232715640625 0.19428882187500002 0.268802490625 0.2074607484375 0.005476115625 0.235276275 0.0060866671875 0.26150803749999996 0.20772760156249997 0.2390603125 0.47226281875 0.2299782 0.6703427640624999 0.226342084375 0.8132831234375001 0.2521074875 0.9817422796875 0.28663998749999997 0.9794083953125 0.27062677343749997 0.7970894937499999 0.2160985046875 0.7050517593750001 0.20695947343749999
0 0.8692212421875001 0.260343828125 0.678759834375 0.24117189843750003 0.5251166046875 0.238540340625 0.3846974234375 0.2407989421875 0.101082440625 0.2691864921875 0.0064153015625000006 0.2756275359375 0.0070878406249999994 0.3045225125 0.1746745328125 0.29127426875 0.3297807265625 0.27174800781249997 0.5344357140625 0.25955923593749997 0.733009475 0.270018790625 0.90987278125 0.3032038453125 0.986204940625 0.317259128125 0.9820912625 0.28903441875 0.8692212421875001 0.260343828125
0 1 0.4786992 0.847007146875 0.4512987046875 0.722853934375 0.44712316406249997 0.59539088125 0.44172615625 0.445771584375 0.455959559375 0.2538866234375 0.4699415953125 0.011595284375 0.49818070625 0.012099221875 0.5198319015624999 0.21369634999999998 0.49461914531250006 0.49250435000000004 0.47617125156249995 0.6758233171875 0.4678073234375 0.8281528937499999 0.472151409375 0.925711315625 0.48699164531249994 1 0.49803581250000006 1 0.4786992
0 1 0.5069944859375 0.9777050828125 0.5003605765625 0.81564516875 0.4829018328125 0.676088621875 0.48035337031249997 0.529734521875 0.48481264687500003 0.40231125937499995 0.490414415625 0.2376998546875 0.49837065625 0.0122471171875 0.5261860796875 0.0123494171875 0.5305813078125 0.0162727703125 0.5575001515625 0.1579170234375 0.5303752734375 0.4710591953125 0.511442796875 0.6437848078124999 0.4947686453125 0.76576135 0.5054611437500001 0.88529553125 0.510121925 0.9702674109375 0.5137202984375 1 0.5192241125 1 0.5069944859375
0 1 0.8450881906250001 0.8549463953125 0.82767146875 0.7564851640625 0.8066368890625 0.627973759375 0.8154984546874999 0.302135140625 0.8546305078125 0.059801574999999996 0.8561592734374999 0.0638850921875 0.8841770265625 0.18253123437500002 0.892412571875 0.4155486875 0.8709434703125 0.6342509484375001 0.84784165 0.78496100625 0.830348178125 0.8891740546875001 0.8586333093749999 0.9825232093749999 0.8660627234374999 1 0.8673008828125001 1 0.8450881906250001
0 1 0.8141198468749999 0.9389392624999999 0.8030829359375 0.8416059703125001 0.7897873359375 0.6944957515625 0.7676072546875 0.6326643625 0.7725648265625 0.4709463359375 0.789647325 0.262572509375 0.8085159578125 0.0530363984375 0.8097421468749999 0.0564341296875 0.8330546125 0.1728702359375 0.8368524359375 0.288157975 0.8231033421875 0.5447271453125 0.8022859499999999 0.6784947015625 0.7865848093750001 0.7551317156249999 0.797350640625 0.9671922140625 0.825246678125 1 0.83031250625 1 0.8141198468749999
0 1 0.87678764375 0.88214799375 0.8640914265624999 0.779065496875 0.8435449984375 0.65386131875 0.8536283062500001 0.4934993578125 0.8799967750000001 0.223968440625 0.908467696875 0.066605840625 0.9028445843749999 0.0718961859375 0.9391426125000001 0.1974536203125 0.9411325765624999 0.43091947656249996 0.92275829375 0.5848973515625 0.8954904203125 0.733616840625 0.8750650328124999 0.8199053749999999 0.8769532343750001 0.9013865453125 0.8887784609375 1 0.89473510625 1 0.87678764375
0 1 0.9059118515625 0.9820024640625 0.9054110312500001 0.9155130187499999 0.89986033125 0.8016882437499999 0.8914516046875001 0.6938753515625 0.9028400296875001 0.5361808781249999 0.9367848546875001 0.3841541640625 0.955988496875 0.21143116874999998 0.9726623734375 0.075007734375 0.9604915171874999 0.0789801796875 0.98774719375 0.1267613859375 0.9926064671875 0.276645984375 0.9909191109375 0.4577094625 0.9670798546875 0.5351693171874999 0.9620398453125001 0.6396351890624999 0.9384309015625 0.756422684375 0.913520409375 0.8431254499999999 0.9075067296875 0.9160012171874999 0.913953921875 1 0.910849628125 1 0.9059118515625
0 1 0.9226352656250001 0.9479332093749999 0.918439028125 0.866266321875 0.9160653062499999 0.8099165921875 0.9157305718750001 0.7406107375000001 0.9230514453125 0.6603340875 0.9409603921875 0.518266225 0.974828321875 0.399607890625 1 0.5014133125 1 0.64809166875 0.9642568624999999 0.75804181875 0.9353553343750001 0.8740060890624999 0.9262480515625 1 0.9261913187499999 1 0.9226352656250001
0 0.63436444375 1 0.718565253125 0.9756737453125 0.8078563000000001 0.955241503125 0.8896721140625001 0.937167296875 0.7888852859375 0.9430976031249999 0.6540667625000001 0.9730575937499999 0.5533061453125 1 0.63436444375 1
0 1 0.725060959375 0.9344198890625 0.7076837109375 0.8258534984375 0.6924325 0.74305605625 0.682320075 0.6162353609375 0.670568178125 0.3805110125 0.6734647796875 0.0344208328125 0.6820173390625001 0.037989259375 0.7065009703125 0.0535444578125 0.7048578531249999 0.3638728390625 0.69879666875 0.5450129015625 0.696952609375 0.6944487140625 0.6921678046874999 0.7865236234374999 0.7123058890625 0.8981319359375 0.7162328015625 1 0.7367818625 1 0.725060959375
0 1 0.7449288890625 0.9778564218750001 0.737675478125 0.8411162843750001 0.7222554437500001 0.6739840859374999 0.7021903093749999 0.5348785578124999 0.7027363859375 0.3385610515625 0.707757421875 0.0401579015625 0.7213804234375 0.0433857171875 0.7435270578125001 0.24934121718750002 0.7391851218750001 0.49070452812500004 0.7215503812499999 0.6421312953125 0.7197001265625 0.7645588546875 0.7334871640625 0.8553193421874999 0.755332509375 0.922860140625 0.74662699375 1 0.7597749984375 1 0.7449288890625
0 1 0.779158840625 0.98327059375 0.7748231062500001 0.8119309781249999 0.7473416125 0.5510353953125 0.727748946875 0.325718684375 0.7484072796875 0.045030507812499995 0.754812271875 0.0516504640625 0.8002330000000001 0.0628818046875 0.8013192390625001 0.5295902406249999 0.7630204921875 0.7393550703125 0.76443979375 1 0.8056608000000001 1 0.779158840625
0 1 0.531703271875 0.9464977890625 0.52251815 0.7961197578125 0.5101124687499999 0.63323661875 0.5084569343750001 0.47193020468749997 0.517637828125 0.0166334765625 0.5599750296875 0.023309871875 0.605783003125 0.6228756359375 0.5661320187500001 0.8390665796875 0.579446590625 1 0.617766434375 1 0.531703271875
0 0.017759689398264274 0.4610602309252766 0.014789851823611139 0.031495461850553144
0 0.6387456430454865 0.5343741891190863 0.09520470364722229 0.06413641233702042
0 0.23015646551816035 0.7623029512972461 0.10330814437666672 0.07677278003177221
0 0.09418194471659783 0.7247875401780418 0.11966049620027788 0.10829551542127547
0 0.3222329031134728 0.6584842504037418 0.04327852773541672 0.047611385551659245
0 0.5544278072737853 0.6695656209378673 0.040626306420763925 0.06786933847375849
0 0.7462879989531602 0.6588577662287591 0.03343074905006951 0.027135244317957153
0 0.6086061609972575 0.6486451948011291 0.027398954597152782 0.03640115016215582
0 0.316858991353716 0.8637757224005647 0.07365701196784728 0.07781708279171581
0 0.34133362091274383 0.9422961887153445 0.03506598423243066 0.03028751785690744
0 0.4481473185760424 0.9641148672877147 0.12525587955902787 0.07177026542457057
0 0.10335561654434082 0.6491972049506942 0.02881598423243057 0.030178423701106107
0 0.49616071238402826 0.6490252499967047 0.06021145459715278 0.03697389448011297
0 0.059208839093264555 0.7991466120127088 0.02300239532659727 0.04881932954530477
0 0.545085908813056 0.5030639135515411 0.0703865416031249 0.07151253571381488
0 0.2520262398351046 0.49404387499835234 0.10294446846486113 0.061147780031772035