0 0.1714877797743924 0.47291416642740325 0.052328787427387446 0.051746038474587405
0 0.22285122663123924 0.4836408461016505 0.04742296360606986 0.04689484736759475
0 0.11758583787994423 0.5420932415624795 0.04110018899896399 0.045114092558271326
0 0.08184092886476957 0.42987598375793123 0.033360463606069854 0.04640377404661713
0 0.051393603595709936 0.4818030715068792 0.05901543507002258 0.061339293283910835
0 0.05288763709415595 0.5474826352092099 0.034340766749223 0.033958337748947895
0 0.3854501640625 0 0.1862660078125 0.0535164046875 0.56770975 0.42685087031249996 0.6198637546875 0.41830743125 0.5875124265625 0.2246392875 0.39122115 0 0.3854501640625 0
0 0.651243184375 0 0.64932286875 0.016610334375 0.6680933953125 0.2494771140625 0.71185631875 0.552197721875 0.773101109375 0.6834108734375001 0.8593441500000001 0.6602392640625 0.8285308765625 0 0.651243184375 0
0 0.8099722752262783 0.21977419810893267 0.05861732878371626 0.08628472958157989
0 0.7793300891227986 0.06590515364389551 0.02958049214211709 0.032232146641955416
0 0.7055993366415991 0.03101929918954257 0.0405565334984459 0.06203859837908514
0 0.3520088484375 0.5039471453125 0.34340786562500003 0.5609499953125 0.42986665625000003 0.5678009953125 0.5495806296875 0.508290503125 0.44227540468750004 0.397656571875 0.3012834984375 0.2933389140625 0.3520088484375 0.5039471453125