0 0.9859375 0.3796875 0.02734375 0.075
0 0.8328125 0.41015625 0.03984375 0.03984375
0 0.7875 0.4328125 0.03515625 0.03515625
0 0.9 0.46015625 0.0296875 0.03515625
0 0.90390625 0.3484375 0.02265625 0.0375
0 0.9453125 0.3890625 0.0453125 0.04765625
0 0.96015625 0.4484375 0.025 0.02734375
0 0.7275 0.0025 0.525 0 0.3875 0.28500000000000003 0.40750000000000003 0.47000000000000003 0.4575 0.465 0.7275 0.0025
0 0.32 0.3275 0.27749999999999997 0.11000000000000001 0.2325 0 0.0775 0.0025 0.25 0.75 0.335 0.75 0.35750000000000004 0.615 0.32 0.3275
0 0.1828125 0.33515625 0.03515625 0.075
0 0.17109375 0.1875 0.02265625 0.025
0 0.22890625 0.13515625 0.02265625 0.06015625
0 0.6975 0.5325 0.675 0.48250000000000004 0.6675 0.27749999999999997 0.5650000000000001 0.40750000000000003 0.495 0.5349999999999999 0.62 0.5599999999999999 0.6975 0.5325