0 0.8675138851189648 0.36411035511944057 0.04933161465389233 0.04769320616851021
0 0.8213316039113003 0.39306719805742596 0.04439845318850324 0.04292388555165925
0 0.9490405240831169 0.4127330414024484 0.03962906603337331 0.0412795649348082
0 0.9378429952503016 0.2885961120192994 0.03033595318850324 0.042678423701106104
0 0.9801865462456698 0.3284165426202644 0.03962690750866038 0.05709547970746058
0 0.9994212251239137 0.39449551015286033 0.0011575497521725709 0.03311250892845372
0 0.45165369218749996 0 0.3593468796875 0.268130809375 0.40651902968750003 0.47099826718750004 0.46105817499999996 0.46062028593750004 0.6625909531249999 0 0.45165369218749996 0
0 0.002735815625 0.052202464062499995 0.2705520203125 0.7962272953125 0.3644211359375 0.7879946671875 0.3709633546875 0.6363634734375 0.2905665984375 0.321718178125 0.21413986562499998 0.08505076875 0.177429071875 0.0183364359375 0.0017683671875000002 0.0337424578125 0.002735815625 0.052202464062499995
0 0.13997206128367515 0.3431851639618735 0.04989818068726608 0.08829093262955982
0 0.10723704715018097 0.18110790381560377 0.028118355947465278 0.03015115016215577
0 0.163295617367426 0.11679025933549084 0.033208647670579336 0.06770569724005644
0 0.6675458125 0.232708671875 0.5719782125 0.3865529640625 0.5119627546875 0.53448185625 0.6533954734375 0.5500513375 0.7352531234375 0.512101196875 0.7036256062499999 0.4589278421875 0.6675458125 0.232708671875