0 0.73828125 0.9285182096207831 0.0796875 0.03513116943775678
0 0.675 0.7889532559390018 0.0484375 0.04984688730530316
0 0.64140625 0.7500869842313894 0.04375 0.04502299498543501
0 0.63984375 0.869663698338012 0.0421875 0.040290030878812645
0 0.75234375 0.8437340326611789 0.0421875 0.032477530878812645
0 0.721875 0.8961830827403213 0.059375 0.05797763605166182
0 0.665625 0.9267260405787379 0.0328125 0.03220474623907634
0 1 0.41393516874999997 0.98988554375 0.3704189453125 0.6968329578125 0.3126065328125 0.5156376578125 0.3808719203125 0.5322555984374999 0.42945410468749995 1 0.56131260625 1 0.41393516874999997
0 0.77233424375 0 0.1978506375 0.2968433296875 0.2175628421875 0.38165270625000003 0.358388984375 0.36884883125 0.638487675 0.256356209375 0.8471114562500001 0.1571543484375 0.9267044015625 0.0985897328125 0.903789234375 0 0.77233424375 0
0 0.59921875 0.12162701511020177 0.084375 0.055580061757624755
0 0.74453125 0.07130510319429244 0.0296875 0.028988818025830955
0 0.8109375 0.11546662866282849 0.065625 0.0394094924781526
0 0.7693010703125001 0.5900200765625 0.614944790625 0.5216976796874999 0.47063679374999995 0.48514955625 0.4745127015625 0.6163976390625 0.5201094890625 0.6865425859375 0.5651168125 0.6510362234375 0.7693010703125001 0.5900200765625