0 0.47823231980607217 0.14490333846673814 0.05087275324641087 0.051746038474587405
0 0.4898322930207109 0.196902348085385 0.04610343262955983 0.04689484736759484
0 0.5464153039777595 0.09021832766696497 0.04443183847375849 0.04059028366526396
0 0.4336658879872912 0.05579370924797792 0.045857970779006864 0.032832347367594814
0 0.4840477175325959 0.0356647477225653 0.0600295649348082 0.03957342068857252
0 0.5490141984578725 0.03089789136929582 0.03322160308425506 0.024583337748947977
0 0.010334690625 0.370859409375 0.23724156875000002 0.5636305875 0.4313165453125 0.5937152390625 0.4389436203125 0.5414830125 0.0614430796875 0.166704753125 0.010334690625 0.370859409375
0 0 0.8065702078125 0.6772277921875001 0.8302831921875 0.698876734375 0.7438055703125 0.5667022046875 0.6841124656249999 0.2634643421875 0.6438897984375 0.0304593796875 0.6278365515625 0 0.6317219359374999 0 0.8065702078125
0 0.23643141437220586 0.7860739423729369 0.08532957386326193 0.057633939925866254
0 0.08293426745646096 0.7572619176933476 0.03174092370110611 0.02921627404661713
0 0.0435638502481766 0.6839682614327454 0.06627956493480816 0.03979167549789597
0 0.3008943296875 0.2767185734375 0.4075857890625 0.41643934375 0.5200009890625 0.522413621875 0.5773756515625 0.40205582656249994 0.5690226046875 0.3157118859375 0.512216028125 0.324972665625 0.3008943296875 0.2767185734375