0 0.16094500071779022 0.4391927606645181 0.048511911069925695 0.04960515785015538
0 0.212353733294595 0.45420383966018296 0.04366071996293312 0.04464464206513998
0 0.09987358066218985 0.506159723762228 0.037410719962933124 0.044280621018452496
0 0.0754960848385411 0.39093654216396195 0.02965278366526396 0.045388094710093266
0 0.0404415277596322 0.44073141581325037 0.05196429328391081 0.05916216837349921
0 0.03492070325752815 0.5068114421216097 0.030778774046617118 0.03297909997176518
0 0.3294505234375 0 0.21943859687499997 0.0219764890625 0.5622437078125 0.418889990625 0.6153010328125 0.41367128906249995 0.6021408921875 0.2172300265625 0.44319058437500003 0 0.3294505234375 0
0 0.687351603125 0 0.6846678015625 0.012434431249999999 0.6803415140625 0.24734065312500003 0.6940996953125 0.55395809375 0.7423837953125 0.689580078125 0.8310183796875 0.6718740249999999 0.866095228125 0 0.687351603125 0
0 0.8252009297590652 0.2267140034072948 0.051383939925866075 0.08719616311182729
0 0.8095883095259797 0.07105553760816181 0.02759921034428601 0.031234589448421436
0 0.740763898456054 0.030908158238384904 0.033541675497895974 0.06181631647676981
0 0.3386611140625 0.48238484374999996 0.3243923515625 0.5390379921874999 0.410262571875 0.551475675 0.5360108828125 0.4994542359375 0.4395746921875 0.38152174843750003 0.30878914062499996 0.2677609109375 0.3386611140625 0.48238484374999996