0 0.6421147771273631 0.0009910524218225427 0.07820681323171641 0.0019821048436450854
0 0.6021932381943392 0.14260710484364508 0.04243293969514959 0.04341503087881238
0 0.5769250726014905 0.18942828054960797 0.037718168617910844 0.03859113855894436
0 0.5549596898915414 0.07133751009563687 0.0376908975406721 0.03390363855894436
0 0.670571054352922 0.07031691620555847 0.040770445745273776 0.026182066772189705
0 0.6317676295866911 0.026922268871125487 0.05341589149054773 0.05154577962517115
0 0.5701579638956465 0.011840630047818431 0.029842036104353476 0.023681260095636862
0 0.7049781765625001 0.6070551046875 0.9970593140625 0.4763639515625 0.9982479218750001 0.27205959062499996 0.5229799374999999 0.5301630312500001 0.5147945328125 0.5818637828125001 0.7049781765625001 0.6070551046875
0 0.3617744046875 0.630187296875 0.22075661875 0.6502502906250001 0.21563496718750003 0.7383466109375 0.970900275 0.9331876109374999 0.98038196875 0.7700952625 0.8793935609375 0.7252836546875 0.6569433015625 0.675988715625 0.3617744046875 0.630187296875
0 0.6412258627128647 0.8179193419115214 0.07992384933607007 0.04294366943775678
0 0.7934514380448296 0.8337990915158098 0.026707945745273777 0.025772889812585475
0 0.8508144861512357 0.7751084016240821 0.0642170361043533 0.02842652837152997
0 0.517981 0.30431793749999997 0.46761004531249994 0.2797921671875 0.434490625 0.35945189843750003 0.45282212812499995 0.48960839062500006 0.588943009375 0.4201341765625 0.7296085046874999 0.31703638125 0.517981 0.30431793749999997