0 0.2805523216350991 0.04394502368881514 0.05873301285158128 0.06322951186299809
0 0.20699151034294233 0.33708487003849363 0.14823586463846716 0.15423119665368965
0 0.37375454049472906 0.19297938437294965 0.1674792490485979 0.3859587687458993
0 0.1937620681006959 0.8531727850575216 0.06236734882113639 0.07585684585538673
0 0.20823969806220227 0.6318562005708414 0.05637201680591399 0.08185217787060921
0 0.16712921981103213 0.5305775434604787 0.07725751977166348 0.0967423488211363
0 0.35786567186474816 0.7497719179475965 0.07553319368794006 0.13099001482874756
0 0.3675947934232976 0.568426417453305 0.16079421444818678 0.23273819863085593
0 0.32309667140763765 0.35887234532391427 0.09517453163466154 0.15362901878308036
0 0.3512588917129613 0.8927725014456935 0.05149351581733086 0.0769736768820259
0 0.3928415552491146 0.9058972425484452 0.052292011862998145 0.05828734387822045
0 0.3790072069222698 0.977436661521806 0.045758168973360824 0.012783842889637497
0 0.3205129104960417 0.8051106753619702 0.059751684790691505 0.08822951186299832
0 0.2733049880626398 0.8343326017497048 0.06676568874502423 0.10723417984777583
0 0.23375571532522682 0.9435776091640786 0.048466674904859806 0.0409725098858317
0 0.15818666543895754 0.7883263764642842 0.05034750988583174 0.04884867688202608
0 0.23264413186431065 0.5497466961222169 0.05662668479069151 0.08810217787060921
0 0.5961601452101835 0.48751595155942445 0.354554709579633 0.9750319031188489
0 0.6906382929661871 0.162947102701107 0.06685853064607841 0.14779551285158127
0 0.7357810607235031 0.4715289238419145 0.11655341901054186 0.4103246877564411
0 0.7883079055531258 0.8094480765036529 0.10380938539871387 0.2506950197716634
0 0.7157430637264337 0.07893017733913668 0.06851387254713259 0.15786035467827336
0 0.7589664817112112 0.071757005894318 0.06331703657757756 0.143514011788636
0 0.8175350795065836 0.3792830740321949 0.11298806722365598 0.3228246877564411
0 0 0.7562378265625 0.0265696453125 0.9972570624999999 0.08879910625000001 0.99472140625 0.1591311703125 0.054697228125 0.0367136421875 0.051281271875 0.00896464375 0.055796515625 0 0.14253705781249998 0 0.7562378265625