0 0.7746835161255412 0.7053868050951744 0.16806941149637405 0.15874506134007832
0 0.8284482934232434 0.5026859018297969 0.34310341315351317 0.17521334264308946
0 0.24965574503309207 0.8575322138876654 0.08110875889134013 0.06679068511654265
0 0.4723440742310931 0.7832415089008566 0.08863016046291676 0.06081350362819702
0 0.5911497322128104 0.797090699374877 0.1052012303552928 0.08167164065150559
0 0.2962459929661775 0.66497020245492 0.13794095574818704 0.08125497840045348
0 0.47974554362813127 0.6061333718775481 0.24982883374611511 0.17251987386128267
0 0.7100687444139195 0.594960225783747 0.16388702564056318 0.10244049763774718
0 0.15126313275092979 0.7107241904740204 0.08216183664159918 0.055907748818873594
0 0.1228448802697304 0.671808023413645 0.063484611248705 0.056815484390903316
0 0.2533350550006707 0.7181150498225147 0.09346320967712848 0.0641021947351895
0 0.24022077894582283 0.7725669368458232 0.11413958271265771 0.0726240228654909
0 0.14327731244426886 0.8416840137949981 0.04458906203449331 0.053035719962933214
0 0.32879958953257404 0.8766790287711226 0.05247433664159917 0.05487103847458741
0 0.5476501352321291 0.7367906056354793 0.09331766046291676 0.0609771947351895
0 0.5045120256405632 0.3483283063611187 0.9909759487188736 0.37834338727776257
0 0.7780651497095498 0.17315465845321892 0.15625430810555194 0.0725347428284239
0 0.44410968072679646 0.2106398226031875 0.4365625463187275 0.12912208184331622
0 0.11086268713693719 0.24653520490199066 0.2030950748547749 0.10692959019601869
0 0.8670698376750565 0.11840018186686388 0.1952440334984459 0.07233633538669526
0 0.8625792367654336 0.07238827742036016 0.18706766046291676 0.06425101687504098
0 0.5096190566578098 0.105059455998299 0.34266699710451576 0.12272325970346483
0 1 0.7058464578125 0.1580137015625 0.9961085015625001 0.5815391515624999 0.981318665625 0.8621617468749999 0.931755746875 1 0.8797466796875 1 0.7058464578125