0 0.9714082065788425 0.6428870369149429 0.036892073863261744 0.05594246515360979
0 0.7190763189985885 0.767750594542006 0.150919392044481 0.14737105172143128
0 0.8083002804421046 0.582470348170203 0.36676258035608383 0.16740084264308946
0 0.2247205726520365 0.8747817783077864 0.07291139448011288 0.061884930307219574
0 0.43517287744057487 0.8203745644201209 0.08061480032431163 0.055907748818873414
0 0.5434666185121212 0.8413542417321155 0.09656708279171564 0.07520338584218215
0 0.2785973693229001 0.6992113486335392 0.12625458279171564 0.07624009618646851
0 0.4513314857998358 0.6559946058899333 0.22767280681713337 0.16098217313564334
0 0.6669973961082614 0.6611806468115914 0.15158186525911965 0.09586311542376222
0 0.14201894115756708 0.7311830565307547 0.07431025324641087 0.05256449400955034
0 0.1176462325534249 0.694372537293461 0.057122753246410876 0.051964293283910834
0 0.03426098823546776 0.7242931610699257 0.04610343262955986 0.04689484736759475
0 0.23557802638491468 0.7453943786706061 0.08538412094116259 0.06075893992586625
0 0.21984788636902866 0.795657273498463 0.10421594155801354 0.06610120435383653
0 0.12582910511944057 0.8525669832097769 0.03990797970746054 0.049801592558271324
0 0.2962546534151572 0.8968229586150057 0.047720479707460586 0.050074411069925516
0 0.5069757394532838 0.782232212876175 0.08376707386326192 0.0575793762235353
0 0.4948022110397742 0.41891375734121217 0.9896044220795484 0.36282751468242436
0 0.7534760073068959 0.27490089563046505 0.14327844155801372 0.06746529691210786
0 0.4428833806836905 0.2890700007177902 0.4018273271096728 0.11865580779669908
0 0.11190789042292315 0.3008581502701525 0.2238157808458463 0.10796630054030495
0 0.8551163737838315 0.22920150443080528 0.21049321509696384 0.07137403611233469
0 0.853536282874441 0.185369658877309 0.2009818474022122 0.06323415389834955
0 0.5094180900986116 0.1944593943645207 0.3174250535707225 0.11414686787083292
0 0.6948152046875 1 0.747385190625 0.9944611421875 0.9844919624999999 0.9233756359375 0.9872295390625 0.766539978125 0.117952621875 1 0.6948152046875 1