0 0.6930952355720297 0.042976283834899986 0.05561508293962447 0.028472229581579956
0 0.7752157324919868 0.33447679227242044 0.14580855172143128 0.15334823320977709
0 0.5942336057202973 0.20847974354621407 0.13954866115474368 0.3762946598887994
0 0.7965797455691946 0.8874579485330226 0.061939494009550344 0.07551092068857272
0 0.7782563646211539 0.6505928655933981 0.052891876223535306 0.08455853847458741
0 0.8213020148913065 0.5378944581516696 0.07207838584218215 0.09771330290255768
0 0.6191665628997226 0.7936558409138089 0.07026291469812271 0.13510417549789597
0 0.6064284938399143 0.5984425446346732 0.15187999164729754 0.2378323606144388
0 0.6519766399337155 0.36928332349061377 0.08826887023308565 0.15914187622353532
0 0.6279091019224643 0.9464906642347867 0.04954862141421188 0.07819941106992587
0 0.583449773792163 0.9652753805695227 0.0504563569862416 0.05950397477225664
0 0.6602528651693081 0.8490625927279073 0.05618056733052797 0.08935516587924894
0 0.7117235959320144 0.8758904767559912 0.06308533175849824 0.10832342068857273
0 0.7546972912153582 0.9848252002198944 0.04974702885594055 0.03034959956021126
0 0.8343277714299102 0.814466881835467 0.05007441106992587 0.04856647477225664
0 0.7507340545470201 0.5651538733979465 0.053055567330527964 0.08924603847458741
0 0.35912939710529157 0.5044469417399647 0.27861620578941687 0.9911061165200705
0 0.25600691942262815 0.19510420199158376 0.05685517912609299 0.15336310217691826
0 0.21138137786799788 0.5322396142426358 0.08709827295030878 0.4384474303072194
0 0.16001476299238987 0.8832192716843645 0.0844742368379741 0.22923612141421187
0 0.22415177341364495 0.09934526868913952 0.05169645317271012 0.18439484736759482
0 0.17668649637180295 0.09221232576804841 0.046627007256394126 0.17329365626060225
0 0.12305797704969121 0.44076638765628073 0.08834825970346487 0.34017362141421187
0 0.950323625 1 0.98223484375 0.543648296875 0.9969577781250001 0.12203861406250001 0.9887802734375001 0.0513337140625 0.8246213484375 0.0398546046875 0.9079042421875 1 0.950323625 1