0 0.3012730265356878 0.9737698606144388 0.05063634667409058 0.0524602787711224
0 0.22014339457354976 0.693903800540305 0.13126927601845378 0.140466287293461
0 0.38664854722314146 0.8184065207773152 0.11997033871736126 0.36318695844536963
0 0.18928812464195569 0.18871530353552984 0.05234429734245412 0.06898810217691827
0 0.21022569127945703 0.40437750907049264 0.04774770401018138 0.07663691106992569
0 0.17463254193191222 0.5078646076192138 0.06508065467854492 0.08973711179556502
0 0.35241428596436525 0.2749132422802697 0.062337462682999244 0.12244048439090331
0 0.3691007046069573 0.45291175670824 0.13528516136218052 0.2171379146981227
0 0.33227122457832226 0.6626488552569612 0.07823518268618095 0.1464236214142119
0 0.3415415153166826 0.13463298266162288 0.04456816000954502 0.07184028366526399
0 0.3823756006524552 0.1180828889222251 0.045912484006999675 0.05314484736759484
0 0.36305398333068195 0.032217310791923984 0.04264203333863605 0.040535719962933106
0 0.3147057479710468 0.22435768157316374 0.04936474801081765 0.08137897477225656
0 0.2673313086410012 0.1984747386520726 0.054270424013362996 0.10029266587924912
0 0.22476309532145508 0.09538445498680867 0.04571248933799978 0.035957347367594816
0 0.15646598663272884 0.2555654976377473 0.045803396005727005 0.04376984736759475
0 0.2374507152689575 0.4827034057124481 0.04780224801081765 0.08132441106992569
0 0.5973069732654577 0.5085665012659444 0.23663605346908465 0.9828669974681112
0 0.697767860558596 0.8207838253047122 0.050055638685544676 0.14075397477225665
0 0.7310370832670485 0.5140080356489986 0.06869874005408842 0.400674611795565
0 0.7710381113144554 0.1660442508026082 0.07491128270208929 0.26344743030721934
0 0.7262553925445966 0.911713837833766 0.044532892027362436 0.1765723243324679
0 0.7691695985439602 0.9171925115175634 0.03973630402608972 0.16561497696487315
0 0.8137035852562308 0.5966146937236994 0.07545672270845252 0.3103224303072194
0 0 0.72736320625 0.035925076562500005 0.9861535312499999 0.07676363593749999 0.98900691875 0.1828161390625 0.9760833375000001 0.0758104234375 0.0026473578125 0.05643942656249999 0.0019709078125 0.02319846875 0.034674934375 0.0024837140625 0.3153543921875 0 0.368637346875 0 0.72736320625