0 0.0390625 0.66640625 0.05234375 0.04765625
0 0.31015625 0.75859375 0.1296875 0.12265625
0 0.1875 0.5890625 0.375 0.10234375
0 0.8046875 0.8125 0.06484375 0.05
0 0.59375 0.78125 0.07265625 0.0421875
0 0.48984375 0.8125 0.08515625 0.06015625
0 0.73125 0.64765625 0.1171875 0.0546875
0 0.5578125 0.6234375 0.2046875 0.12265625
0 0.3484375 0.65 0.1375 0.0703125
0 0.86875 0.66484375 0.0671875 0.03984375
0 0.8875 0.6265625 0.05 0.0421875
0 0.9734375 0.64765625 0.0421875 0.03984375
0 0.77890625 0.6875 0.07734375 0.0453125
0 0.8 0.73515625 0.0953125 0.05
0 0.8984375 0.78125 0.0328125 0.0421875
0 0.7375 0.84140625 0.03984375 0.0421875
0 0.51875 0.7515625 0.07734375 0.0421875
0 0.4984375 0.3953125 0.996875 0.1875
0 0.2171875 0.28359375 0.13515625 0.0421875
0 0.52265625 0.26484375 0.38984375 0.05
0 0.86953125 0.240625 0.2609375 0.0625
0 0.1140625 0.25 0.20234375 0.03515625
0 0.11015625 0.2078125 0.1953125 0.0296875
0 0.44609375 0.1796875 0.30234375 0.06015625
0 0.945 0.9824999999999999 0.9974999999999999 0.9349999999999999 0.03 0.7825 0.0025 0.925 0.39 0.9974999999999999 0.945 0.9824999999999999