0 0.44746603338609486 0.015457426577395659 0.06055706677218975 0.030914853154791318
0 0.29649588143280836 0.24874074563159695 0.15776233887551347 0.16293902393569457
0 0.4929329607414104 0.1821728011024304 0.2046159214828208 0.3643456022048608
0 0.13458118395272609 0.7293945996394097 0.06624477711788872 0.07649107123840296
0 0.21231006419840023 0.5258864335112499 0.06334709765100213 0.08423083605604162
0 0.20363609468150123 0.4158574700803818 0.08259720282385156 0.10185474715020852
0 0.31489916976696114 0.6931447090624651 0.08654055674305985 0.1300524823325695
0 0.3764634924116456 0.5251928364372913 0.1786491518867795 0.23681293502986128
0 0.3960388918576497 0.3113115211828122 0.1075804824490227 0.1555252610179167
0 0.26793690472326637 0.8255766557758332 0.05847774122451135 0.0778717332825
0 0.302371740695786 0.853701002565451 0.05641513605166182 0.06064786569131968
0 0.26388355370705197 0.9280840599361456 0.04805706677218975 0.041716027735416716
0 0.26520905832590547 0.7318266557758332 0.06660848997087018 0.08899107123840296
0 0.2131380929656416 0.7424199700803819 0.07496655925034226 0.10792290919430556
0 0.14532611882988905 0.8299940116835067 0.05122753087881238 0.04335126291777769
0 0.12072562094146008 0.6562298565732638 0.05301735141192578 0.05120013050895835
0 0.25881533966693626 0.4583527881846526 0.06343802586424747 0.0873558360560418
0 0.6171423167056826 0.49547223489802067 0.4551594230656663 0.9909444697960413
0 0.7894335391920826 0.26306620440972156 0.07918269780928675 0.1454956443766667
0 0.7420945040901281 0.5706254376922215 0.15529788308216103 0.4002208183886111
0 0.6918123254146643 0.8845074061570827 0.12769440564770312 0.20283667211208325
0 0.8468392107414104 0.16713480214927015 0.09046719028743944 0.21133884992375007
0 0.889989817167901 0.17238469339180482 0.08398986975432585 0.20338087955902787
0 0.8436509924116455 0.5143189266743049 0.1435587495377817 0.31875261284152784
0 0.1573713125 0 0.056971993750000005 0.2366998328125 0.012762181249999999 0.43860771875 0.0221700265625 0.7619343703125 0.31981928125 0 0.1573713125 0