0 0.8271214654635873 0.7789940283057135 0.049058238213175544 0.04714771077238851
0 0.7945251352321291 0.7502695854873058 0.029289393713693813 0.025163626463433175
0 0.826119737589494 0.7407082331261736 0.028852746071058633 0.015788626463433174
0 0.49172535111451054 0.4402280067374953 0.08750430810555195 0.06767837939029935
0 0.693953592842343 0.6211320522116226 0.03085189371369381 0.025172716822512698
0 0.7759356470189533 0.7034900342576418 0.04309933664159917 0.05336134933607006
0 0.5514685322555917 0.514900753810629 0.02979881596343468 0.03610112646343318
0 0.4937373072769823 0.3659774404807166 0.02630994292790554 0.028270445745273952
0 0.40642139784752296 0.40399559094825477 0.035757717535011224 0.029887487899751618
0 0.42177026199171214 0.3476410518188392 0.04044521753501122 0.029914758976990363
0 0.3661024588485589 0.36046830474570546 0.03241439371369372 0.025181807181592398
0 0.35646843961813657 0.28784841618202395 0.025727746071058634 0.015770445745273955
0 0.3797989317602537 0.31897115115490926 0.01962329528527027 0.01885908430895533
0 0.40619661186787753 0.29849956987101595 0.029289393713693813 0.025163626463433175
0 0.5525322644729114 0.38673484719477075 0.05410961124870504 0.05498748184962743
0 0.4132428244404901 0.24844502771653826 0.04149829528527036 0.018986349336070064
0 0.6432429633966729 0.5893871485226306 0.02899829528527036 0.018913626463433177
0 0.0977267 0.285590546875 0.2678057828125 0.5590721375000001 0.42627281093749997 0.6914149515625 0.4966572203125 0.737233696875 0.45239879375000003 0.609217709375 0.1857965828125 0.2686139625 0.0977267 0.285590546875
0 0.20273981803034932 0.225444385833207 0.06704625889134012 0.06443520472226431
0 0.18814647104966795 0.16379381352630412 0.07954625889134012 0.06450792759490129
0 0.13629502667402046 0.19144663573501117 0.026601041356328903 0.03452044574527387
0 0.07474959698068137 0.06130059348233759 0.11178087014004516 0.11936814441741399
0 0.2154302549623987 0.0784557563447118 0.04193494292790545 0.02836134933607006