0 0.8580306554579942 0.7268906519404762 0.06144842068857272 0.0597204336450254
0 0.819732047290626 0.7052429109174666 0.03870040145127902 0.03459316861791066
0 0.8500470298674309 0.6871014440949539 0.0321230192372937 0.025181807181592398
0 0.43920876670540493 0.4629751603282914 0.10628969473518968 0.09122496369925485
0 0.6883952564537859 0.5966542269778536 0.0386458377489479 0.033030668617910666
0 0.79079108095589 0.6616701729195192 0.056924611795565204 0.06438066256778648
0 0.5159597504633362 0.5242348471947708 0.04064484736759475 0.04553975897699036
0 0.42633923367311316 0.3841598139190876 0.0323958377489479 0.032994307181592394
0 0.34207087187754814 0.4486995577707676 0.04516865626060227 0.040879530054229285
0 0.3482142336731132 0.3846143318730685 0.04991071996293313 0.042469301131468205
0 0.2909820870311578 0.41306658479993474 0.0418799651536097 0.03617384933607006
0 0.265421581040708 0.33979271126336785 0.028998019237293705 0.025163626463433085
0 0.2965525299522489 0.3653876089022357 0.024255955534962757 0.023573855386194255
0 0.3210267402965351 0.33556375351604145 0.03702877404661713 0.03145907825883114
0 0.4925545107149552 0.3892422236582038 0.0712599303072194 0.07227497579950323
0 0.31744043802694966 0.28168931977282013 0.04952877404661713 0.03153180113146821
0 0.6281398027329217 0.5774775009819587 0.035248019237293704 0.02519998789975162
0 0 0.4173470953125 0.22532294687499999 0.6509588640625 0.41854859375000003 0.746494759375 0.5018499281250001 0.7752214390625001 0.43017227968749994 0.6522592609375 0.0821490921875 0.36680896406249996 0 0.4058147765625 0 0.4173470953125
0 0.09126731842683626 0.31659208148028506 0.08570437622353536 0.08329428903121974
0 0.06451633466890508 0.2550415031232579 0.09831350362819706 0.08649201190385672
0 0.017046112343719257 0.2982875090751863 0.03409222468743851 0.04395907825883114
0 0.07649303421341813 0.15811650614832007 0.05141865626060227 0.04091589149054777