0 0.8421875 0.2875 0.04375 0.0375
0 0.721875 0.44140625 0.075 0.0890625
0 0.52109375 0.3765625 0.0796875 0.1375
0 0.35078125 0.39765625 0.1140625 0.0984375
0 0.4171875 0.51015625 0.121875 0.0765625
0 0.6921875 0.6296875 0.1 0.121875
0 0.89296875 0.40703125 0.1140625 0.0703125
0 0.23515625 0.4578125 0.0828125 0.090625
0 0.33828125 0.6125 0.04453125 0.040625
0 0.3140625 0.53515625 0.04375 0.08828125
0 0.22578125 0.559375 0.12265625 0.06328125
0 0.159375 0.4640625 0.0421875 0.03046875
0 0.053125 0.521875 0.07265625 0.04375
0 0.31484375 0.709375 0.11015625 0.065625
0 0.62109375 0.31484375 0.0578125 0.0421875
0 0.61796875 0.73125 0.0828125 0.08671875
0 0.94375 0.5375 0.1015625 0.11484375
0 0.88125 0.61875 0.06875 0.10234375
0 0.70859375 0.30078125 0.059375 0.06484375
0 0.55859375 0.63203125 0.1171875 0.05625
0 0.87734375 0.19140625 0.0578125 0.04375
0 0.92109375 0.25546875 0.06875 0.0421875
0 0.94453125 0.3265625 0.06328125 0.05546875
0 0.76484375 0.55625 0.04765625 0.065625
0 0.140625 0.7078125 0.04765625 0.034375
0 0.1171875 0.61640625 0.065625 0.0484375
0 0.48359375 0.70390625 0.04375 0.03984375
0 0.52578125 0.71953125 0.03828125 0.03671875
0 0.8328125 0.74921875 0.1265625 0.05625
0 0.63828125 0.38125 0.07890625 0.040625