0 0.15761548511280382 0.24200804220663671 0.06214043507002258 0.06041139448011297
0 0.19306067948845132 0.2699927203719697 0.034486315963434724 0.03651024431795715
0 0.19942199545188605 0.23413704098882074 0.024965766749222996 0.03322160308425506
0 0.5742399431373024 0.5299770154179801 0.09230312406898662 0.10465231818121908
0 0.3488333364367114 0.3501183713449044 0.03455909057054054 0.03807274431795715
0 0.2457490318458162 0.28029502069628126 0.06817211124870504 0.05583298863591431
0 0.4857254067433723 0.48308265015886054 0.047131865177646406 0.03985343262956
0 0.6540194884225727 0.5126043291349724 0.03583049214211709 0.03185001785690744
0 0.6257788643535861 0.6153202260507172 0.04110018899896417 0.04443183847375849
0 0.6850468564957033 0.5850793469918798 0.04288101282028158 0.04914661201270896
0 0.6797193476043631 0.6491009366834544 0.036194365177646404 0.03966251785690744
0 0.7605155833363394 0.6434742739393968 0.024820217535011225 0.030096603084255234
0 0.723034854014504 0.6256185722351135 0.022893844499482084 0.02225682954530477
0 0.7410785326743857 0.590748694394092 0.034486315963434676 0.03651024431795698
0 0.6231911734925953 0.45264294804754 0.07187930810555195 0.06838753571381488
0 0.7950404406561031 0.5737072447184037 0.03187073821317554 0.047393197240056396
0 0.39032732361642986 0.3993195304355139 0.026601041356328813 0.03481137662320544
0 0.8059814515625 0.8246339921875 0.3967349828125 0.61090204375 0.25114464375 0.5913504921875 0.31127264062500004 0.6576064921875 0.47835509375 0.8002740015625 0.8004854328125001 0.9241000421875001 0.8059814515625 0.8246339921875
0 0.8511126964470712 0.7967413701237931 0.08503427956950489 0.08266822402541774
0 0.9190814464470712 0.7979277690681329 0.08717897642635145 0.09519549756436803
0 0.8973840748592842 0.8608817366007286 0.043788541356328634 0.03511138555165942