0 0.272126960296736 0.12023758529600173 0.04811149810013893 0.05367044000636332
0 0.42014362015663165 0.2708177459420936 0.10839568787965277 0.09342383068109025
0 0.3183771791428468 0.4821012386219111 0.16181162860909737 0.1065419960216353
0 0.3131954506099994 0.6711728292886839 0.125075348023889 0.1389181440165448
0 0.4465723014836801 0.6118240066040939 0.10334581838861112 0.14491360534690845
0 0.6203787030785414 0.32550360391473115 0.1497844072944446 0.12670904535327185
0 0.41053615007624994 0.07957512794400258 0.09527874525034737 0.13388519867918125
0 0.36086727156406184 0.8041756859484568 0.11330139342673622 0.1028533746817267
0 0.5458072756481245 0.7106422199236399 0.0512728656913195 0.05526930267345413
0 0.45636291594072864 0.7280848059357302 0.10290810087368066 0.05899428668045381
0 0.46967857390076323 0.8271217426002758 0.08768445079743081 0.14316929201145392
0 0.355015355435902 0.8878148892823206 0.040226262917777866 0.05045453333863605
0 0.40283329996506867 0.9809830866088664 0.05210801386770836 0.024037484006999676
0 0.6472418358686105 0.7485138425764133 0.08895601006798622 0.13068747334499947
0 0.2656359984813886 0.36555917596277443 0.056251306420763925 0.06782384667409058
0 0.7189415300165274 0.41964340790105004 0.10861389342673622 0.10279883068109026
0 0.5565214505130902 0.05261428063336517 0.13695709897381966 0.10522856126673034
0 0.6384968427055554 0.11753656257959491 0.12234908510611113 0.08889996268299924
0 0.2655652229301734 0.26793019796309264 0.08139677678548622 0.07436474801081765
0 0.6013533333031593 0.4717791672501857 0.08125261284152785 0.1352840666772721
0 0.1733089070101041 0.07061994064291019 0.056251306420763925 0.06782384667409055
0 0.2491453616072569 0.03542787531827342 0.05795927678548622 0.07085575063654684
0 0.33061356715434026 0.025616523313182742 0.0700228656913195 0.051233046626365485
0 0.5521027881846525 0.23882176392427618 0.0795433360560418 0.061846566677272286
0 0.6178413573357631 0.9378672439131404 0.045095600873680655 0.058321577339272325
0 0.5144072328107283 0.9523484619271396 0.06279224715020852 0.08039657200827222
0 0.6679576454235064 0.5631666885741862 0.04963763050895835 0.052126121339908946
0 0.691632187976562 0.5191530592377771 0.046403527735416714 0.04740225867281787
0 0.7727978011024303 0.18626728656114122 0.08306968597979178 0.14623974801081766
0 0.3416536378240622 0.35452113128582036 0.05683318787965286 0.09282384667409058