0 0.759473195204871 0.9397595358417619 0.04300570616851011 0.049085953188503596
0 0.586910628241468 0.8019275859326189 0.09988299756436803 0.08797139077317447
0 0.6502798327884204 0.5866987336031982 0.15314436525911965 0.09856805404758599
0 0.620485418422805 0.4001504019659925 0.11002165665497757 0.13221271370395282
0 0.5014820482924214 0.4688450910210015 0.08828302434972919 0.13887879353213642
0 0.38173220454036183 0.7630753686106214 0.13631142126547413 0.11797979534115868
0 0.6329203778344309 0.962024123699004 0.0783898271096728 0.07595175260199198
0 0.5511296720762531 0.27241050429541314 0.10160913879807013 0.09742827792830414
0 0.38674166395857823 0.37931452227409457 0.046157979707460585 0.050812227498762755
0 0.4698444902574721 0.3555704850735363 0.09928297970746058 0.05359639077317437
0 0.44082341761202615 0.2580437098587657 0.07265802434972919 0.13805992198083886
0 0.5411040612813602 0.1899288749421995 0.03519320616851011 0.048676517412854545
0 0.4750369561685102 0.07172775158187969 0.049828450486467266 0.08222600180902231
0 0.2808501741048479 0.3495683893028363 0.07556483603812651 0.12572369629109836
0 0.7216793202065187 0.6973739620064723 0.04955571509696384 0.06660100180902226
0 0.2686361408233696 0.678314187018844 0.09692163879807011 0.09718261646291496
0 0.4921005089218632 0.9905375480546923 0.12258411201270877 0.018924903890615498
0 0.4009573116818067 0.9644370544998415 0.11539890340856669 0.07112589100031705
0 0.7397492560824894 0.7935462771353345 0.0730204886359143 0.06939180913596861
0 0.37372701541798026 0.6174762635676674 0.06632620373287823 0.13304487336031984
0 0.8647879866007286 0.973941487165472 0.04955571509696384 0.052117025669056
0 0.7997493676881611 0.9921642036965297 0.04777502678536116 0.01567159260694062
0 0.46355099471840366 0.8446363070998035 0.07436480032431163 0.05697369629109801
0 0.2759875758918568 0.16042400214770658 0.03996252678536116 0.05360967887824382
0 0.37394778896022585 0.13823914292088096 0.05596935633066593 0.07630355042954129
0 0.29264856493151287 0.53361251865605 0.046130706168510206 0.04924972749876275
0 0.2770332475610727 0.5780652035271876 0.04133411201270878 0.04275406603337366
0 0.25710217166592064 0.9118703154675465 0.06805234496658023 0.1425017605154494
0 0.6501588762128729 0.7139196528705036 0.046812544642268604 0.08831222749876275