0 0.3498019805458692 0.9066182969379002 0.04589430267345422 0.05211046360606986
0 0.4789093198997773 0.7609869274170276 0.10576019867918127 0.0970633986760923
0 0.3740416485916852 0.5700643668302763 0.15596019334818118 0.11657968610347993
0 0.36121602661522967 0.3959355080627706 0.12343859468490823 0.14005141935425688
0 0.48650638060950263 0.44398136393479215 0.10316245735199914 0.14223034946188076
0 0.6601871392425496 0.699861144537754 0.14364200668363553 0.13162248924663303
0 0.47841732920914204 0.9356882319054789 0.09524086935072659 0.1286235361890423
0 0.3978631459659561 0.26944793672265244 0.108994286680454 0.1065839478903042
0 0.5720449859564111 0.34791119271850846 0.049055665340545215 0.055381012820281586
0 0.4901046426241383 0.3362780258454509 0.09914657200827222 0.06552230024766903
0 0.4974364319700923 0.24360037427387438 0.0906442760184536 0.14008565260503386
0 0.3885886906429102 0.19319365177646436 0.03964430267345431 0.051819365177646404
0 0.42511763132559127 0.07686233043634613 0.05875792934436319 0.08394266046291672
0 0.6639694039624563 0.3076372572342011 0.09049882535009016 0.12758565260503385
0 0.33210759257641326 0.6806722270455239 0.055469297342454114 0.06973461124870503
0 0.7472246099220491 0.6093324979285761 0.10428860534690845 0.10480312406898662
0 0.616471312539824 0.9505812356272779 0.1326317813494539 0.0988375287454442
0 0.6868752665500054 0.8918324747692126 0.11666133601209036 0.09444782092583352
0 0.33653091589755013 0.7707706881703944 0.07739884134309047 0.07544095574818695
0 0.6367325525939125 0.5658842508240604 0.08274086935072641 0.13190927956950455
0 0.2608752932050059 0.9579752816364191 0.055469297342454114 0.06973461124870503
0 0.3332588232018242 0.9761002353176916 0.058539753341817755 0.04779952936461669
0 0.40743211986796063 0.9816075266740205 0.06938634667409058 0.03678494665195906
0 0.6013564845640047 0.7846684840748372 0.07727157200827221 0.06450345574818694
0 0.6284602599856826 0.13479691666366053 0.04438634667409058 0.05672518899896399
0 0.5324210539863188 0.1256337783266503 0.06339088534372692 0.07947348428423431
0 0.6924654792727755 0.47858761207276534 0.04903748400699968 0.053818512820281585
0 0.7162387866009121 0.5179968684829062 0.045839758672817865 0.04742296360606986
0 0.8072883112269593 0.8216184822128104 0.08441245735199913 0.14135705417661057
0 0.40160247990932235 0.6870356970617346 0.057268154678545 0.0901198858558109