0 0.225 0.20625 0.04375 0.04375
0 0.25234375 0.2359375 0.025 0.028125
0 0.2625 0.20625 0.01640625 0.0265625
0 0.553125 0.52421875 0.06484375 0.08125
0 0.378125 0.33125 0.0234375 0.0296875
0 0.29765625 0.253125 0.0515625 0.03828125
0 0.48125 0.46875 0.03515625 0.028125
0 0.625 0.5203125 0.0265625 0.0234375
0 0.58671875 0.60625 0.0296875 0.03359375
0 0.64296875 0.58984375 0.0296875 0.03828125
0 0.63046875 0.64453125 0.025 0.03125
0 0.70078125 0.653125 0.01640625 0.0234375
0 0.6703125 0.63125 0.01796875 0.01796875
0 0.69140625 0.60390625 0.0234375 0.028125
0 0.60625 0.46328125 0.053125 0.05
0 0.740625 0.59609375 0.01875 0.03984375
0 0.40859375 0.38046875 0.01796875 0.028125
0 0.43382250000000006 0.7470600000000001 0.7 0.9058825 0.7176475 0.8191174999999999 0.38676499999999997 0.5676475 0.26176499999999997 0.52794 0.3058825 0.5955874999999999 0.43382250000000006 0.7470600000000001
0 0.76015625 0.8015625 0.06171875 0.06171875
0 0.8203125 0.81328125 0.06171875 0.0734375
0 0.79375 0.865625 0.03359375 0.025
0 0.91875 0.921875 0.11484375 0.103125
0 0.90390625 0.784375 0.028125 0.03984375