0 0.7658632428787145 0.838042370106586 0.05116376291777769 0.050581802673454135
0 0.7337599109067355 0.8071918121021315 0.03350348423243048 0.0300693080044546
0 0.7676082340449993 0.7966452107733588 0.028597778685347207 0.02063976400381797
0 0.4370187295796871 0.46224020206077 0.09393314437666671 0.07607269867918127
0 0.6378506117041661 0.6638497974219959 0.03343074905006951 0.026944308004454243
0 0.7177543576201035 0.7562105674331318 0.045095600873680655 0.0583215773392725
0 0.4929582986338884 0.5433816614019514 0.033758057370694414 0.04100680800445424
0 0.44512347672989544 0.3826254273949517 0.02725348423243048 0.02999658267027261
0 0.3489017869503816 0.4205788660486796 0.03982621941479163 0.03326703333863605
0 0.37065080680201357 0.3590964733847704 0.04451371941479163 0.033321577339272504
0 0.3094223660725691 0.370887401376498 0.03662848423243057 0.030105670671545237
0 0.304990745631597 0.2926896760423162 0.025472778685347208 0.020603401336727067
0 0.32764634242121504 0.3265561460454979 0.019186411094166723 0.018968176002545346
0 0.35860605490215247 0.3058169320496341 0.03343074905006951 0.026944308004454333
0 0.5070779628621872 0.40679018073676954 0.05763196846486114 0.060029528007635946
0 0.36923573679788174 0.2520197700509067 0.04429551386770836 0.023946577339272503
0 0.5855620663013189 0.6272941320814508 0.03172277868534721 0.02067612667090888
0 0.027362031250000002 0.280696625 0.184632034375 0.5810230265625 0.34267173125 0.729218509375 0.4140843046875 0.7811088875000001 0.37850080468749997 0.6418554578125 0.1237005546875 0.26575976562500003 0.027362031250000002 0.280696625
0 0.14570797103031233 0.2197232486871354 0.07354790919430561 0.07271134134309047
0 0.13631609365548597 0.1531897293523173 0.0860479091943056 0.07285679201145401
0 0.07786716080982622 0.17986077001113585 0.03059668977951393 0.03940794533736347
0 0.04641975189986107 0.053679530673136064 0.07278549620027787 0.10706816000954503
0 0.1735816639439583 0.06297380935708982 0.046076219414791716 0.03333975867281791