0 0.7171788837888963 0.134375 0.04771406203449331 0.0515625
0 0.530470788255957 0.2515625 0.10890842721213971 0.090625
0 0.5722258329220546 0.47890625 0.1640325748547749 0.1
0 0.5237219046764576 0.66484375 0.1265711162111037 0.134375
0 0.410464233460174 0.58046875 0.10186221463952716 0.140625
0 0.3196231794884513 0.26640625 0.14935364474715093 0.1203125
0 0.5959802799837893 0.06953125 0.09517556699689197 0.13125
0 0.4407017353222008 0.78671875 0.11239730024766903 0.0984375
0 0.28576814040843407 0.6578125 0.05247433664159917 0.053125
0 0.36776084905210515 0.6921875 0.10254711124870504 0.0546875
0 0.32820173532220076 0.78671875 0.08623721463952716 0.140625
0 0.42356343114559036 0.86953125 0.041391287427387444 0.05
0 0.3471400182014743 0.9671875 0.057234611248705033 0.0546875
0 0.17719150703382253 0.67421875 0.08878001778268026 0.128125
0 0.6551539569910412 0.37578125 0.054691808105551944 0.0671875
0 0.19752554756158186 0.33828125 0.10927230024766903 0.0984375
0 0.4556121451614358 0.03046875 0.13252570967712848 0.0609375
0 0.3605158149299775 0.059375 0.12267982878371626 0.084375
0 0.6822494580244985 0.28046875 0.07991013192686935 0.071875
0 0.2971573664205007 0.41328125 0.0796961162111037 0.134375
0 0.8279366013239076 0.1046875 0.054691808105551944 0.0671875
0 0.7653488641441891 0.05625 0.056472631926869354 0.071875
0 0.6890239586436712 0.034375 0.06610018899896417 0.04375
0 0.4104708114153207 0.19453125 0.07932793507002263 0.059375
0 0.15261523035980207 0.86640625 0.04480738585581086 0.05625
0 0.2494516890034732 0.90078125 0.0630137303552929 0.078125
0 0.20769029797586663 0.4890625 0.050766287427387445 0.05
0 0.19662867349259527 0.44140625 0.04586046360606986 0.0453125
0 0.2094049251452251 0.1 0.08176803846084475 0.1453125
0 0.5844433507047351 0.35078125 0.05734592721213971 0.090625