0 0.6447761688143026 0.10720731515756998 0.04718407220870695 0.054216027735416714
0 0.49075576844496016 0.25754954122187546 0.10835792154477701 0.09625936379145834
0 0.5879660699692117 0.4707781994662505 0.16154655405833437 0.10843336189159736
0 0.5868661365205781 0.6598406994662505 0.1242374515990063 0.14037303970326392
0 0.45516668462698406 0.5997363880114934 0.10083631303532492 0.14607752583555572
0 0.2880756751590144 0.31065243816399335 0.1476022287263694 0.12841855357097226
0 0.5082392259958949 0.07277515092927125 0.09289654800821019 0.12402068787965284
0 0.5352985704601911 0.7938150027528824 0.11152837334017515 0.10414459897381967
0 0.3522411516458886 0.697354310789167 0.05188066256778665 0.055887630508958355
0 0.44120365769601283 0.7166147634864587 0.10189884328594587 0.06017639342673622
0 0.42500141989445706 0.8154698375746531 0.08520222267624522 0.14415134992375017
0 0.5379326910698918 0.8782627379352433 0.03935339149054773 0.05090918977951375
0 0.4880867062933982 0.9788562710859029 0.05655907220870695 0.04228745782819417
0 0.24888434748935834 0.7347977997712503 0.08669199980360824 0.13168771751493064
0 0.6425586420797229 0.35406413136197973 0.05508747579950324 0.0700228656913195
0 0.18517741325515766 0.40358286094166684 0.10840337334017516 0.10407186379145834
0 0.3614733103048503 0.05060659735829891 0.13166815651766245 0.07492987765916678
0 0.27601253327568315 0.10096831363895857 0.12082156010845857 0.09030030452090285
0 0.6470375847017389 0.25571755033993104 0.08011474687674217 0.07529224715020835
0 0.3020649314055303 0.4578729302802086 0.07891586123992678 0.13775587955902785
0 0.74507615066393 0.05797234099312563 0.05508747579950324 0.07002286569131948
0 0.6725289849728854 0.037531248003229725 0.054942030054229284 0.04502286569131949
0 0.5905522771273631 0.02624694946625049 0.06577044574527377 0.026527438829583395
0 0.35891087080609235 0.22244522976711836 0.0784795240041051 0.06275587955902787
0 0.27277986886118477 0.925223431230139 0.04408634328594587 0.05883079255305575
0 0.3758230556294682 0.9416861922480558 0.06140110831306052 0.08110583605604163
0 0.23356439539937268 0.5476971900638544 0.04873748184962743 0.05268989532659738
0 0.21038142545360197 0.5034016761961461 0.04558521077238851 0.04792966014423605
0 0.13809892193756051 0.16886171561506955 0.08054199375348406 0.1487297471502084
0 0.5676131842342007 0.34294348698531296 0.056786331185697494 0.0934967332825