0 0.8722809223964239 0.33966071171843826 0.05265352773541672 0.048075130508958355
0 0.7210483435585768 0.4844978201915631 0.09625936379145834 0.10999455547083344
0 0.5124526339274309 0.3789160481557296 0.11155836189159736 0.16344686379145834
0 0.32408046494947945 0.3706275034184725 0.141935539703264 0.12667421561506947
0 0.3818592101998268 0.504712869109792 0.14611389342673622 0.10490831838861112
0 0.6655289614340978 0.6823164179311116 0.12998105357097228 0.14982077488562506
0 0.9121818366247225 0.4772341001111814 0.13655705547083344 0.09687761284152785
0 0.19159592648048646 0.4151743243725349 0.10570709897381954 0.1133377610179167
0 0.2833691184442019 0.600804659478646 0.05741376291777787 0.05130923328249999
0 0.2672518495425004 0.512196101158021 0.06177526101791671 0.10450696846486114
0 0.16756097406753517 0.5231498253224653 0.14422408510611118 0.09080945079743064
0 0.10789307370694479 0.4085411582443751 0.05247168977951393 0.040262630508958355
0 0.24587107807534778 0.7006585359035419 0.13328658510611113 0.0905548776591667
0 0.6276405696228822 0.32928168369868105 0.0700228656913195 0.0562876740119445
0 0.5717263696784729 0.7785173110735075 0.10556162860909737 0.1070877610179167
0 0.9425651668874655 0.6256722533215633 0.11486966622506892 0.13884690729444457
0 0.8729420711414935 0.7035413737625354 0.09346167211208325 0.12398432028847228
0 0.7252604520317016 0.3299921581474659 0.07681837955902786 0.07987064437666672
0 0.5205794841355214 0.6609836657469101 0.13779224715020852 0.08285148043270851
0 0.9223335141520487 0.2424415260229869 0.07002286569131969 0.0562876740119445
0 0.9601497709437329 0.3183143482113202 0.07970045811253428 0.05814111474138901
0 0.9696072512342709 0.3990376713495841 0.06078549753145808 0.07035017401194459
0 0.7530094712177435 0.6164206206284033 0.06275587955902787 0.07954333605604162
0 0.056935211434097785 0.6681512411662848 0.057268292553055586 0.045059233282499986
0 0.04750370041618103 0.5648625870059722 0.07020470364722227 0.0641001740119446
0 0.42915635676069497 0.725226044071667 0.05428876291777769 0.051236498100139014
0 0.4734518706284033 0.7496818366247225 0.04636716014423605 0.04636716014423605
0 0.8034134339830216 0.8362252807726396 0.14720361474138882 0.08463218597979179
0 0.6379799639995489 0.4044817054501741 0.0918978656913195 0.056796820288472286