0 0.2894597406645092 0.14367710959607516 0.05405230032431163 0.055599336641599176
0 0.31118078206036703 0.1786321524001461 0.030260244317957152 0.03419521753501131
0 0.32709610835926084 0.14974301902553458 0.022420470779006774 0.032268844499481995
0 0.5579696018631438 0.520549862905844 0.0829136858759707 0.09909677956950454
0 0.4195581180984934 0.29555847911694777 0.03187729139585791 0.03739299214211718
0 0.3538319322225228 0.20322973800828797 0.06024775324641087 0.052765435070022626
0 0.4957911558409034 0.4522943225829724 0.041225017856907444 0.03626713978475245
0 0.6308304034052714 0.5288845936754217 0.0333306972400564 0.03121576674922295
0 0.5759440803527884 0.6096294795312326 0.038209112012708955 0.04237159057054054
0 0.6360185097359373 0.602140157157657 0.03985343262955983 0.047131865177646406
0 0.6119321732907738 0.6556483008713508 0.03187729139585773 0.03739299214211726
0 0.6818725263750288 0.6758473308551401 0.020803423701106282 0.029071069892376046
0 0.6555867159044475 0.6481418618723869 0.02225682954530477 0.022893844499482084
0 0.6809724995896677 0.6242848308551402 0.030260244317957152 0.03419521753501122
0 0.622721848616733 0.4674933294073981 0.06515344155801372 0.06548375889134021
0 0.7325895466675683 0.6250082688206469 0.027326159090609536 0.0449871683207995
0 0.4408524655007057 0.3508624092245717 0.023982970779006862 0.03234161910658786
0 0.6659865515625001 0.8468191203125001 0.38202482187500003 0.5369422640625 0.2639280140625 0.4758976234375 0.2951114171875 0.5517816796874999 0.39429274375 0.7265517375 0.6312337625 0.9317873640625001 0.6659865515625001 0.8468191203125001
0 0.712039087656389 0.8362925252307875 0.07471935633066593 0.07685790653397503
0 0.7710555775101193 0.8577822274643179 0.07806254464226861 0.08950345574818712
0 0.7328112836786295 0.9064765926419645 0.039607970779006865 0.0330693651776464
0 0.8483505089218631 0.9409714090196839 0.13820911201270897 0.04702916542531525
0 0.8599271627374669 0.8426965748592841 0.036728432629559646 0.04698631596343468