0 0.8426199456279253 0.21807756452020186 0.058542011862998324 0.0588698858558109
0 0.8080075236888152 0.2446422185729778 0.031024506920082472 0.03419521753501131
0 0.8046570306088974 0.21204804239429537 0.023148339923887918 0.032268844499481995
0 0.43152464224443393 0.4898692512428543 0.08675985376405215 0.1007320541766104
0 0.6567686758562619 0.32030580624803423 0.03271434091247105 0.03739299214211709
0 0.7569079387078432 0.25481989330391813 0.063038510874415 0.05440070967712849
0 0.5183999011416826 0.4437155351555851 0.043651840912471054 0.03790241439185813
0 0.35966422969686385 0.47372202047327666 0.03402217292769345 0.03121576674922295
0 0.376093042929006 0.5680884505809005 0.039155341901054186 0.04237159057054054
0 0.3249589658566994 0.5408388999189467 0.0409725098858317 0.0486943651776464
0 0.3233208700013126 0.6001775126153938 0.03271434091247105 0.03739299214211726
0 0.2502017049822845 0.5957854191493691 0.021458505931498985 0.029071069892376046
0 0.28599462494422845 0.5785229904894873 0.02276633794672147 0.022893844499482084
0 0.27245604836621345 0.5471830992569929 0.031024506920082205 0.03419521753501122
0 0.3938919910655704 0.41832389102760653 0.06660917984777566 0.06548375889134021
0 0.22475071882244896 0.5314703620772745 0.02834517589344294 0.0449871683207995
0 0.613611583460916 0.36520308333633944 0.024710839923887916 0.03234161910658786
0 0.1857775171875 0.8551132125 0.494023165625 0.7373153703125 0.6614743468750001 0.6037840421875 0.72317441875 0.541958475 0.58737365625 0.5615751515625 0.19032181718750002 0.7633263578125 0.1857775171875 0.8551132125
0 0.15241150931717806 0.7375791209686147 0.0796821828135252 0.08012845574818712
0 0.08838084281527525 0.7397816298599549 0.08169035178688593 0.09113873035529281
0 0.10239958045798558 0.7976112464853433 0.040335839923887826 0.0330693651776464
0 0.0163373354380825 0.8328831205543299 0.032674670876165 0.13110875889134022
0 0.01552888707296284 0.6965453602152477 0.03105777414592568 0.04698631596343468