0 0.5143483418450143 0.19626743102500957 0.101438131037097 0.10656251324684388
0 0.6490847061890639 0.10790931387196687 0.11223923871722885 0.10225695916315991
0 0.7735558572844206 0.1842039737607662 0.09656877461060631 0.10014882213985135
0 0.5889294900373772 0.40142121169504863 0.1903929824490227 0.15961808057737184
0 0.45080501590162464 0.31057297848527166 0.1580973079967011 0.1225893065307547
0 0.4250668814993154 0.2275595818433162 0.12009720282385157 0.10409227767481415
0 0.38492630014564927 0.4513864622432028 0.0994209899708701 0.09088294954451293
0 0.31950823713438326 0.5226141322988032 0.12023359514371963 0.10877977767481432
0 0.4547326832943173 0.5249901425504222 0.15415395407749272 0.094355179126093
0 0.050002208102779236 0.732951398456054 0.10000441620555847 0.1221329495445131
0 0.20744014614729872 0.5038417957309815 0.07346624373179385 0.057197430307219396
0 0.14774689740094 0.512705875042409 0.053153743731793844 0.05648810217691817
0 0.12758751009563687 0.5604886106144388 0.0909719924781526 0.06873513103285873
0 0.05281483062875027 0.5500570529025577 0.061830061757624774 0.08644842068857254
0 0.13380406934597916 0.4543477380191005 0.06592652837152993 0.06629961179556502
0 0.2313072066512823 0.40926590571244803 0.06225595909205772 0.047440484390903495
0 0.3335062041439998 0.3909375463639537 0.1074608105039836 0.09896826805616729
0 0.27744040907942247 0.46327384863353915 0.07566524122451135 0.07912699400955034
0 0.6268195981132205 0.25493808129516204 0.043324102665567035 0.04053571996293313
0 0.356651850620503 0.2674008426430894 0.06780727711788873 0.07729167549789598
0 0.22497229011651942 0.35821183720079375 0.08476745658477532 0.0700793762235353
0 0.19418632521847395 0.6636979453681618 0.11173913354437941 0.08506945916315978
0 0.2440619562555709 0.5622098564380875 0.07681856426490725 0.06511905771188112
0 0.2389365355641729 0.6308507290334259 0.08531302586424747 0.0888293762235353
0 0.16348424300687803 0.724407266875041 0.05274456677218971 0.042425602176918174
0 0.34153634982908015 0.5718700878337659 0.08030727711788872 0.07772818511654282
0 0.4575370860390266 0.45548617440158756 0.0369831744523216 0.037192465153609786
0 0.6793990288337483 0.27554324717441114 0.04203438730530316 0.04985615626060227
0 0.589956095605938 0.2317535524392215 0.05526181301126591 0.07529266587924913
0 0.7506398798499627 0.3804787730351268 0.04873902837152997 0.06569941106992569
0 0.8963234190420455 0.10403037884024209 0.061557277117888984 0.07707342068857255
0 0.11082224426051926 0.7335168828469574 0.05016513605166191 0.06106647477225664
0 0.11344948759660167 0.8313641058051153 0.07258570533113406 0.08058036660488846
0 0.06912517458533568 0.9033283858421821 0.0883470976510021 0.0858135036281972
0 0.06864178978731503 0.9714583377489479 0.06422763605166189 0.0570833245021042
0 0.28182506604727386 0.742616608252186 0.1020746285298145 0.12843751324684405
0 0.21308577474362025 0.8473561827542901 0.08297763605166182 0.06221231252120418
0 0.18836090789228827 0.9176587590704927 0.08728470282385162 0.10294643992586643
0 0.2674406541313646 0.8875744441870355 0.09532452335696498 0.11103175843752063
0 0.3168018081297151 0.8306448871081266 0.08531302586424747 0.0888293762235353
0 0.3516578444188038 0.6809276293035783 0.0773641335443794 0.0838690577118811
0 0.4142631444979461 0.6526141455456471 0.06459134890464338 0.07405754809323425
0 0.37559779810058525 0.7451091803920373 0.12304034639736088 0.09795140507947586
0 0.4084808427694512 0.8244618636944816 0.12634720282385156 0.10431053248413776
0 0.33519880397307994 0.9509400289407586 0.10410848997087019 0.09104664065150558
0 0.562771189166812 0.7360045428205746 0.07815374373179385 0.05736112141421188
0 0.482248614872775 0.7081672302993701 0.08044366943775678 0.08241568511654282
0 0.5374241966886595 0.8008110872856118 0.11049488229073816 0.09595239546082901
0 0.5998045247436202 0.8608606990811769 0.08476745658477522 0.0700793762235353
0 0.4992673156515625 0.9027084039831674 0.11425637978345585 0.1179365228654909
0 0.6234897288211131 0.7725348090626435 0.09394387978345567 0.1172271947351895
0 0.2049058987210882 0.989184040288686 0.09613085391920828 0.021631919422627988
0 0.5718626958307296 0.6385665476298981 0.1100689849563052 0.13496033175849825
0 0.6433632742814017 0.5464361005324557 0.0626196719450391 0.05994048439090349
0 0.6840300752184738 0.6808036660488851 0.07378449247815269 0.06813493030721922
0 0.17718669332344714 0.6028869309401916 0.04984688730530311 0.05012897477225664
0 0.6648685497499379 0.6136608060674187 0.07231292069139794 0.07120536660488845
0 0.6691960000665069 0.491813087918584 0.07038670783841638 0.05865080290255768
0 0.7308860063347131 0.5487104178629837 0.04805706677218957 0.042261911069925696
0 0.7330382250601893 0.7435144863746379 0.06946070533113406 0.08047123920022674
0 0.688114518475414 0.8092014845605394 0.059812920691397944 0.07076885698624161
0 0.4615473214575502 0.6401885566155727 0.04708560015828454 0.06251984736759475
0 0.5020586611909936 0.645513462876175 0.04961956677218957 0.04231647477225664
0 0.7705552262473235 0.28732897376076616 0.07378449247815269 0.0681349303072194
0 0.665683521311901 0.20937261015110256 0.11853470282385156 0.10403771397248338
0 0.554539084323167 0.13197924173211553 0.06900606426490725 0.06484623920022678
0 0.4767250067304246 0.3873363751272271 0.07263116943775678 0.08214286660488845
0 0.6888612938774431 0.40725703864422336 0.0675799565847754 0.0694791754978958
0 0.922276850620503 0.28715290288685924 0.08467652837152997 0.0669543762235354
0 0.8618060150436946 0.16147829109129413 0.04887542069139812 0.0703869110699257
0 0.27278372050784283 0.9939732332097769 0.0412614974927175 0.012053533580446186