0 0.556261862419746 0.14334404017474653 0.09862050649282175 0.10169095941492108
0 0.7095329127440575 0.0928782102224047 0.1079136858759707 0.0971671006486231
0 0.809295359173335 0.19777599025417678 0.0922886858759707 0.09689436525911974
0 0.5727969772751239 0.36010484618110095 0.18540348620028232 0.15162850405718978
0 0.46400045008272545 0.23551217491562682 0.15355346834337488 0.116708033278183
0 0.460799357955519 0.1502741042987758 0.11575345941492117 0.0988659683433748
0 0.3634492508140742 0.3548876919617554 0.09522277110331831 0.08601141233702041
0 0.2812583137202875 0.4073757179363377 0.11583528003177204 0.1035534683433749
0 0.4118946590939048 0.44482294520816623 0.1514727711033183 0.0869932597392328
0 0.005887941154271793 0.5439272780031772 0.011775882308543586 0.1097295560063543
0 0.1781566331193225 0.35946827759614014 0.07123980032431154 0.05435230925276535
0 0.11887709050564868 0.3529631331160272 0.050927300324311545 0.05399775324641087
0 0.08612309172346466 0.3938102755675452 0.08859094155801359 0.06402731818121898
0 0.023346402194045955 0.3637994472400565 0.04209777110331836 0.08508411201270878
0 0.1206947349857616 0.29360176988550235 0.06359094155801359 0.06359094155801355
0 0.226518040992116 0.2751302337646503 0.06170115909060954 0.04481366801906326
0 0.33031519683631466 0.2831939241048479 0.10473413879807011 0.09398755357072242
0 0.25666346266462725 0.33895695454365715 0.07318412986961631 0.07625458279171564
0 0.649347614855378 0.22780658928124212 0.04286933847375849 0.039798885551659155
0 0.3846362784102143 0.1708263376596843 0.06534435633066593 0.07455571509696393
0 0.23366806777747723 0.22367682792045168 0.08239548863591431 0.06704322402541765
0 0.12315371307166434 0.5108983640413036 0.10917617694751698 0.08000687418757338
0 0.1981185312528834 0.4246802203719698 0.07450116801906326 0.06221935633066593
0 0.1750980426169691 0.48992339082666503 0.08269549756436803 0.08423072402541756
0 0.0777360730557783 0.560902318181219 0.05068183847375849 0.039935253246410875
0 0.2897196501654511 0.4598831091700397 0.07784435633066593 0.07477390340856652
0 0.43261230803824463 0.37719511444504555 0.034975017856907445 0.034975017856907445
0 0.6948549837679456 0.2622049086802771 0.03988070616851012 0.04755683847375849
0 0.6194106988649095 0.1968060052717105 0.05281708279171564 0.07277502678536125
0 0.7349696948077197 0.3816912942319363 0.044868215096963836 0.06482615909060954
0 0.9484084521113203 0.15253344845128186 0.05753185633066593 0.0744193474022122
0 0.023920033686867716 0.5560551310874324 0.04784006737373543 0.05863070616851011
0 0.017310636365733365 0.6511767163147799 0.03462127273146673 0.07735343262955982
0 0.1870741168872681 0.609700102677218 0.0974671095770768 0.1251011858759707
0 0.0934274825534249 0.691684713879148 0.08069662094116259 0.05920345048646745
0 0.050943927764886474 0.7526807150969639 0.08296823295387142 0.09985572402541773
0 0.13546893222911333 0.7455597362002824 0.09091710064862313 0.10780459172016936
0 0.19793770455024767 0.7036682909888208 0.08269549756436803 0.08423072402541773
0 0.26986902597787765 0.5673819634721109 0.07326595048646727 0.08094208279171564
0 0.3388372142894803 0.5560819991859258 0.06216480925276535 0.07137616801906325
0 0.27648149026406266 0.6362683311668625 0.12033186525911974 0.09269778896022593
0 0.2875087191607443 0.7208615194784652 0.12200345941492108 0.09897506249917605
0 0.1833376420510715 0.823762602677218 0.0999375446422687 0.08765573295387127
0 0.46102408563768 0.6746564955324779 0.07590002678536116 0.052871629869616396
0 0.3899400182672399 0.6280894127407622 0.07792617694751698 0.0794614034085667
0 0.4186087146965174 0.7317462467502939 0.10780459172016936 0.09091710064862309
0 0.46185810836585145 0.8059610426103785 0.08239548863591431 0.06704322402541792
0 0.3553217362068729 0.8205126919617556 0.10974892126547413 0.11281937418757337
0 0.5093564456217939 0.7262968620094135 0.08943642126547413 0.11246481818121908
0 0.042861151179748515 0.8548471870937867 0.08572230235949703 0.07348413879807011
0 0.49386958766627487 0.5837957163114846 0.10536143019392785 0.1299250535707225
0 0.5888878072274657 0.512775878648505 0.06035684740221221 0.05728639448011297
0 0.59266955195246 0.6542912228043065 0.07143071509696383 0.06528980925276535
0 0.12349067816862827 0.44682222727182863 0.04769320616851021 0.04769320616851012
0 0.5907718612052253 0.5839241757264058 0.0699227621748646 0.06838753571381488
0 0.6279599898570256 0.4681315803527884 0.06814207386326192 0.055860262174864596
0 0.6728264306042602 0.5392486497518234 0.045994338473758486 0.03985343262956
0 0.6234462191607444 0.7267253303527884 0.06539890340856651 0.07768071509696384
0 0.5623763056059079 0.7780190491032004 0.05742276217486477 0.06816934740221221
0 0.38804232752000517 0.5577223656628616 0.04481366801906326 0.06170115909060954
0 0.42528322889997694 0.5732206805976696 0.04755683847375849 0.03988070616851012
0 0.7794248526805133 0.29728506655307063 0.07143071509696401 0.06528980925276535
0 0.6983851327122854 0.19427706898870264 0.11419095941492116 0.0988386948044245
0 0.6118630259745823 0.09195486403800844 0.0666613944801128 0.060520488635914284
0 0.46881858928783265 0.31765251907142816 0.06855117694751697 0.07929776217486459
0 0.6675912800350674 0.39145603205707175 0.06364548863591431 0.06671594155801355
0 0.9388856274372795 0.3399243542954805 0.10429776217486478 0.0689875535707225
0 0.9007016091733352 0.19937149228277168 0.04651253571381488 0.06954093262955988
0 0.10675182265203649 0.8685335860381265 0.03988070616851021 0.04755683847375849