0 0.53515625 0.17734375 0.0796875 0.08515625
0 0.6703125 0.1109375 0.08984375 0.07734375
0 0.775 0.1953125 0.075 0.0796875
0 0.57890625 0.375 0.1578125 0.1203125
0 0.4625 0.275 0.1296875 0.08984375
0 0.4484375 0.19609375 0.09765625 0.07734375
0 0.38515625 0.39765625 0.0796875 0.0703125
0 0.31640625 0.45625 0.09765625 0.0828125
0 0.44140625 0.4734375 0.1328125 0.0625
0 0.0421875 0.62109375 0.078125 0.1015625
0 0.21484375 0.42578125 0.0609375 0.0421875
0 0.159375 0.42734375 0.040625 0.0453125
0 0.134375 0.46953125 0.075 0.0484375
0 0.06640625 0.45078125 0.0453125 0.0734375
0 0.153125 0.371875 0.053125 0.053125
0 0.2484375 0.34140625 0.053125 0.0359375
0 0.3453125 0.3359375 0.0875 0.075
0 0.284375 0.396875 0.059375 0.0625
0 0.63125 0.24375 0.034375 0.03125
0 0.38046875 0.225 0.0515625 0.0625
0 0.2484375 0.29375 0.06875 0.053125
0 0.18359375 0.571875 0.0921875 0.0625
0 0.2421875 0.48359375 0.0625 0.0484375
0 0.22890625 0.54609375 0.0671875 0.0703125
0 0.1484375 0.62421875 0.04375 0.0328125
0 0.33046875 0.50390625 0.0640625 0.0609375
0 0.4515625 0.409375 0.028125 0.028125
0 0.678125 0.26875 0.03125 0.040625
0 0.6 0.21875 0.040625 0.0625
0 0.73046875 0.37421875 0.0359375 0.0546875
0 0.89765625 0.13515625 0.0453125 0.0640625
0 0.0984375 0.6265625 0.0375 0.05
0 0.0890625 0.7171875 0.05625 0.065625
0 0.0375 0.77890625 0.075 0.0671875
0 0.028125 0.8515625 0.05625 0.0625
0 0.25546875 0.6546875 0.0765625 0.10625
0 0.1796875 0.74296875 0.06875 0.0453125
0 0.1484375 0.8046875 0.065625 0.084375
0 0.225 0.78671875 0.071875 0.0890625
0 0.27734375 0.73984375 0.0671875 0.0703125
0 0.3265625 0.60546875 0.059375 0.0671875
0 0.38828125 0.5859375 0.0484375 0.059375
0 0.34140625 0.66796875 0.1015625 0.0734375
0 0.3625 0.74375 0.103125 0.078125
0 0.2796875 0.85234375 0.084375 0.0703125
0 0.515625 0.6796875 0.065625 0.040625
0 0.44453125 0.6453125 0.0640625 0.065625
0 0.484375 0.7375 0.090625 0.071875
0 0.534375 0.8 0.06875 0.053125
0 0.4375 0.8265625 0.090625 0.09375
0 0.5671875 0.7203125 0.06875 0.096875
0 0.15078125 0.89921875 0.0796875 0.0578125
0 0.53515625 0.59140625 0.0828125 0.1109375
0 0.6125 0.5140625 0.05 0.046875
0 0.634375 0.64296875 0.059375 0.0515625
0 0.17578125 0.51328125 0.0390625 0.0390625
0 0.62421875 0.57890625 0.0578125 0.0546875
0 0.64296875 0.4671875 0.0578125 0.04375
0 0.69296875 0.5265625 0.0390625 0.03125
0 0.671875 0.70625 0.053125 0.065625
0 0.62265625 0.76171875 0.0453125 0.0578125
0 0.43359375 0.58046875 0.0359375 0.0515625
0 0.4703125 0.58984375 0.040625 0.0328125
0 0.7609375 0.290625 0.059375 0.053125
0 0.67265625 0.20625 0.0953125 0.078125
0 0.5796875 0.12265625 0.05625 0.0484375
0 0.47734375 0.34921875 0.0546875 0.0671875
0 0.6703125 0.39140625 0.053125 0.0546875
0 0.9125 0.30859375 0.090625 0.0515625
0 0.859375 0.184375 0.034375 0.059375
0 0.21484375 0.903125 0.0328125 0.040625