0 0.16230471725813983 0.551942665977092 0.09634883601209036 0.09017156134627217
0 0.098876921904868 0.699535828652137 0.08710110534690849 0.10099997334499947
0 0.19139059122377775 0.8046949486394104 0.090044292011454 0.08541133601209054
0 0.37360529658659464 0.5854165952816842 0.1379374466899989 0.1734567760184536
0 0.26246889660250294 0.4695381512969562 0.1047795013526354 0.14338746801399935
0 0.17899332527054831 0.4603546026416375 0.08719201201463571 0.10881247334499947
0 0.3885052326145933 0.3790211446133206 0.08070565467854492 0.08842724801081765
0 0.4479807772915473 0.3025580946053664 0.09344201201463562 0.10888519867918127
0 0.47224388594050276 0.4327268526018666 0.07511018268618094 0.14460452267663584
0 0.6090659173297274 0.02333531329568355 0.10999316534054522 0.0466706265913671
0 0.41170801730586487 0.19752569661045713 0.047656797342454205 0.06773294000636332
0 0.41082731731381905 0.13895012794400258 0.048982940006363405 0.04743862133990877
0 0.4541324219844098 0.10954389127150285 0.057213610677908554 0.08346702800763603
0 0.4307318319939548 0.03951320194145724 0.08184998400699968 0.05250792934436312
0 0.35227902064768274 0.13572567795195675 0.060065890674726855 0.060065890674726896
0 0.32296314330045606 0.23839669195577473 0.04129770934118149 0.0582852146721816
0 0.32177226595322944 0.3407404419557748 0.08552042401336299 0.09941929201145401
0 0.38349156329568357 0.2728438699475024 0.06951361600890867 0.06642497867599957
0 0.23694054324477679 0.6494983713001379 0.03482953333863605 0.039462489337999784
0 0.20641943861395698 0.38582676997136495 0.06942270934118148 0.05861247867599957
0 0.27370803063336513 0.24209440396245627 0.06024770401018138 0.07569089067472694
0 0.5645335726448192 0.15434676658977625 0.07147610534690844 0.10081816000954502
0 0.47390802530236503 0.22257969326863933 0.05548747867599957 0.06938634667409058
0 0.5397330199713649 0.20462857725973063 0.07899770401018139 0.07590906667727229
0 0.6181221966502279 0.11388485124923113 0.03806362133990895 0.04887385200509069
0 0.49861657662318387 0.3144672012651395 0.0695863413430903 0.07267497867599956
0 0.404102413271821 0.4483614906110935 0.031613626670908876 0.031613626670908876
0 0.265283171904868 0.6975995166295472 0.04571248933799978 0.03490225867281786
0 0.20918826058245843 0.6177943853039559 0.06773294000636332 0.047656797342454205
0 0.37955420989818645 0.745481938613957 0.0598477146721816 0.04131589067472685
0 0.13358608720564225 0.9389432266470464 0.07245680267345422 0.05083634134309065
0 0.6187403619907732 0.060759851249231146 0.05519657733927232 0.04438634667409056
0 0.7134443346594549 0.04481613056973173 0.07260225334181776 0.06333634134309046
0 0.7779159146642274 0.013659773949729587 0.07541817067154533 0.027319547899459173
0 0.853842615332591 0.0006961499443207432 0.06731476933481809 0.0013922998886414864
0 0.6551034813017287 0.22515815857736773 0.118205654678545 0.08886360001590835
0 0.7451568639799555 0.1389655725652774 0.05087270401018138 0.07558180267345423
0 0.8096375346515007 0.10228263788991417 0.09304202267663583 0.07451019867918122
0 0.7938392646403649 0.1844866105585959 0.09780224801081765 0.08081474267981763
0 0.7463006459659561 0.24206330056495923 0.07899770401018139 0.07590906667727229
0 0.6057660052912291 0.30306552991727653 0.07576361600890884 0.06649770401018137
0 0.5885779579487751 0.3704439339195037 0.06626134667409059 0.05545111600890866
0 0.6728080546228656 0.3147837325748224 0.08568405601527207 0.113481792011454
0 0.7538489692870931 0.3318070532304593 0.09038973734881743 0.11509883601209037
0 0.8650870086330469 0.23755651921550544 0.08076019867918127 0.09311474801081765
0 0.693327997931276 0.49811385323841345 0.04769316000954511 0.0708579400063634
0 0.6535575206079118 0.42514906791059504 0.07271134134309047 0.07271134134309047
0 0.7523399186028211 0.4614945532304593 0.08085110534690845 0.10092724801081765
0 0.8212984565961395 0.509904233887687 0.06024770401018138 0.07569089067472703
0 0.8451728559436844 0.40495310455127803 0.10586928668045381 0.1027806493475449
0 0.7380314232575035 0.5499303445655956 0.10714088534372675 0.07779883068109009
0 0.9088926473185917 0.09800312320977841 0.06664315467854501 0.08826361600890868
0 0.6000592559277761 0.5249768925843675 0.12296588001272682 0.09516814401654479
0 0.5217246232495493 0.611033118594867 0.05377952800763595 0.056868165340545215
0 0.6590337192473221 0.6258394112428678 0.05857611600890866 0.06629770934118148
0 0.5020881166454555 0.15038651993159408 0.04267839600572696 0.042678396005727
0 0.5911467852482767 0.6195990492520946 0.0616829346753633 0.06477157200827222
0 0.4736502025780041 0.647525149268003 0.0507454346753633 0.06464430267345414
0 0.5387115812380954 0.6951990332590944 0.034865896005727134 0.04258748933799979
0 0.7281377079090042 0.6617490919000956 0.07256589067472703 0.060211341343090294
0 0.7842518952498676 0.6056349045592322 0.06464430267345414 0.0507454346753633
0 0.5841171772756389 0.4181456372533673 0.056722714672181596 0.04127952800763594
0 0.5961717346037756 0.45628143658500375 0.036464758672817864 0.04573067067154533
0 0.29240819855986855 0.7832097526257291 0.060138616008908664 0.06631589067472703
0 0.19890419390518618 0.6960284733052285 0.08871814934754481 0.10570565467854501
0 0.10624507391791287 0.6033693533179553 0.0554147533418178 0.06313634667409058
0 0.3420291272676848 0.47954840328613846 0.0757090720082724 0.06181020401018138
0 0.3943621445735498 0.681255806612048 0.06162839067472685 0.06008407200827239
0 0.31789745253823315 0.942266579288684 0.06053860534690845 0.10069089067472703
0 0.18409516454491467 0.8946114239735922 0.06453521467218155 0.0413704346753633
0 0.9159233499761374 0.1650997165420512 0.04573067067154497 0.036464758672817864