0 0.17143501161197547 0.5209659640920382 0.09312552586424747 0.08646474082661797
0 0.10275687094146009 0.6581074157892404 0.08563127461060623 0.09735678903121965
0 0.18801607251167046 0.7685676719375605 0.08830163354437941 0.08174996974937905
0 0.3753018091838353 0.5721325125912278 0.1345521594086269 0.16794199980360833
0 0.27246866270733217 0.44849100039278345 0.10243834138279588 0.13807269262201594
0 0.19152253958779403 0.4325529038853838 0.08581313103709691 0.10360678903121964
0 0.3991926355894434 0.372741045768715 0.07750052586424747 0.0863738372358216
0 0.46047346489804547 0.3036228862259905 0.090500631037097 0.10363406010845858
0 0.4775055036944167 0.43245186817381376 0.0727963054894186 0.13946247579950324
0 0.6307331744523216 0.033086181160040626 0.1066424565847754 0.06617236232008125
0 0.42925690564770314 0.1975365126894236 0.04717652837152997 0.0643261204133089
0 0.4315037157559754 0.14048253679172457 0.049710494985435005 0.044031801131468165
0 0.4753302721033238 0.11600471155795544 0.05544366943775678 0.079996572208707
0 0.4561196193586145 0.04657345550783124 0.07801735141192587 0.05044542759490127
0 0.3742451452228619 0.1330018348981306 0.05788670783841656 0.05657725292686626
0 0.3426889198334681 0.23007682279788216 0.04069920783841656 0.05647725897699045
0 0.33544237265731974 0.3301359101318997 0.08397784639736088 0.09422269867214013
0 0.39929427249903515 0.26881661505055576 0.06744356426490725 0.06288179508134392
0 0.23923392854244976 0.6221512141902341 0.033858174452321685 0.0361283975406721
0 0.22153063684308472 0.36283530152425164 0.06721624373179384 0.05506929508134402
0 0.2934247057268455 0.22880066910889013 0.05994931301126609 0.07377384328594587
0 0.5808277658351176 0.17008770267916087 0.07000627461060631 0.09726588544042354
0 0.48875993778015675 0.22844562422393794 0.05347199247815269 0.06592498184962743
0 0.5540439569804867 0.216345079142594 0.0770913489046432 0.07231133723582168
0 0.6345377875427299 0.13617579011137426 0.03730142319868044 0.04708407825883123
0 0.5093883380175837 0.3197473350945223 0.06601745658477523 0.06756020472226432
0 0.4105680562808415 0.44143650361423725 0.030551318025830908 0.0298602168225127
0 0.26488479790106423 0.6712290636245 0.044704746239076346 0.033067030054229285
0 0.21406043230337346 0.5894796147559681 0.0668979949854351 0.044131795081343836
0 0.3735982198461034 0.7284188740275461 0.058949102665567035 0.039398843285945874
0 0.12520148693486227 0.8923915121984443 0.06859688730530311 0.04882838544042371
0 0.6377249720241814 0.0845860190341354 0.05426160266556703 0.039371572208707
0 0.7304891335443794 0.07701389266889813 0.07208560015828454 0.061346566158582805
0 0.7949093347188784 0.0352258475875542 0.07213106426490726 0.0629090661585828
0 0.868900764185765 0.026981555531272357 0.06676160266556722 0.039444295081343936
0 0.6651094891129403 0.24695420882748093 0.1148641335443795 0.08190450585373252
0 0.7566772119950516 0.17140878728270387 0.052136813011265916 0.07372839149054773
0 0.8206571439692208 0.14134403738089973 0.09271634890464356 0.07240224082661784
0 0.8018365993003547 0.21959175722847454 0.09758570533113406 0.07867951190385672
0 0.7525783968722146 0.2722309438985621 0.07709134890464338 0.07231133723582168
0 0.6140758380175837 0.31913828103618797 0.07217652837152996 0.06447156615858277
0 0.5932381522824909 0.3817700912428424 0.06400031551854841 0.0519261143631848
0 0.6778344611371219 0.3351763714934634 0.08126202335696497 0.1082670179539809
0 0.7559056368430846 0.35972639871902234 0.08755748746358769 0.10986587939029935
0 0.8691665032987054 0.2778037121471306 0.07763691818411544 0.09106133723582169
0 0.6893355654520414 0.515608760057145 0.04735838479802066 0.07057612041330899
0 0.6551220383341528 0.4407951124182771 0.07231292069139812 0.06915906615858276
0 0.7493865153728991 0.4847854860530399 0.08094377461060631 0.0973295179539809
0 0.8134550270513816 0.5383281216898552 0.059949313011265916 0.07377384328594587
0 0.8418407883341528 0.4397088145082629 0.10281877461060632 0.09745678298109546
0 0.7315518091838353 0.5700599107210749 0.10530727711788863 0.07559996369925485
0 0.9184725183424 0.14624463993842363 0.06490959765100186 0.0831761143631847
0 0.597648170624891 0.5333325912428425 0.11977895407749273 0.08974427693097127
0 0.5178446618494024 0.6103723350945224 0.05154577962517113 0.05341589149054791
0 0.6506715337152993 0.6369479497522946 0.05650606426490725 0.06281816256778665
0 0.5195947491420702 0.16028597668326597 0.04341503087881247 0.04243293969514968
0 0.5846828208623178 0.6248297448336386 0.059585600158284534 0.06127384328594587
0 0.47027097987523325 0.6403416362259905 0.04864810015828454 0.06121021077238851
0 0.5304332415537157 0.6939069977605048 0.034040030878812286 0.042378397540672096
0 0.7159388325408003 0.6779814950300302 0.0719946719450391 0.05822156615858276
0 0.7731004631821857 0.6284218565645446 0.062346887305303154 0.048792024004105095
0 0.58754809342786 0.4279047478587007 0.05582410266556703 0.03938066256778665
0 0.596497196093427 0.46692179606330253 0.03721049498543501 0.04395907825883114
0 0.2869165737653117 0.7570529341360048 0.05806856426490725 0.06282725292686635
0 0.19981372736795083 0.6637938135263042 0.08733016693047428 0.10205337939029935
0 0.11489550659741057 0.5650523073779841 0.053290136051661864 0.059674981849627426
0 0.3487954819868043 0.466800117977422 0.0720401360516619 0.05978406615858276
0 0.3905296555811962 0.6658097897185907 0.05944920783841656 0.056586343285945875
0 0.30396298442757985 0.9132302112633678 0.05902331050398359 0.09563975292686636
0 0.17647683042922924 0.8553682351692771 0.06354567445232169 0.0363011143631848
0 0.9219445108205526 0.21186054957934403 0.04479567445232178 0.03619203005422929