0 0.8227913750937155 0.39913036588959605 0.10221842306201409 0.09647610534690845
0 0.861542137727153 0.25098321988386896 0.09462412860909737 0.10576019867918127
0 0.7570890674386807 0.16154909723109562 0.0958229526972918 0.09015338001272673
0 0.6163231695466322 0.39215530191759473 0.1526197729857639 0.1814147266868172
0 0.7389450115865976 0.4899740892345955 0.11748105357097227 0.14820223734881743
0 0.8209762615865976 0.4890195692234596 0.09636846656499998 0.11359088001272663
0 0.6318975374221532 0.5912467825827766 0.08652068787965277 0.09316929201145392
0 0.5876403507767713 0.6706893819223672 0.10261846656500015 0.11366360534690845
0 0.544959928664688 0.549278005927776 0.0892833183886113 0.14474997334499945
0 0.4779802889407646 0.9618876412715028 0.11558993882958327 0.06695223734881743
0 0.637551391429966 0.7670098512492312 0.05628767401194459 0.06938634667409076
0 0.6474543747124659 0.8231598539147311 0.0542523953265972 0.049055665340545215
0 0.6107180941272576 0.8564087059198219 0.06446384992375016 0.08510225334181776
0 0.6426779153656605 0.9201166699156857 0.08263196846486132 0.06032042934436319
0 0.7043947057345147 0.8185899852403224 0.06235583605604163 0.06164657200827221
0 0.7161114961033687 0.7176451032384135 0.04825696846486114 0.05992044000636341
0 0.7021015878589936 0.6193439632400043 0.09298889342673604 0.10261701734563573
0 0.6529932470532993 0.6918098565802312 0.07511040919430556 0.07272952267663584
0 0.7364525251699655 0.31573715790105006 0.03840918977951393 0.03949885200509069
0 0.8062792883720838 0.5626479732256867 0.07336607123840296 0.06489884134309047
0 0.7635677243518756 0.7084968225652775 0.06588087955902786 0.0788704346753633
0 0.4982538085080563 0.8256774212683211 0.0820877610179167 0.10405224801081765
0 0.5746513479269797 0.7505496045910489 0.06261040919430556 0.07258407200827222
0 0.5142775455902784 0.7754774265993213 0.08466724715020835 0.08065111067790873
0 0.4524152848567022 0.8707541112746846 0.04331489532659738 0.04892839600572714
0 0.5367318142076394 0.6658115252625942 0.0751831443766667 0.07585452267663584
0 0.6069507823881601 0.5266757525859582 0.03357621941479163 0.03319430800445424
0 0.70262173261691 0.27236896590550436 0.04618532218833345 0.038027258672817865
0 0.7683025904244447 0.3411547812301411 0.07151263050895836 0.05238066000954502
0 0.586214829406528 0.24012063458786725 0.06359102773541672 0.04760225334181776
0 0.7922608883927431 0.028421707948775084 0.07478310087368065 0.05684341589755017
0 0.4606284815700702 0.92145354527373 0.057304660144236054 0.04596702800763595
0 0.3721660468245494 0.9482711312858203 0.07816267401194459 0.06964088534372692
0 0.3190417000349314 0.9824921372931381 0.08034211664124999 0.029052248010817648
0 0.4008144576343756 0.7689830732813661 0.12409342306201392 0.0967306440165446
0 0.3279601455140285 0.8620432772915473 0.05963087955902786 0.0787977093411815
0 0.27191082047590354 0.904894395965956 0.09876611474138892 0.0823772426798179
0 0.27474357332569516 0.8251523519653198 0.10359908510611113 0.08868178668045382
0 0.31082523726965344 0.7637784999602291 0.08466724715020835 0.08065111067790873
0 0.43647789427975753 0.6896404712762754 0.07979790919430556 0.07278406667727211
0 0.44274477165458387 0.6231433146085481 0.07013196846486114 0.060174978675999566
0 0.3699625415062159 0.6857256779519567 0.09484233415618064 0.11513519867918127
0 0.29011138734590336 0.6796216759627745 0.09963893692972228 0.11987724267981754
0 0.19796221456822982 0.7830653966422739 0.08819229065319449 0.09787497334499946
0 0.3237564226807643 0.5135603239576838 0.053271776785486134 0.07403748400699968
0 0.37214067771475745 0.5778586339513204 0.07990701196784729 0.0774715666772721
0 0.2715951638470491 0.5555847392982288 0.0914627610179167 0.10416133601209018
0 0.19959222406753513 0.5173494899745466 0.06588087955902786 0.0788704346753633
0 0.19259930128986164 0.6198023279758192 0.11188436379145843 0.10908519334818116
0 0.27270176253652817 0.4688296266311379 0.11293771751493065 0.0872283746817267
0 0.17694381259211883 0.9208472073122284 0.07398432028847228 0.09146134134309065
0 0.4080944018792018 0.477413191279457 0.1274002610179167 0.10457950668363551
0 0.4700293977951392 0.3852615066040938 0.05603310087368065 0.05844884667409058
0 0.33643564779513924 0.3868160106222293 0.0641001740119445 0.06947725334181784
0 0.5583555071212853 0.8226336899268215 0.047966027735416715 0.047420440006363404
0 0.40284189779513924 0.38604330394654796 0.06722517401194458 0.06951361600890867
0 0.5105264580156252 0.3457172012651395 0.05465243882958344 0.06624316534054513
0 0.44163033444052113 0.3066643392743663 0.03855466014423605 0.04574885200509069
0 0.26552308254066004 0.3618529206317743 0.07649107123840278 0.06493520401018138
0 0.22081130100552118 0.42176426997136496 0.06849673328250008 0.057031797342454206
0 0.43932817771475746 0.5770768366088663 0.06046602773541672 0.04756589067472685
0 0.42288490691319486 0.5421023999443207 0.041679660144236054 0.04578521467218159
0 0.6640664192622918 0.19388997724382231 0.0641001740119446 0.0694772533418178
0 0.765775696047778 0.2661638718969138 0.09785823138263901 0.11048406134627217
0 0.8683935094023962 0.34389742588323263 0.06086607123840295 0.06475339067472685
0 0.6615830777910073 0.490092815245095 0.07968880642076392 0.06809656667727211
0 0.5806746506449307 0.30426495058882175 0.06551720364722229 0.0632454346753633
0 0.6152808143045487 0.04779923762731999 0.07107752583555574 0.09559847525463998
0 0.7504013499237501 0.07566614123173195 0.06664329255305557 0.044513616008908664
0 0.160608991353716 0.85695742998091 0.04625805737069451 0.04115225867281787