0 0.49691466161807984 0.1525461995559029 0.0955704495445131 0.09741133118569749
0 0.3607167559904497 0.07132399151398887 0.10628969473518968 0.09122496369925477
0 0.23829362976691443 0.15483190398357966 0.09066469473518968 0.09113406010845862
0 0.427938939208076 0.3607177687395478 0.18141866950744615 0.14008971057599676
0 0.5633804206037546 0.2622933833973201 0.15058533175849825 0.10710449375348405
0 0.5874206105296207 0.17779566354974527 0.11415675843752045 0.09283291549465286
0 0.6328248466498045 0.3985803413410383 0.09346231252120454 0.08177724082661779
0 0.6999825755984125 0.4661445703619952 0.11432044954451293 0.09752041549465282
0 0.5644989433844273 0.47630588642238225 0.14954862141421188 0.07741699375348396
0 0.9501933628070554 0.6599617062933982 0.042881959163160135 0.10960225897699054
0 0.8117930948357062 0.44049915486734237 0.07049603847458741 0.05039997579950324
0 0.8709771218775482 0.445622471222317 0.04867560217691817 0.05183521077238851
0 0.8927504289564571 0.49314236583612264 0.08644842068857272 0.059865879390299345
0 0.9620460659797654 0.4771173900366195 0.04513393992586643 0.08462043969514958
0 0.8839607607149553 0.3869650887087596 0.06144842068857272 0.0597204336450254
0 0.785352135124392 0.3477031216898552 0.060793656260602444 0.040970433645025395
0 0.6826636447430389 0.33580308538910997 0.10149306733052796 0.08807269262201593
0 0.7403918099893158 0.4049843565645446 0.0712599303072194 0.07227497579950323
0 0.3868650498225147 0.21723593433239655 0.04037202885594056 0.03772725897699045
0 0.6572321135248457 0.21410080221162264 0.06339286660488845 0.0706670240041051
0 0.7910317054501448 0.2968991457921561 0.08025298439090349 0.0613920179539809
0 0.8288838471979588 0.599742344660688 0.10725199400955035 0.07404655405833438
0 0.7753173922959682 0.500855392767094 0.0723313569862416 0.05822156615858276
0 0.783100121244576 0.5687650554330765 0.07934524881887377 0.0801329275949012
0 0.8604314583605517 0.6581406519404762 0.04974702885594055 0.03778180113146803
0 0.6794592552726596 0.5170349046709507 0.07589286660488845 0.07073974687674216
0 0.5598957781381504 0.4068155430382405 0.033958337748947895 0.03300339754067192
0 0.33373012613871733 0.24019671136156373 0.03908234736759475 0.045530668617910844
0 0.4228943190598084 0.19203140125310514 0.050892866604888454 0.07059430113146817
0 0.26584816697555747 0.34994441608382804 0.04437004809323426 0.06274543969514967
0 0.11354165562763008 0.08135401824856849 0.05563493030721935 0.07218407220870701
0 0.9133109217000628 0.6648628297317691 0.045714293283910835 0.056504530054229285
0 0.9138342221555498 0.7617151038340702 0.06668155771188111 0.07537270472226432
0 0.934870919252992 0.8303287484478759 0.03381449400955035 0.07361930718159222
0 0.7423982209744235 0.6830411788714474 0.0932093413771451 0.1192681504675381
0 0.8130976121740833 0.7833906368151656 0.07998016587924894 0.0535795179539809
0 0.8396030592715256 0.8519724651721926 0.07989088584218215 0.09575792759490157
0 0.7600073285088194 0.827440618664793 0.08792164065150558 0.10205337939029917
0 0.7095460262392338 0.7738388956939602 0.07934524881887377 0.08013292759490138
0 0.6717335461094998 0.6264326305686497 0.07142362141421188 0.07696247579950324
0 0.6077900971979588 0.6010286304704539 0.06015873920022674 0.06752384328594588
0 0.6491293706116037 0.6921758052366848 0.11706350362819702 0.08660109621281223
0 0.6182216217927301 0.7720269317001179 0.12040675843752062 0.09286927693097127
0 0.6944344030109233 0.8934337782075176 0.09814981252120454 0.08180451190385654
0 0.46087540246276915 0.6924899435057787 0.07512897477225663 0.048864746876741985
0 0.5416814583605517 0.6599950851927182 0.0760565577118811 0.07542724687674199
0 0.4883257906672041 0.7563797266832659 0.10450893992586607 0.08496587334017516
0 0.42752221072280444 0.8200018651487516 0.08025298439090349 0.06139201795398073
0 0.5286109955691947 0.8553439466290367 0.10683533175849824 0.10684996369925485
0 0.40167152805333234 0.7326700367917246 0.08501489546082901 0.10828519867214012
0 0.8266814186200199 0.9535895073266705 0.09302580290255769 0.06927724082661797
0 0.4501685701561168 0.5964780067374953 0.10124009618646852 0.12556360226293642
0 0.3766889193378101 0.5086421843323965 0.05810516587924912 0.05345225292686635
0 0.33834812723502566 0.6447751270526083 0.06931548439090332 0.06132838544042372
0 0.8435391134400276 0.537950871788051 0.046894847367595104 0.04557612041330898
0 0.3571278982864179 0.5767109282822723 0.06942461179556503 0.06445338544042353
0 0.3488565852170592 0.4556899011549092 0.06742560217691818 0.051944295081343836
0 0.2889433826773213 0.5161824944408552 0.045059528855940556 0.03775453005422928
0 0.29155248358829516 0.7098779522863774 0.06350199400955026 0.07379202400410509
0 0.33775287179273006 0.7736586511549093 0.05541667549789597 0.06593407220870713
0 0.560461229411944 0.5919308864223822 0.04269842068857255 0.05961134933607006
0 0.5195906927514551 0.5991984857584522 0.04662202885594056 0.03776362041330898
0 0.24250492541307792 0.25791145218818157 0.06931548439090332 0.06132838544042354
0 0.34698658348777867 0.17372682884800641 0.11253969473518968 0.09126132513557321
0 0.4553472097113141 0.0903007296101322 0.0645188569862416 0.058176114363184706
0 0.5395584854872117 0.34054110324489495 0.06673612141421188 0.07693520472226431
0 0.32833824329176 0.3722325065411035 0.06312004809323427 0.0628545240041051
0 0.07816960690142366 0.26667843989154144 0.10218254809323424 0.06308178298109546
0 0.14907736234371924 0.13738584963065764 0.04453373920022683 0.06743293969514967
0 0.7579859823223508 0.9524269831261737 0.03908234736759475 0.04553066861791066