0 1 0.710512146875 0.9764300406249999 0.68605305 0.9244455781250001 0.6927444046875 0.971915940625 0.9022979390625 1 0.8956239406250001 1 0.710512146875
0 0.7040428359375001 0.4082074515625 0.7126698874999999 0.4656127484375 0.7585858578125 0.5707808140624999 0.8032082171875 0.613969628125 0.8631836749999999 0.6167041140625 0.8731688359374999 0.6341496890625 0.893160653125 0.635061184375 0.8892009875 0.5737155031250001 0.8392966875000001 0.4525079625 0.8099844296875001 0.43682413750000004 0.7793713921875 0.37048760937499997 0.7400596421875 0.3600113109375 0.710733053125 0.366980590625 0.7040428359375001 0.4082074515625
0 0.72811615 0.2779132359375 0.7514244109375 0.3035175109375 0.7927446578125 0.299360440625 0.794109934375 0.24807416718750003 0.778807 0.209242628125 0.675517128125 0.202645478125 0.672836740625 0.22593215312499998 0.6941508375 0.2435166921875 0.705458275 0.2776353125 0.72811615 0.2779132359375
0 0.854355965625 0.8764422906249999 0.8376805890625001 0.9002235734375 0.8010205609375 0.9117668109375 0.7993089359375001 0.9433169046875 0.9811623265625 0.9001005937500001 0.9636498328125 0.873118990625 0.9130234796875 0.8398506265625001 0.854355965625 0.8764422906249999
0 0.7550687578125 0.86323150625 0.86037429375 0.8438687359375001 0.8610461828125 0.8352154281249999 0.823106875 0.76212630625 0.7877834546875 0.7676894812499999 0.7418244859375 0.7304807296875 0.6931636328125 0.7505383109375 0.7237695015625001 0.8282013906250001 0.7570772546875 0.8485981375 0.7550687578125 0.86323150625
0 0.49476372187499995 0 0.4983714703125 0.012583609374999999 0.5276837265625 0.0282674359375 0.542321940625 0.064425728125 0.5796395249999999 0.066882290625 0.624297715625 0.0534383421875 0.646962753125 0.0423897140625 0.6516373062499999 0.027122773437499997 0.62316598125 0 0.49476372187499995 0
0 0.8712821640625 0.456231665625 0.8799235484375 0.49098385625 0.9038965328125 0.5192613765625 0.9278910125 0.5135592390625 0.9478756687500001 0.5257972875 0.9905253593750001 0.5269867078125 0.9645725421875 0.46803634375 0.9726065359374999 0.4095028703125 0.9273481203125 0.31833460156250004 0.86671510625 0.3016003171875 0.8640418875 0.313560440625 0.8480455640625 0.3173618640625 0.8326996328125 0.346489640625 0.8426417953125 0.4318945328125 0.8712821640625 0.456231665625
0 1 0.528511225 0.9518496656250001 0.5644898640625 0.9617918281250001 0.6498947562499999 0.9737783203125 0.664033515625 1 0.66310679375 1 0.528511225
0 0.150333225 0.282152715625 0.1056463671875 0.3409028765625 0.1229004703125 0.455713465625 0.147538178125 0.4866642328125 0.18750748281250001 0.5111403265625001 0.23084339531250003 0.4810233359375 0.2548307125 0.48664775000000005 0.2781748046875 0.45561926250000007 0.29950323437500004 0.450550696875 0.3148491671875 0.42142292187499997 0.316228775 0.3474835453125 0.2962799546875 0.278612734375 0.25230081718749997 0.2720768234375 0.150333225 0.282152715625
0 0.0017853390625 0.10228204062499999 0.005607690625 0.321264415625 0.0396812484375 0.3254357328125 0.12099946718750001 0.3004485484375 0.1590247703125 0.23761903750000002 0.1257528484375 0.16058953125 0.15442188437499998 0.1396204546875 0.133786840625 0.10205605312499999 0.1016600953125 0.0785474375 0.0017853390625 0.10228204062499999
0 0.5744346640625 0.92031411875 0.615083025 0.924810353125 0.6644086015624999 0.9074260187500001 0.6771028125 0.856278709375 0.62118735 0.7563181703125 0.5592105609375 0.7568905015625 0.5352089109375 0.773919190625 0.527853971875 0.81247280625 0.535830634375 0.8445517515625 0.5744346640625 0.92031411875
0 0.5078836531250001 0.777581653125 0.5605328359375 0.77356354375 0.5945339796875 0.7513273265625 0.6005379750000001 0.7414068765625 0.58790109375 0.701941765625 0.540641346875 0.6140803125 0.5306490187499999 0.6079612890625 0.428002371875 0.6380170421875 0.44662175 0.7015413625 0.5078836531250001 0.777581653125
0 0.36293846093750004 0.2514469125 0.39294410625 0.2244977734375 0.3816581671875 0.1563994953125 0.3596936828125 0.11348860624999998 0.333047478125 0.097171209375 0.30305616562500004 0.10146724375 0.297702559375 0.1367140421875 0.327629375 0.23435698125 0.36293846093750004 0.2514469125
0 0.546030784375 0.5222007515625 0.5726984875000001 0.504538490625 0.5920399187500001 0.4801236359375 0.5641001015625 0.4018269859375 0.5414565609374999 0.37889595468750004 0.4888073765625 0.3829140640625 0.47945110625 0.424774496875 0.5100426437500001 0.5250906828125 0.546030784375 0.5222007515625
0 0.830454646875 0.7348992421875 0.823785928125 0.742146446875 0.9050898140625 0.739812365625 0.9111009765625001 0.7185653656250001 0.9111224765625 0.68458570625 0.8838187156249999 0.6542685125000001 0.8544921265625 0.661237790625 0.8358369171875 0.654346234375 0.8131647125000001 0.6767214140625 0.815137378125 0.7187208078125 0.830454646875 0.7348992421875
0 0.5335730609375 0.1995718265625 0.58823074375 0.18092035 0.5636073703125 0.127316478125 0.5476182171875 0.11979135 0.5043038015625 0.11592868593750001 0.45963844531250003 0.1406991859375 0.4689445515625 0.1781246234375 0.49825680781250004 0.19380845 0.5335730609375 0.1995718265625
0 0.7042219937499999 0.1250436375 0.727558921875 0.10534170312499999 0.7156010953124999 0.04589673125 0.702942715625 0.040411278125 0.644289534375 0.0543498375 0.6269494359375 0.0754578765625 0.660914746875 0.10985442031249999 0.6668972421875 0.1339136296875 0.7042219937499999 0.1250436375
0 0.43218618593749997 0 0.3207891953125 0.0264727921875 0.33371936406249997 0.0885179015625 0.3623669015625 0.1015284828125 0.3603584046875 0.116161853125 0.4456864515625 0.07323448125000001 0.4536989453125 0.0486806625 0.43681679687499997 0 0.43218618593749997 0