0 0 0.2 0.2375 0.195 0.2325 0.14750000000000002 0.20249999999999999 0.13 0.2 0.1075 0.1525 0.1025 0.1 0.1125 0.08 0.10500000000000001 0.0775 0.09 0.017499999999999998 0.08249999999999999 0 0.08249999999999999 0 0.2
0 0.38 0.315 0.48250000000000004 0.3325 0.5349999999999999 0.3275 0.5700000000000001 0.3125 0.5700000000000001 0.28500000000000003 0.5525 0.2525 0.4875 0.24 0.46749999999999997 0.21749999999999997 0.35 0.2 0.29500000000000004 0.21000000000000002 0.3 0.22749999999999998 0.3175 0.2325 0.3325 0.28500000000000003 0.38 0.315
0 0.6825 0.3 0.7025 0.315 0.7224999999999999 0.3075 0.6950000000000001 0.21749999999999997 0.6575 0.2125 0.6125 0.225 0.6174999999999999 0.2625 0.645 0.27749999999999997 0.65 0.2975 0.6825 0.3
0 0.0725 0.3175 0.09 0.2975 0.11000000000000001 0.2375 0.06999999999999999 0.2 0.0125 0.18 0 0.185 0.005 0.3725 0.06999999999999999 0.3525 0.0725 0.3175
0 0.16 0.4025 0.23500000000000001 0.4125 0.2425 0.365 0.2 0.3325 0.1975 0.3 0.125 0.28250000000000003 0.11750000000000001 0.28500000000000003 0.12250000000000001 0.3825 0.135 0.3775 0.16 0.4025
0 0.9275 0.4225 0.9974999999999999 0.425 0.9925 0.325 0.9175000000000001 0.3125 0.8825 0.29 0.8699999999999999 0.2975 0.865 0.32 0.8625 0.3625 0.8724999999999999 0.395 0.9075 0.4 0.9275 0.4225
0 0.395 0.1525 0.395 0.175 0.425 0.19 0.4575 0.19 0.485 0.21000000000000002 0.5625 0.2 0.585 0.18 0.585 0.16499999999999998 0.595 0.16 0.5675 0.11000000000000001 0.47750000000000004 0.09 0.42750000000000005 0.11000000000000001 0.37 0.1 0.38 0.1375 0.395 0.1525
0 0.34500000000000003 0.14250000000000002 0.3675 0.09 0.3525 0.0725 0.27999999999999997 0.0775 0.255 0.09 0.24500000000000002 0.1075 0.2525 0.145 0.26749999999999996 0.1525 0.34500000000000003 0.14250000000000002
0 0.615 0.8525 0.72 0.8425 0.7625 0.79 0.75 0.6975 0.735 0.6599999999999999 0.67 0.6575 0.605 0.675 0.5825 0.6950000000000001 0.5825 0.7150000000000001 0.5599999999999999 0.7424999999999999 0.5700000000000001 0.7625 0.5525 0.8074999999999999 0.5825 0.8375 0.615 0.8525
0 0.985 0.9099999999999999 0.97 0.8949999999999999 0.9800000000000001 0.89 0.97 0.885 0.9724999999999999 0.86 0.9550000000000001 0.8225 0.9574999999999999 0.7925 0.925 0.765 0.8875 0.755 0.875 0.7849999999999999 0.8 0.7725 0.7525000000000001 0.82 0.7474999999999999 0.8975 0.7725 0.9650000000000001 0.985 0.9650000000000001 0.985 0.9099999999999999
0 0.215 0.5725 0.2475 0.5575 0.2575 0.5325 0.24500000000000002 0.47750000000000004 0.145 0.45 0.1025 0.4725 0.0975 0.52 0.11000000000000001 0.5549999999999999 0.185 0.5725 0.215 0.5725
0 0.39 0.6224999999999999 0.395 0.525 0.3875 0.5175 0.3 0.495 0.2625 0.4925 0.255 0.5 0.2425 0.5349999999999999 0.25 0.5825 0.32999999999999996 0.62 0.39 0.6224999999999999
0 0.89 0.615 0.8875 0.5875 0.8675 0.5675 0.825 0.5575 0.7625 0.5625 0.745 0.595 0.7675 0.6224999999999999 0.86 0.6275000000000001 0.89 0.615
0 0.6025 0.5125 0.595 0.465 0.5700000000000001 0.45 0.495 0.4425 0.47750000000000004 0.465 0.46749999999999997 0.4925 0.4725 0.525 0.5675 0.53 0.6025 0.5125
0 0.2375 0.2975 0.275 0.29 0.29 0.265 0.27999999999999997 0.25 0.27999999999999997 0.2225 0.2475 0.205 0.21749999999999997 0.2125 0.2 0.2225 0.215 0.29500000000000004 0.22000000000000003 0.2875 0.2375 0.2975
0 0.8225 0.485 0.835 0.44000000000000006 0.8225 0.4025 0.8125 0.39 0.76 0.38 0.755 0.4325 0.7675 0.4625 0.7875 0.485 0.8225 0.485
0 0.845 0.3225 0.86 0.3025 0.86 0.2475 0.8525 0.2375 0.7975 0.24 0.7849999999999999 0.265 0.7849999999999999 0.3 0.8074999999999999 0.3 0.845 0.3225
0 0.96 0.5825 0.96 0.475 0.905 0.47000000000000003 0.885 0.48250000000000004 0.865 0.5675 0.8775000000000001 0.5625 0.8949999999999999 0.585 0.96 0.5825