0 0.8419460578125 0.7305287593750001 0.793921925 0.7274148796875 0.7812959359375 0.9534780515625 0.9002782921874999 0.94654811875 0.9002869359375 0.9463002968750001 0.894802384375 0.885644475 0.8796695078125 0.8837252546875 0.8727674999999999 0.8637136640625 0.884775553125 0.8099540812500001 0.8813849593749999 0.7618960703125001 0.858641346875 0.7602873781249999 0.8419460578125 0.7305287593750001
0 0.6700079421875 0.4306093296875 0.6630737109375 0.48416189843749996 0.6771998625 0.5875881859375001 0.705959571875 0.6346111140625 0.758703165625 0.6476790375 0.76315685 0.665253871875 0.780738046875 0.6696098453125 0.7928346921875 0.613309996875 0.7792400859375 0.4946421234375 0.7571166125000001 0.4752515796875 0.7467354171875 0.40972224375 0.7143757078124999 0.39328599375 0.6864696828125 0.3944245796875 0.6700079421875 0.4306093296875
0 0.7246441671875 0.316767540625 0.7388911359375 0.3440894 0.776767625 0.3476173109375 0.7910468171875 0.3013750125 0.7873018578125001 0.2634780625 0.6969475515625 0.2392614359375 0.6886280890625 0.25989407343750004 0.7031408296875 0.2795951421875 0.704526059375 0.3125150734375 0.7246441671875 0.316767540625
0 0.7829125125 0.8978196109375001 0.746276296875 0.8587279999999999 0.6846816984374999 0.881534303125 0.6637662734374999 0.9001442171875 0.628160921875 0.9041335890625 0.608076971875 0.9635669078125 0.8002062671875001 0.95237665 0.7829125125 0.8978196109375001
0 0.5995783953125 0.8520301328125001 0.6983407546875 0.8530738546875 0.7011434390625 0.845349553125 0.6859541953125 0.772406440625 0.6530629390625 0.771211778125 0.6215891375 0.729372884375 0.5731220484375 0.7389603265625 0.5806119671875 0.8147542281250001 0.6050951718750001 0.8391217953125001 0.5995783953125 0.8520301328125001
0 0.5874857328124999 0 0.5875140812499999 0.035721114062499996 0.6096375578125001 0.055111657812500006 0.6134711078125 0.0904683453125 0.646096590625 0.0992838 0.6893126734374999 0.0949839015625 0.7123220578125 0.088971803125 0.7203757453125 0.0759599578125 0.6987838171874999 0.041327826562499996 0.693309053125 0 0.5874857328124999 0
0 0.806791746875 0.503664596875 0.8056400640625 0.5366880328125 0.8197984421875001 0.566550159375 0.8426306453124999 0.5656185890625001 0.8573205671874999 0.580239128125 0.8950198734375 0.58884756875 0.8869098203125001 0.5308355171875 0.908976928125 0.479202165625 0.8918709093749999 0.388580709375 0.8421071828125 0.3627079578125 0.8366789953125 0.37307603125 0.8214575265624999 0.373697078125 0.80036491875 0.3973875203125 0.78747095625 0.47654974843750003 0.806791746875 0.503664596875
0 0.88297959375 0.7161713140625 0.9010923390625001 0.7052857 0.9146628046874999 0.679365515625 0.9223057609374999 0.6054908328125 0.9050789296874999 0.5909738015625 0.851006471875 0.61600984375 0.838112509375 0.6951720734375 0.845191696875 0.7101031375 0.88297959375 0.7161713140625
0 0.20874111874999998 0.21859421874999999 0.153959934375 0.263952378125 0.14009147187499998 0.371057515625 0.1541612578125 0.40345990625 0.183541103125 0.4327009828125 0.22982564375 0.41305599375 0.2497665703125 0.42238898750000003 0.2784699140625 0.398388021875 0.298765203125 0.397559959375 0.3198578125 0.373869515625 0.33991955625000003 0.3070980859375 0.3396860078125 0.24115471875 0.3021638828125 0.22746575 0.20874111874999998 0.21859421874999999
0 0.039033412499999996 0 0.0315116890625 0.21567870937500003 0.0991223859375 0.2382866421875 0.17794381875 0.2299973703125 0.22782836093749997 0.1797656984375 0.21780153124999999 0.1040753046875 0.248687421875 0.0901318890625 0.2398686390625 0.052441953124999996 0.213114296875 0.0205571015625 0.1825827703125 0.024339460937499998 0.1451492359375 0.0081102265625 0.11969153125000001 0.01168556875 0.114972071875 0.0017315281250000001 0.10954388749999999 0.0120996015625 0.097386865625 0 0.039033412499999996 0
0 0.424088559375 0.871873496875 0.45916236406250005 0.8831257078125001 0.5075408593749999 0.8760785296875 0.53187910625 0.8319624640625 0.50751671875 0.7314904734375001 0.45214762343750003 0.7210663234375 0.42642414687499997 0.732262459375 0.410050996875 0.76590694375 0.40898790625 0.7963901171875001 0.424088559375 0.871873496875
0 0.401143625 0.730757275 0.44907916718749996 0.7364114171875 0.48503887968750004 0.7222609875 0.49291538749999997 0.71432966875 0.4917073390625 0.6763292109375 0.47197581718750004 0.5883515265625 0.46463085781249996 0.5810412578124999 0.3655141328125 0.5901585921875 0.3659248640625 0.6510214296875 0.401143625 0.730757275
0 0.40600006562499996 0.22830245625 0.43960004843749995 0.2091750046875 0.44688864375000004 0.1454613796875 0.43824704375 0.10269091562499999 0.41866048125 0.08319686093749999 0.39084304531249997 0.081795184375 0.3770953984375 0.112795896875 0.3788913578125 0.20657866406249997 0.40600006562499996 0.22830245625
0 0.500179840625 0.5060279875 0.528440228125 0.49472834218750006 0.5518925671875 0.4760149203125 0.5469395593749999 0.40011751249999994 0.532604 0.3753359140625 0.4846684578125 0.369681771875 0.4656698078125 0.4059700265625 0.4673771765625 0.502293059375 0.500179840625 0.5060279875
0 0.6994360703125 0.7490265203125 0.6916481546875 0.754417571875 0.7646870375 0.76665743125 0.77545481875 0.7484615515625 0.78412864375 0.7176678546875 0.767521946875 0.6853689703125 0.739615921875 0.6865075578125001 0.72474881875 0.676967546875 0.6988481578125 0.6932442125 0.6899085625 0.7316587015625 0.6994360703125 0.7490265203125
0 0.5712536671875 0.21141339062500003 0.624705984375 0.2041591953125 0.6164187484375 0.15122767343750002 0.6040885546875 0.14158415468750002 0.566477840625 0.1304354515625 0.5203704796874999 0.144999915625 0.5191302078125 0.1805636171875 0.541253684375 0.1999541625 0.5712536671875 0.21141339062500003
0 0.742289815625 0.17399519218749998 0.7681018828124999 0.16025879062499998 0.77258779375 0.10426946562499999 0.7627059203125001 0.0970627046875 0.706893871875 0.0993398765625 0.6860670359375 0.1154095265625 0.7075703734375 0.152581921875 0.7067730546875 0.1754443015625 0.742289815625 0.17399519218749998
0 0.525122165625 0.081389796875 0.5385154484375 0.060550140625000005 0.535390625 0.004871342187500001 0.42630344062500003 0.009322178125 0.4214631640625 0.0754725609375 0.44367522968750006 0.0923228421875 0.4381584515625 0.1052311796875 0.525122165625 0.081389796875