0 1 0.8877014921875 0.9940248015625001 0.8874447265625 0.9817799968750001 0.8672868046875 0.980572078125 0.810520984375 0.9648414328125 0.7609837921875 0.940842478125 0.7612612953125 0.9159627078125 0.731835209375 0.8653597734374999 0.732714534375 0.9117549437499999 0.97899594375 1 0.9680096921875 1 0.8877014921875
0 0.661401228125 0.4355816234375 0.6678192000000001 0.49169880624999995 0.70875671875 0.59772431875 0.7505376312500001 0.6440183296875001 0.8085654812499999 0.6530558046875 0.8176515421874999 0.6708966843749999 0.8369941578125 0.673909175 0.8352325234375 0.614501996875 0.7909727125 0.492628328125 0.7630977484375 0.4744163171875 0.7356760125 0.4073625625 0.6979346609375 0.3930891828125 0.669279371875 0.39665668125 0.661401228125 0.4355816234375
0 0.689138278125 0.31287544375 0.7108593062499999 0.3399844875 0.751042134375 0.3404024359375 0.7541003875000001 0.291236375 0.7405846046875 0.25226461875 0.6407127796875 0.23488512031250003 0.6373274234374999 0.25698895 0.65738730625 0.276173915625 0.667190634375 0.31018727031250004 0.689138278125 0.31287544375
0 0.7430436984375001 1 0.9293594374999999 0.9768042359375 0.930824325 0.9684909765624999 0.89724865625 0.9103342546875 0.8493138109375 0.872937275 0.7912229 0.9018517875000001 0.7742586953124999 0.922935846875 0.738342040625 0.9301176625 0.7320238812500001 1 0.7430436984375001 1
0 0.6954536984375 0.8785409312500001 0.7981571625 0.8711752421875 0.799101040625 0.8629268453125001 0.764808109375 0.7885976484375 0.730389046875 0.7901724265625 0.687110540625 0.74948545 0.639276184375 0.7635715750000001 0.6663077546875 0.841515084375 0.6978951734375001 0.8646854984375001 0.6954536984375 0.8785409312500001
0 0.5923129203124999 0.029507718750000002 0.588898325 0.020564782812499998 0.47135697031249996 0.0164601484375 0.47547689374999996 0.033212281249999996 0.5033518531250001 0.0514242921875 0.5163139234375 0.0877546875 0.5523941296875 0.0941039890625 0.596125865625 0.08594922187500001 0.6184636734375 0.0777476390625 0.6235101734375 0.0635678875 0.5923129203124999 0.029507718750000002
0 0.8218428640625 0.4996262671875 0.8290411656250001 0.533963940625 0.8513159109374999 0.56371434375 0.8747611484375 0.56079548125 0.8937136000000001 0.5746977281250001 0.935003859375 0.5803983953125 0.9118482968749999 0.5209444000000001 0.9216141984374999 0.465522665625 0.88084023125 0.373028271875 0.8226488312500001 0.350459678125 0.8196536390625001 0.361673753125 0.80402348125 0.3636196625 0.7881667078125 0.3899864421875 0.7949117828125 0.4731658578125 0.8218428640625 0.4996262671875
0 0.954874553125 0.7134393203125 0.9708948749999999 0.7006036546875001 0.9783828546875 0.67256846875 0.9675351578125 0.595320409375 0.9459776796874999 0.5817424796874999 0.8962555625 0.612325396875 0.9030006374999999 0.6955048125000001 0.914138009375 0.710380015625 0.954874553125 0.7134393203125
0 0.12908322187500001 0.25521677343750004 0.08379082812500001 0.3069305640625 0.0966267703125 0.419164934375 0.11945523124999999 0.4515566984375 0.1573601359375 0.4793611953125 0.20037460468749999 0.45503394999999996 0.22342967656249998 0.46300484375 0.24710152812500003 0.435665109375 0.2679417421875 0.43307056250000003 0.2837985140625 0.40670378281249997 0.28763709843749996 0.335758209375 0.2706354671875 0.26740718124999996 0.228237778125 0.256423796875 0.12908322187500001 0.25521677343750004
0 0.0038236531249999997 0.0729596578125 0.0148694515625 0.2837260234375 0.020389375 0.285010609375 0.100037765625 0.26967402812499996 0.13901267343749998 0.213326153125 0.1093760765625 0.1357069609375 0.13786781875 0.11860834687499999 0.119141978125 0.0802852265625 0.09707822968749999 0.061349735937500004 0.0038236531249999997 0.0729596578125
0 0.5184754484375 0.91412568125 0.557714396875 0.922792025 0.6061024671874999 0.911347259375 0.62013454375 0.8635252859375001 0.569330634375 0.761438409375 0.509251475 0.755366609375 0.485416071875 0.76917523125 0.4769842125 0.8054588125000001 0.48362879999999997 0.8371551265624999 0.5184754484375 0.91412568125
0 0.45881208906250004 0.7697770515625 0.5099687390625001 0.7715390859375 0.5436705328125 0.7537918343750001 0.5498244671875 0.7448948015625 0.53891370625 0.7055987265625 0.4960884265625 0.6160700109375 0.48661220156249996 0.6091188859375001 0.3861236015625 0.6270500140624999 0.40201779687499994 0.690118321875 0.45881208906250004 0.7697770515625
0 0.33615129375 0.248409471875 0.36614063125 0.2257038203125 0.357507796875 0.1590211984375 0.33767452656249997 0.11541535781250001 0.3124045921875 0.09687902968749999 0.2831955859375 0.0978051703125 0.27681503749999997 0.13112307343750002 0.3025125640625 0.22820473749999998 0.33615129375 0.248409471875
0 0.5044197968749999 0.5283033265625 0.530860225 0.5141703875 0.5504294562500001 0.492762009375 0.5260029140625 0.4144941796875 0.5048355984375 0.39002649375 0.45367895 0.3882644609375 0.44319578281250005 0.42751372187500003 0.46944702187500004 0.5272367453125 0.5044197968749999 0.5283033265625
0 0.7728498015625 0.763203821875 0.766142153125 0.7694594968749999 0.8450102140625001 0.775902428125 0.8515543125 0.7561156375 0.8527248046875 0.7234463703125 0.8272913171875 0.6913789234375 0.7986360265625 0.6949464234375 0.7807910062500001 0.6863268953125 0.7580630328125 0.705418234375 0.7585536875 0.7460115796875 0.7728498015625 0.763203821875
0 0.5032631546874999 0.216763353125 0.5568612796875 0.20466995312499997 0.534813146875 0.150498678125 0.5195731546875 0.14155483124999999 0.47772917968749995 0.13321280625 0.4336072796875 0.1522573296875 0.441359296875 0.1892363640625 0.469234259375 0.20744837500000002 0.5032631546874999 0.216763353125
0 0.6711553421875001 0.1633377234375 0.69443703125 0.14688774531249998 0.684860315625 0.0884535171875 0.6727790640625 0.0818267125 0.61546848125 0.0889617125 0.5979505609375 0.10740441406250001 0.6297015328125 0.14410594375000002 0.6346849734375 0.167878178125 0.6711553421875001 0.1633377234375
0 0.33822824375 0.11805671874999998 0.4223694203125 0.08589902656250001 0.43096482812500003 0.0631465609375 0.418316253125 0.021356543750000002 0.3042780296875 0.03555396875 0.31334847187500003 0.08863063125000001 0.34066971874999996 0.10420128437500001 0.33822824375 0.11805671874999998