0 0.1863550703125 0 0.1864378484375 0.0006207781249999999 0.1642142265625 0.05179077343750001 0.15822019375000002 0.10085117031249999 0.1802451453125 0.1078081796875 0.19086835468750002 0.1416153609375 0.23742990156250002 0.15602122812500002 0.2766046296875 0 0.1863550703125 0
0 0.301543890625 0.48320124375000006 0.31874422187499996 0.431047546875 0.3249369234375 0.32386014687500003 0.3058145 0.2698812421875 0.256549096875 0.2443702640625 0.25558481875 0.225674096875 0.23916301875 0.21717043593750002 0.21635953749999998 0.2708707859375 0.206687678125 0.3932403 0.224653615625 0.41790977656250006 0.222135509375 0.486158190625 0.2507278890625 0.5102647140625 0.2783559890625 0.5156750734375 0.301543890625 0.48320124375000006
0 0.22579717968750002 0.5846997328125 0.2171057546875 0.55391475625 0.18059078906249998 0.541476290625 0.157595096875 0.584563378125 0.153920503125 0.6235023640625 0.23796129531250002 0.669042865625 0.250135103125 0.6502756 0.239704103125 0.6270816765625 0.244730625 0.5936952453125001 0.22579717968750002 0.5846997328125
0 0.28873690937499996 0 0.30970069218749996 0.0353347203125 0.3746190578125 0.026896315625 0.3987712375 0.0131186578125 0.4345141328125 0.0174742140625 0.444449721875 0 0.28873690937499996 0
0 0.452476840625 0.07651382031250001 0.3556823796875 0.052270940625 0.3514311578125 0.059370146874999995 0.3521967625 0.1361933203125 0.384268296875 0.14511773125 0.40706208593750004 0.19452777968749999 0.45652292812499995 0.1962818859375 0.46387211875 0.1184039109375 0.4445542546875 0.08818188125000001 0.452476840625 0.07651382031250001
0 0.293204453125 0.96540276875 0.305948546875 0.8991568890625 0.28798260937500003 0.8744874156250001 0.2910773453125 0.8380787796875 0.2607453890625 0.8215633109375 0.2174675546875 0.815732203125 0.193703025 0.8163662531250001 0.18326879375 0.8275424593749999 0.197755578125 0.8673940515625 0.1929180328125 0.9457638734374999 0.293204453125 0.96540276875
0 0.1813790125 0.377708534375 0.18891718125 0.34481395312499996 0.180805615625 0.311498621875 0.15820080625 0.307071965625 0.14661008749999999 0.288938746875 0.1112548390625 0.27143957812499997 0.10796466406250001 0.33160508437499997 0.0762743171875 0.3782773265625 0.0754925546875 0.473304815625 0.1193470171875 0.51097570625 0.1266897453125 0.5018379984375 0.14175961875 0.5047891015625 0.1670715140625 0.4859507359375 0.195093728125 0.40947721562500006 0.1813790125 0.377708534375
0 0.14778273125000002 0.1463975125 0.127881775 0.1530759671875 0.10952495625 0.1759202359375 0.0876857515625 0.24831675468749997 0.10178811562500001 0.2669418234375 0.1597514046875 0.254497515625 0.18777361875 0.17802399687499998 0.18371783749999998 0.1613663296875 0.14778273125000002 0.1463975125
0 0.7134311484375 0.8044556828125 0.776033309375 0.7717685578125 0.810433971875 0.6674611609375 0.8029022671874999 0.6316154765625 0.7797208296875 0.595349040625 0.7304521937499999 0.60420819375 0.712678465625 0.5901519796875 0.6798316328125 0.60751479375 0.65973846875 0.6035799875000001 0.6344265734375 0.6224183531249999 0.60176871875 0.684764559375 0.5892040265625 0.751045571875 0.62339955625 0.773605446875 0.7134311484375 0.8044556828125
0 0.6632677921875 0.9881179390625 0.8558181703125 0.9847569593750001 0.8869269031250001 0.8490066390625 0.8249110640625 0.810423146875 0.7458903296875 0.8002364828124999 0.6871517421875 0.8389680140625 0.6823141984375 0.9173378375000001 0.64927515625 0.924087390625 0.6506238515625 0.9640100796875 0.6632677921875 0.9881179390625
0 0.6286796812500001 0.09779975625000001 0.5964159375 0.078262084375 0.547534953125 0.0739776265625 0.5150725390625001 0.11256695937500001 0.5195062781249999 0.2191914125 0.5718631859375 0.2426638890625 0.5992990781249999 0.23746098437500002 0.62190711875 0.207517509375 0.6288654265625 0.17715328125000002 0.6286796812500001 0.09779975625000001
0 0.623835675 0.24490984531249999 0.5778539859375 0.227973625 0.5397916515625 0.2337394765625 0.5305171375 0.23985498125000002 0.524330896875 0.27830211875 0.5266406406249999 0.37129110625 0.5324359984375 0.380357715625 0.6315498953125 0.3944791875 0.64295486875 0.3332588796875 0.623835675 0.24490984531249999
0 0.5215818046875 0.7483788625 0.4848714 0.7596972734375 0.46535163125 0.821972378125 0.4655406078125 0.866955771875 0.4809949015625 0.8911333953125 0.5080431453124999 0.8990741046874999 0.5275596796875 0.87116913125 0.543991175 0.7765623921875 0.5215818046875 0.7483788625
0 0.4829686921875 0.4473438734375 0.4530211546875 0.45205492812500003 0.4263573328125 0.46534073749999993 0.41649649687499996 0.542726859375 0.425767778125 0.5709814875 0.47174946875 0.5879177078125 0.4974490140625 0.5559357296874999 0.51446036875 0.4587986375 0.4829686921875 0.4473438734375
0 0.33441980312499997 0.1565072375 0.343114459375 0.152922084375 0.273755890625 0.12347630000000001 0.2596502953125 0.13922136406250002 0.24515705 0.16811004062499998 0.2552004 0.20444757500000002 0.2828285015625 0.2098579328125 0.2955789390625 0.2229304453125 0.32417455 0.212666840625 0.340407371875 0.17618710625 0.33441980312499997 0.1565072375
0 0.35600540468749997 0.7265299796875 0.30210112968749997 0.7212618203125001 0.29997067187500004 0.7763666203125 0.3102094640625 0.7889472859375 0.344984853125 0.8089768062499999 0.39309376875 0.8051783578125 0.401211796875 0.7697534234375001 0.3832458578125 0.7450839499999999 0.35600540468749997 0.7265299796875
0 0.1807668421875 0.7239402140625 0.152751090625 0.7316734687500001 0.137482546875 0.78684936875 0.1457895515625 0.7964078296875 0.20104575468750002 0.8072285453125 0.22461807500000003 0.795981234375 0.2107111484375 0.75359929375 0.21592988124999998 0.7308261218750001 0.1807668421875 0.7239402140625
0 0.3760856453125 0.867945315625 0.35888854375 0.8857288796875 0.3511549359375 0.942380334375 0.4591556984375 0.9635299125 0.4767436796875 0.8982326015625001 0.45819788125 0.8760934796875001 0.4661204671875 0.8644254203124999 0.3760856453125 0.867945315625