0 0.057399981249999996 0.12818590000000002 0.2839390859375 0.1682328796875 0.28481375781249996 0.1178669328125 0.255543365625 0.09345065 0.2558194 0.0695657109375 0.20654430937499998 0.0544875578125 0.1500788375 0.053945184374999997 0.1300275703125 0.04199444375 0.1293358 0.0258977140625 0.0724205078125 0.007311557812499999 0.057399981249999996 0.12818590000000002
0 0.523679596875 0.3620077078125 0.5794998640625 0.3677422203125 0.6182188546875 0.3594502375 0.621767478125 0.3308934765625 0.60756961875 0.2935023625 0.5408706453125001 0.2669937859375 0.5227549921875 0.23946663125 0.4015261609375 0.1968392671875 0.3424333046875 0.195776575 0.34542985625 0.2149896921875 0.3631763390625 0.22382404843749998 0.372165996875 0.2814633984375 0.4182150671875 0.32250224375 0.523679596875 0.3620077078125
0 0.674175459375 0.2774332015625 0.67459119375 0.317414871875 0.7015568046875 0.33871476875 0.7042307546875 0.36052395625 0.7380641453125001 0.3698841390625 0.7571476046875001 0.3896230890625 0.7791344828125 0.38599741249999997 0.7618469359375 0.2868154421875 0.72308138125 0.2738185546875 0.674175459375 0.2774332015625
0 0.1156967390625 0.2439730328125 0.1444582640625 0.18582990625 0.107259153125 0.13856380468750001 0.0594708359375 0.11152115625 0.035774140625 0.3022150234375 0.08758041875 0.29692401875 0.0947242328125 0.26109936875 0.1156967390625 0.2439730328125
0 0.1544157265625 0.2356810515625 0.1462109734375 0.23671616874999998 0.13888425625 0.3390034984375 0.15266637968750002 0.3364129421875 0.1757141984375 0.3675768015625 0.2532453109375 0.3935705765625 0.2672569046875 0.3458062109375 0.226785203125 0.30321193125 0.22835164843750003 0.268942715625 0.1544157265625 0.2356810515625
0 1 0.43791178437499995 0.9834252296875 0.431774246875 0.9495452734375001 0.4011251921875 0.935440546875 0.4063118171875 0.9272823609374999 0.42863580625 0.9191707390625 0.4722486640625 0.925486446875 0.508078828125 0.9616246171875 0.5205553984375 0.97974026875 0.5480825546875 1 0.5528304703125 1 0.43791178437499995
0 0.45494851406250003 0.15687965312500002 0.45204509374999996 0.1802442734375 0.4816380890625 0.2020644875 0.5157940828124999 0.208828603125 0.5421144875 0.2353206390625 0.6248538 0.241066178125 0.6510810734375 0.224980475 0.6530166875 0.2094040609375 0.664171428125 0.20629318749999997 0.641722246875 0.148648321875 0.5497172406249999 0.10914837031249999 0.4945887421875 0.11951059374999999 0.4354493203125 0.097159034375 0.441119821875 0.13818133593749998 0.45494851406250003 0.15687965312500002
0 0.3061554328125 0.11943339687500001 0.32095192968749997 0.1303435046875 0.40369124218749997 0.1360890421875 0.43411234531250004 0.086254440625 0.42060625468749996 0.06496005625 0.343766915625 0.055063014062500006 0.3158800640625 0.0628401921875 0.3031123140625 0.0789314109375 0.3061554328125 0.11943339687500001
0 0.7074702281249999 0.9410358875 0.758910403125 0.8953638171874999 0.7577097640625 0.796707678125 0.74678449375 0.7546447406250001 0.6787951125 0.738520440625 0.6082249109375 0.743164690625 0.5819976375 0.7592503953125 0.579416821875 0.7800189468750001 0.5522217406250001 0.8038928578125001 0.560150459375 0.826742678125 0.5359519328125 0.86982970625 0.5636093140625 0.907226334375 0.5958296921875 0.9295668656249999 0.7074702281249999 0.9410358875
0 0.9666551218749999 1 0.9667056109375001 0.9995937046875 0.9570251437499999 0.9691770953125 0.963523753125 0.9385445828125001 0.9329163843750001 0.90322370625 0.8947960343749999 0.88503468125 0.8777878875 0.9135859265624999 0.8005793796875 0.8849960828125001 0.7445296406249999 0.92443538125 0.73001796875 1 0.9666551218749999 1
0 0.1062515046875 0.428299453125 0.0948672953125 0.4765841328125 0.10348778437499999 0.515530684375 0.1800510890625 0.549312665625 0.21157969687499997 0.5555564656249999 0.2476713015625 0.5467441671875 0.26140685937499997 0.52286474375 0.2553671890625 0.463149640625 0.15382045312499998 0.41378021406250004 0.1062515046875 0.428299453125
0 0.2629733046875 0.488595528125 0.2453199546875 0.5223389125 0.2470726640625 0.5732251749999999 0.3263099203125 0.62881634375 0.38904453437500003 0.6439000125 0.4068807875 0.5436939484375001 0.3999664421875 0.5343447921875 0.310911421875 0.4927690875 0.2718232640625 0.48236827031249996 0.2629733046875 0.488595528125
0 0.78577951875 0.7224678203125 0.882347521875 0.7469116734375 0.915489140625 0.7401751265625001 0.9164103812500001 0.71109805 0.8979721250000001 0.686166965625 0.85459700625 0.6669373046875 0.788267203125 0.659121528125 0.7656816859375 0.689228209375 0.78577951875 0.7224678203125
0 0.4883296921875 0.5598237640625 0.5875250796875 0.5847879328125 0.6265666703125 0.5738998828125 0.6248139609375001 0.5230136187500001 0.6004757328125 0.5022340375 0.52262201875 0.47883633281250004 0.5013269124999999 0.4985587390625 0.48726875156249994 0.5250342328125 0.4883296921875 0.5598237640625
0 0.3250559875 0.205635021875 0.2931582109375 0.18069842187500001 0.26066179843750004 0.1822428296875 0.24097970000000002 0.18898489062499998 0.2473885390625 0.26739279531250004 0.253611115625 0.2606452203125 0.2707123953125 0.2746717140625 0.3110909609375 0.2746882546875 0.3300812859375 0.25184946406250003 0.3215073625 0.23419178281250003 0.3250559875 0.205635021875
0 0.8064260593749999 0.556319396875 0.8245417093749999 0.5838465515625 0.8613250859375 0.5911309859375 0.8802688453125 0.5470033234375 0.871970959375 0.505460703125 0.8630744343750001 0.4903990921875 0.8091897765624999 0.4690881671875 0.7971603640625 0.522564984375 0.8064260593749999 0.556319396875
0 0.8457868890625001 0.3912171203125 0.8694333453124999 0.39589996875 0.9059406843750001 0.42706934218750003 0.92428580625 0.40942268750000005 0.9313830546874999 0.35230916875 0.9247913125 0.34036394062499997 0.8666662609375001 0.33151304531250003 0.85030331875 0.3548721546875 0.8457868890625001 0.3912171203125
0 1 0.607290940625 0.949964371875 0.59272501875 0.9273322890625 0.6015428296875001 0.89534474375 0.6856466484375 0.9091268671874999 0.6830560921875 0.9246151359375 0.7100629296875 0.9932497218749999 0.7209950953125001 1 0.6666737359375 1 0.607290940625