0 1 0.0834314484375 0.9880216624999999 0.083876103125 0.9841222187499999 0.09970946875 0.9620674796875001 0.10586898125 0.9065859484375001 0.090237128125 0.85524698125 0.091141509375 0.8507381515624999 0.11500870468749999 0.8171482203125 0.130942828125 0.8079274328125001 0.18135516093749998 1 0.20221504218750003 1 0.0834314484375
0 0.47816199375 0.2954056609375 0.5340497859375 0.305681628125 0.6453791140625 0.296541903125 0.6987493703125 0.26885809374999997 0.7190990921875 0.214027034375 0.7382700328125 0.2103111765625 0.745053275 0.19203415625 0.686891071875 0.1761680125 0.5594777296875 0.183902 0.5362042171875 0.2061291671875 0.46549118125 0.21342735156249998 0.444085821875 0.24660057968750002 0.441851403125 0.2760579484375 0.47816199375 0.2954056609375
0 0.364275140625 0.2315380625 0.3949812734375 0.21804759218749997 0.4033895453125 0.17834703125 0.356153146875 0.160740103125 0.31553685625 0.16258164375 0.2787368546875 0.256410396875 0.2995728203125 0.26631854062500004 0.32223694531249997 0.252125203125 0.35728876875000004 0.25249302500000004 0.364275140625 0.2315380625
0 1 0.19914625625 0.98712599375 0.20240845156249998 0.9411883578125 0.238828959375 0.9577586124999999 0.304973903125 0.9748982640625 0.328037471875 0.974735128125 0.365762959375 1 0.3759751046875 1 0.19914625625
0 0.9160035343749999 0.39297818906250004 0.9292868999999999 0.28900700156250003 0.921448021875 0.285626190625 0.8422867203125 0.297577390625 0.8369653749999999 0.33215635625 0.7887533265625 0.3629866890625 0.7929358828125 0.41457047031250005 0.8741684671875 0.4108873875 0.9030064453125 0.38645085625000003 0.9160035343749999 0.39297818906250004
0 0.014635065624999999 0.3585815796875 0.049578068749999996 0.3603840125 0.07285158124999999 0.3381568453125 0.11078720625 0.3360810140625 0.12415055625 0.3022049171875 0.12492307968750001 0.25644560156249996 0.121389903125 0.23187553749999998 0.10859594531250001 0.22267026093750003 0.06923842031250001 0.24349169062499998 0.023091515625 0.2470962703125 0.014635065624999999 0.3585815796875
0 0.572434825 0.1553817890625 0.6072835203125 0.158427553125 0.6406703203124999 0.145171371875 0.64249848125 0.1210698875 0.65980126875 0.1064079703125 0.6735708796875 0.0671759875 0.6111029765625 0.072499096875 0.55911463125 0.0463897625 0.4609855171875 0.059378878125 0.42743557968749996 0.110360546875 0.437751996875 0.116653590625 0.4365332234375 0.132721246875 0.45903421250000004 0.15625339375 0.5413224328124999 0.1742281453125 0.572434825 0.1553817890625
0 0.806994940625 0.086924296875 0.7976941656250001 0.0672415390625 0.771903121875 0.0515089296875 0.6945699796875 0.0393586453125 0.6770640625000001 0.05669850625 0.6969243765625001 0.115043909375 0.7792125984375 0.133018659375 0.7959059984375 0.12639056875000002 0.806994940625 0.086924296875
0 0.196642265625 0.7695047109375001 0.237947928125 0.8297244312500001 0.349723509375 0.8502763671875 0.3857909796875 0.8372544765625 0.4203965546875 0.8079306390625 0.40528819374999997 0.7580876421875 0.41763589999999995 0.737601259375 0.395744296875 0.7060352828124999 0.39736932812500003 0.6846117406250001 0.374868340625 0.6610795921875 0.30659285000000003 0.6362424609375 0.2366923296875 0.6328288734374999 0.21756138281249998 0.671592278125 0.196642265625 0.7695047109375001
0 0.008596409374999999 0.738773625 0.010960870312499999 0.94197494375 0.17170056250000001 0.95602354375 0.203991734375 0.8860619859375 0.20492739375000002 0.80257718125 0.157854134375 0.7472447671875 0.076418421875 0.7536057921875 0.0654526234375 0.7202990296875 0.024430075000000002 0.7274964578125 0.008596409374999999 0.738773625
0 0.9153909812500001 0.5789276875 0.9316381312500001 0.5426079359375 0.93013624375 0.49125844531249996 0.8863930312500001 0.46317403749999997 0.7769318562499999 0.48325982187500005 0.7590596734374999 0.5410031140625 0.7677510609375 0.5687197 0.8013809828125 0.5878331203125 0.833549009375 0.590644596875 0.9153909812500001 0.5789276875
0 0.7630391015625 0.5952648375 0.774940559375 0.5450867953125 0.76438101875 0.5064241468749999 0.7569483984375001 0.4976874515625 0.7165352359375 0.4968510484375 0.6208836625 0.5127523968750001 0.6122322671875 0.52008335625 0.6096715796875001 0.624991703125 0.6742107609375 0.6279367109375 0.7630391015625 0.5952648375
0 0.23125100625 0.5622652031250001 0.2151269984375 0.525811921875 0.148516534375 0.5145987953125 0.10213264687500001 0.5213276421875 0.07906226250000001 0.5408768671875 0.0741471765625 0.570099946875 0.1052995578125 0.5863011375 0.2048905671875 0.5896139687499999 0.23125100625 0.5622652031250001
0 0.5371335453125 0.47847570156249997 0.5286452890625 0.4480811734375 0.5117087671875 0.4223396609375 0.43067931093749995 0.4233448 0.4026538484375 0.4370695609375 0.390752390625 0.487247603125 0.42685985468750004 0.5092732578125 0.52913153125 0.5128203765625 0.5371335453125 0.47847570156249997
0 0.8191763453125 0.2820790703125 0.8239282953125 0.290581478125 0.8459030484375001 0.21432687499999997 0.8279508812499999 0.20197507812499998 0.7963922421875 0.191129775 0.7601216421875 0.20682960781249998 0.7578872249999999 0.23628697812500002 0.745945775 0.251417475 0.7599984984375 0.279602640625 0.799599146875 0.2911508140625 0.8191763453125 0.2820790703125
0 0.23373171250000002 0.3872617671875 0.23263608281249998 0.33055639062500003 0.1755295171875 0.33634808125000004 0.163791196875 0.348800634375 0.14734091875 0.38779832812500004 0.1570879421875 0.43717274531249994 0.1946173078125 0.4404528 0.21789081875 0.41822563281249997 0.23373171250000002 0.3872617671875
0 0.215173325 0.20502812812500001 0.20380126875000001 0.177077253125 0.14502968125 0.1692449390625 0.1361751578125 0.179253840625 0.1317063203125 0.23816858125 0.146165303125 0.2609978609375 0.1882034984375 0.240410721875 0.21232951875 0.242519328125 0.215173325 0.20502812812500001
0 0.0061587953125 0.5292855624999999 0.0712233859375 0.53749605625 0.0918162296875 0.5150345984375 0.10481331406250001 0.52156193125 0.0902743484375 0.42863756249999996 0.069844640625 0.41337353125 0.010463665625 0.41357504375 0.00556400625 0.4781695265625 0.0061587953125 0.5292855624999999