0 0.9667315558566083 0.49198673582648383 0.06653688828678347 0.12024306733052796
0 0.6094900231786058 0.4252307339275673 0.349727762324472 0.12606651451278825
0 0.880684513228983 0.35940735960294845 0.23863097354203405 0.11352681977759857
0 0.8312067294193268 0.7721950470817438 0.2951221494796016 0.12571928493120837
0 0.761695411576931 0.6808681534350134 0.06445864767057934 0.06931548439090332
0 0.6283949106724197 0.652038770588056 0.20368492198083885 0.07729665389834964
0 0.8355367825624015 0.8994569515282477 0.20655097241038015 0.13198415389834964
0 0.471206530414695 0.613797182206136 0.11691526232447202 0.1179365228654909
0 0.3158229895960921 0.5951141256753811 0.11437676051544958 0.06949902286549073
0 0.33517385515449577 0.6667535126986898 0.09349105042954128 0.057852194735189676
0 0.4027198812737776 0.7205804063454202 0.11512038896415203 0.053928586567821665
0 0.2808825028250751 0.731922155712448 0.11231629353213632 0.089702395460829
0 0.6356541327441156 0.5524752802067029 0.30236808344622795 0.0854216671451935
0 0.929585680687266 0.25652046177986665 0.14082863862546802 0.10367561542376214
0 0.7300471053816384 0.25554077122102825 0.09866987336031982 0.06739088584218215
0 0.8714920561952926 0.4546553722168202 0.15038285956551006 0.1315823606144388
0 0.9441870912481442 0.1945660988031752 0.11162581750371174 0.055709341377145005
0 0.9472677414051145 0.6655135158635506 0.10195864767057934 0.07062501324684405
0 0.8226838212332979 0.639327983379413 0.11076043758467122 0.06001489546082901
0 0.8535520409301445 0.6926538800213684 0.08041784034363317 0.04647818511654282
0 0.6884670307533792 0.8459723090626434 0.11643058344622795 0.07892858656782167