0 0.5009348870907436 0.9635246061717613 0.11289088544042372 0.0678420058537327
0 0.5606628484523073 0.6209780369881163 0.12066806576579943 0.33037836729005077
0 0.6262752546753821 0.887011582265852 0.10596015027114661 0.2193590540583344
0 0.23126221564416233 0.8064943979334555 0.12193967427525151 0.28038745764913064
0 0.3176355319991369 0.7466148830045366 0.06597043364502549 0.059756795081343836
0 0.3442520532727674 0.6214558017206434 0.07455561416679295 0.19261474687674215
0 0.11013210420784389 0.8009489007621259 0.126118114166793 0.19291472872636958
0 0.3808975595192834 0.4743626331027325 0.1115647347764936 0.10845791549465282
0 0.39645386094533913 0.3281734343323965 0.06780564441741399 0.10664088544042354
0 0.3293345386384363 0.34028306977282013 0.05363406010845857 0.08780907220870696
0 0.2781220174630016 0.4007393016224475 0.05061814441741399 0.10654089149054773
0 0.26571694535249046 0.2828387293155446 0.08654655405833438 0.10518746974937905
0 0.4404367068635636 0.6365217446372469 0.08446694535249044 0.28485678903121964
0 0.7242133058068503 0.9348809348233758 0.09758404800821019 0.12243860226293606
0 0.7231406434354554 0.7505059348233759 0.06303633118569749 0.09255111436318479
0 0.5347644655459665 0.8695746182720097 0.12425563231716552 0.1413431383672897
0 0.782125799756726 0.9517320915374299 0.05363406010845857 0.0878090722087073
0 0.3343013781137531 0.9254302294137403 0.06775110226293632 0.09726588544042372
0 0.3578428963623216 0.8088830788480064 0.05685905405833438 0.10501475292686635
0 0.3079883421075955 0.8341739703385542 0.04418633723582168 0.07525453005422947
0 0.16011794778837735 0.6639347140920382 0.07563632513557321 0.10981133723582168