0 0.44277330727978825 0.026827850910973877 0.11132838544042353 0.05365570182194775
0 0.4031961602300956 0.37646571924514294 0.10038283684303817 0.33781251324684397
0 0.31963526824856847 0.1116046441948847 0.09197946350286301 0.2232092883897694
0 0.729423358705844 0.15417896916032492 0.10633285499341091 0.2864682680561673
0 0.6438807684449601 0.22355894093735654 0.06282725292686635 0.05843254809323426
0 0.6251575186413519 0.35387392351416136 0.06363629488495218 0.19749504809323426
0 0.8544369942444634 0.14747012297385645 0.11673402380771343 0.19466271397248333
0 0.5961371182720095 0.5087623201561169 0.10842155405833438 0.10845239546082901
0 0.5882286486208266 0.6597891068166056 0.0615556444174139 0.10837798439090332
0 0.6570740973911624 0.640982053914048 0.04893746974937905 0.08762897477225665
0 0.7058933924725064 0.5736655791417915 0.0459397347764936 0.10939484736759475
0 0.7255104800029157 0.6924875010114903 0.08028746369925485 0.10590774881887377
0 0.5259887656162899 0.3487449686121707 0.0673248971478884 0.294479175497896
0 0.216001729020957 0.06653024637180292 0.089871541958086 0.13306049274360585
0 0.22890066305876594 0.2614831039061988 0.05833974082661779 0.0926438569862417
0 0.4148386839396131 0.12064230517999235 0.1195499515990063 0.14164684137714506
0 0.15592274707313375 0.053931042650938635 0.04752950585373248 0.10786208530187727
0 0.6168147952777356 0.04600566488738182 0.06150110226293624 0.09201132977476364
0 0.5997040424490653 0.16417650645378595 0.04904655405833438 0.10637897477225655
0 0.6498722140920382 0.13352421797919853 0.041070427594901204 0.07798115626060227
0 0.8114131812091385 0.2926933429367895 0.0725113251355733 0.1118849303072194