0 0.9612946968555385 0.40142376033457305 0.07741060628892313 0.11911818114108108
0 0.6142521764804865 0.43910127294996676 0.34095492116215276 0.1641568151348652
0 0.8505682701359725 0.29870967514071595 0.2403730397032639 0.13449924028009033
0 0.880365526119896 0.7078685053721743 0.23926894776020796 0.15553948635114895
0 0.8187435739912852 0.6413851726595166 0.06566267401194459 0.07173375889134022
0 0.6902009999030907 0.6510062675732833 0.19902068787965277 0.10135710049533805
0 0.9192474945847572 0.827583845942715 0.16150501083048568 0.1504838052100677
0 0.5365856906325353 0.6563379687733564 0.11842530452090294 0.12569782092583354
0 0.39123747625173666 0.6815647930089588 0.11428201196784729 0.0818022717116218
0 0.42624956230777844 0.7440669470617347 0.09360583605604163 0.06523120181924558
0 0.5019405465402089 0.7772476282028158 0.11388196846486132 0.0646147717116218
0 0.3945105594579868 0.8221897930089586 0.11311955547083344 0.09891699710451576
0 0.670740525454306 0.5525494968951189 0.294733231382639 0.12298385152879536
0 0.8690253697753821 0.186410882336645 0.15407186379145835 0.1148716368892682
0 0.6807272424005557 0.24397501757328333 0.09851154160312507 0.07482452564056316
0 0.8606173769935767 0.3951672981762452 0.15476284802388918 0.1445591368892682
0 0.8660081661281598 0.12383810772953914 0.12180357123840295 0.06966614474715102
0 0.9674466456109376 0.5729177706736552 0.06510670877812466 0.07544095574818713
0 0.8642547893220144 0.5849746608726922 0.10774107123840296 0.06901117328319835
0 0.9066065966927088 0.6275281879609975 0.08088763050895835 0.05527400496239885
0 0.7947644793858687 0.8182002297316112 0.11602634992374998 0.08968754631872748