0 0.04140625 0.440625 0.08203125 0.1015625
0 0.39140625 0.41953125 0.31484375 0.078125
0 0.1234375 0.32578125 0.246875 0.075
0 0.17421875 0.71796875 0.26328125 0.08515625
0 0.2421875 0.640625 0.0515625 0.05703125
0 0.36640625 0.6296875 0.18203125 0.05
0 0.16640625 0.8359375 0.1765625 0.1015625
0 0.51328125 0.6109375 0.09375 0.0984375
0 0.65625 0.61171875 0.0984375 0.053125
0 0.6375 0.67578125 0.08125 0.04296875
0 0.57265625 0.71875 0.1015625 0.03671875
0 0.68515625 0.74375 0.09375 0.071875
0 0.3625 0.53515625 0.275 0.046875
0 0.0796875 0.22265625 0.159375 0.0765625
0 0.284375 0.24765625 0.08359375 0.0515625
0 0.14765625 0.4171875 0.125 0.10703125
0 0.0796875 0.16640625 0.11796875 0.03828125
0 0.0703125 0.60546875 0.08828125 0.0546875
0 0.18671875 0.59453125 0.096875 0.04296875
0 0.15625 0.64140625 0.0703125 0.03515625
0 0.3046875 0.803125 0.1 0.06171875