0 0.5704462509819587 0.6651455591838353 0.1692691922292326 0.36267715940862677
0 0.7309014410698917 0.8870385942192828 0.12454652380771343 0.1942166644231918
0 0.30099122727244115 0.9072705938900784 0.15111811416679294 0.18545881221984323
0 0.37229860071081217 0.8781670817493776 0.07540906615858275 0.07249477711788899
0 0.3520002571302787 0.7408345663099714 0.10434310811666876 0.212375631037097
0 0.18354919721821186 0.9493156898917278 0.15060905405833439 0.10136862021654451
0 0.33341440447455895 0.5777662649771877 0.13198631908544903 0.1303814849563052
0 0.29524275966436153 0.4235046623116208 0.08507495764913058 0.12276756175762475
0 0.23095754586691086 0.4599218839400908 0.06776019262201594 0.10039245658477522
0 0.20236893755385035 0.5387910300208826 0.06787836729005096 0.12070495658477523
0 0.14677798858712263 0.42387307218246606 0.10225336729005097 0.12170516693047428
0 0.45368093179831376 0.7234772332404455 0.126781710379605 0.3098871285298145
0 0.8511094019404762 0.9085080804292293 0.10371587334017499 0.10456313103709718
0 0.7833320703619953 0.7393201597378314 0.07717155405833438 0.10691524122451135
0 0.6369014561952022 0.9219349763786724 0.14938289734428026 0.15613004724265522
0 0.9175338326586353 0.9073153049606933 0.05664088544042371 0.06882420783841639
0 0.4360883899384237 0.9269061101209075 0.07253859621281204 0.11615384890464356
0 0.39442306470465455 0.9640039786880991 0.05673178903121965 0.07199204262380192
0 0.18180995609700643 0.8491829607414104 0.0944772287263694 0.12772784639736087