0 0.4671337079187161 0.9767312992212125 0.11540810087368066 0.04653740155757511
0 0.552392528588438 0.6554834026782024 0.1562928996950003 0.34181909012915457
0 0.5990909163155911 0.9083055596460536 0.1264936840799308 0.1833888807078928
0 0.2044667877064937 0.8015039786880991 0.1504416367772225 0.29168269780928674
0 0.2969984734019451 0.75188807508546 0.07024107123840287 0.06606292069139794
0 0.33238849990309083 0.6287831956977156 0.09676981648875013 0.19955738229073816
0 0.08607981040791732 0.7801026886380866 0.1406652868534724 0.20708037727617334
0 0.3797693801277088 0.48416702916295284 0.12300370174736122 0.11912573620994635
0 0.40683776035232666 0.338959829242095 0.07918096656499998 0.11472774122451135
0 0.3374519807170489 0.3431866764973857 0.06308318787965286 0.09396060015828453
0 0.28094871399954896 0.3977545045523465 0.061993466565000155 0.11422763605166182
0 0.27738534327423636 0.27820052249903515 0.09633209897381949 0.11366534639736088
0 0.4282646975663894 0.6557752562016992 0.11617573955076406 0.29536998746358767
0 0.6956580982113202 0.9637121251646021 0.10835932028847228 0.07257574967079564
0 0.7073372145682298 0.8052059210206025 0.07256729065319459 0.09892088479802083
0 0.5073937255861466 0.9024433192129653 0.14102765634451409 0.15556334138279623
0 0.7539433768966675 0.9851839598834806 0.06366376291777769 0.02963208023303885
0 0.30194381259211883 0.9308170571387713 0.07242182028847229 0.09267088479802084
0 0.3329190960271188 0.8192945354311588 0.06653549620027785 0.10811402837152997
0 0.27950380850805623 0.8388197737526764 0.05341724715020844 0.08118781551854823
0 0.14314481515757 0.6490405567430598 0.08706620174736121 0.11808006175762475