0 0.22547742659932127 0.5001302337646504 0.0174238573360908 0.020612508928453722
0 0.4191847099777283 0.1714127187471166 0.017460220003181703 0.02373750892845372
0 0.47458982531031924 0.1778496793798537 0.020512494668999893 0.01754205600635439
0 0.24906946793445756 0.4872580868489054 0.02381930800445433 0.03322160308425506
0 0.47017285594368446 0.4231349058409034 0.023782945337363515 0.030096603084255234
0 0.3356251332750027 0.4356331314911741 0.02381930800445433 0.03322160308425506
0 0.2319348699077315 0.6838739882288772 0.025345445337363513 0.03012387662320535
0 0.47419673726927575 0.4802479764577544 0.023819308004454243 0.03322160308425524
0 0.5744534653087283 0.19131393587267545 0.030069308004454242 0.03333069724005644
0 0.434591533975183 0.19043545413662005 0.028415901336727244 0.025490923701106106
0 0.7089295573281366 0.05066343668345434 0.03951703333863606 0.03974433847375849
0 0.4649068373249549 0.06984626460720131 0.023782945337363515 0.030096603084255102
0 0.668085833983137 0.1359054614402207 0.026907945337363515 0.030151150162155815
0 0.7779688166375014 0.22846688270569482 0.023782945337363515 0.030096603084255057
0 0.4093620779360484 0.4783348745913153 0.023710220003181702 0.02384660308425506
0 0.2812717985757769 0.6745768547058129 0.020512494668999893 0.0175420560063543
0 0.2110689339195037 0.5967734086835724 0.01587953866963616 0.02214773538950343
0 0.1777655379137767 0.6383881643656153 0.030069308004454332 0.0333306972400564
0 0.23942065324636763 0.6449342191541538 0.01893181333545444 0.01595228246740419
0 0.5309836339513204 0.3679349370904914 0.020694308004454244 0.03316705600635448
0 0.5542324193189098 0.11594574309684587 0.02538180800445424 0.033248876623205435
0 0.5303409333227277 0.0873980032431156 0.02523635733609062 0.020748876623205438
0 0.6344017246578642 0.0759304435833132 0.030105670671545327 0.03645569724005646
0 0.3644421186346379 0.24234678165332993 0.026835220003181705 0.023901150162155816