0 0.5354464597961321 0.20439433514370875 0.02091270072563951 0.018252033016686743
0 0.18699658002921765 0.37919177578059754 0.02409226442797028 0.019978307326946255
0 0.18815234146196308 0.4347014693581624 0.019459328130301136 0.021295145861557074
0 0.5190228516287642 0.22717009385013603 0.03363095553496294 0.025157130257724793
0 0.43590036069925675 0.44676329884766164 0.030505955534962936 0.02499335594746519
0 0.4601414141499685 0.3116546364777612 0.03363095553496294 0.025157130257724793
0 0.7192411064380876 0.22293853799352775 0.03061508293962447 0.028118355947465278
0 0.4925050247644073 0.45397161126299057 0.03363095553496294 0.025157130257724702
0 0.1924802321134687 0.5362230257805976 0.03390377404661713 0.0329696302577247
0 0.20478428075485708 0.39547851707417025 0.02754464664195542 0.029517081637205855
0 0.041185605341779154 0.6639020477160079 0.03730159255827139 0.04094590456798421
0 0.0796032314804965 0.4192579330621153 0.030505955534962846 0.02499335594746537
0 0.12837558129516205 0.628025423451177 0.03061508293962456 0.02811835594746519
0 0.21223720452347253 0.7433804285395595 0.03206845553496285 0.025075243102595124
0 0.4972718811176768 0.38875936906490666 0.024255955534962757 0.024665807326946343
0 0.7061161130615095 0.27293521596726045 0.019459328130301046 0.021295145861557074
0 0.6330208642426358 0.19693263794809926 0.022420637023308564 0.016771420171816497
0 0.6781051857495151 0.1656107168717716 0.03384921034428636 0.03140713025772479
0 0.6802877338427492 0.2281107168717716 0.01627976442797028 0.01956887155129756
0 0.37447427657850585 0.5032047286304167 0.033521828130301135 0.022032130257724703
0 0.11884183547151328 0.511905778494131 0.03374008293962456 0.028282130257724702
0 0.0921057206807233 0.48591316655377187 0.02124008293962454 0.027627033016686654
0 0.07148817503455979 0.590307417458283 0.03697421034428625 0.03157090456798421
0 0.26273070081045746 0.32904461160167486 0.024365082939624562 0.027790807326946342