0 0.23132972970832805 0.5316220553496284 0.01887726502711464 0.022529764427970278
0 0.38363413573501115 0.14076642077339052 0.020448855386194252 0.024146828130301133
0 0.4445943616327102 0.13898815516429391 0.02199317466803503 0.02107639183263199
0 0.2548854043763631 0.5121280108845913 0.028343168617910842 0.038482146641955414
0 0.48365581987101597 0.4091568114248962 0.02519089754067192 0.0336855192372937
0 0.3404598108940255 0.4432267326616229 0.028343168617910842 0.038482146641955414
0 0.27080025410521663 0.7314782116102306 0.02832498789975162 0.03535714664195542
0 0.49893084104645063 0.46985869844820466 0.02520907825883114 0.036810519237293705
0 0.554777882709949 0.13814739617861926 0.03459316861791084 0.03870040145127884
0 0.40384209660559556 0.15944449890369167 0.031413626463433174 0.02921627404661713
0 0.41397614158874363 0.029303131117676795 0.02667158430895533 0.01967758293962455
0 0.64898240066393 0.0632962183184706 0.03144998789975162 0.035466274046617105
0 0.7836750423508694 0.1477034785700896 0.02519089754067192 0.0336855192372937
0 0.42777345853289334 0.4783135499921508 0.023573855386194255 0.024255955534962938
0 0.32404342877325165 0.7130208774894797 0.023555674668035032 0.021130955534962935
0 0.23383204011137426 0.63876243275429 0.017323855386194253 0.02403770072563951
0 0.20462580826174684 0.6893155042611692 0.03459316861791084 0.03870040145127866
0 0.2726172841594459 0.6877827753125615 0.021974993949875808 0.01795139183263199
0 0.5395472715682181 0.33843757285764153 0.023646578258831142 0.036755955534962845
0 0.5216341054843902 0.05963052657850585 0.028343168617910662 0.038482146641955414
0 0.48975739158874365 0.031949470680723305 0.026698855386194254 0.024365082939624548
0 0.33781257562655254 0.22668407340579572 0.031413626463433084 0.02921627404661713