0 0.7822450472629123 0.47743793023704023 0.015843176002545256 0.01956887155129756
0 0.61925743531191 0.12526235583592363 0.017442038669636162 0.022775758706427274
0 0.5629983446451374 0.12899154342059468 0.01894999466899989 0.018170145861556984
0 0.7590075419319122 0.4614787375639865 0.02381930800445442 0.034040807326946344
0 0.5397313779440026 0.38396232643728145 0.023764764003817974 0.029353307326946253
0 0.6761319546069572 0.4041409503634282 0.023819308004454243 0.034040807326946344
0 0.7550541965706863 0.6670293747191162 0.026907945337363515 0.03107958163720568
0 0.5281211686028211 0.44234803652318977 0.023819308004454243 0.034040807326946164
0 0.4590648226448192 0.1367807892367232 0.033212489337999786 0.03609463025772479
0 0.6026420999761374 0.14409092096478604 0.029996582670272432 0.028118355947465278
0 0.3373818213319546 0.0018447037543301847 0.040861357336090795 0.0036894075086603695
0 0.5846017193268639 0.016989510403907927 0.023764764003817974 0.029353307326946278
0 0.3676591199872733 0.07442463138937856 0.026907945337363424 0.03107958163720579
0 0.24480232797581927 0.1651868294894992 0.02380112667090888 0.03247830732694625
0 0.5952541246021849 0.4435143888526104 0.022129538669636163 0.023021420171816586
0 0.7044456692393679 0.6548469572608331 0.020512494668999893 0.018252033016686653
0 0.7857689419160039 0.577192268771651 0.014317038669636161 0.022611984396167628
0 0.8149019112428679 0.6232926628241856 0.030069308004454242 0.03436835594746519
0 0.7508394112428678 0.6266500361845054 0.018913632001908987 0.015045145861557075
0 0.4834455626193658 0.3228887075995174 0.02067612667090888 0.03231453301668683
0 0.4864909359882278 0.06116995759951742 0.026944308004454243 0.034204581637205765
0 0.5157153593252731 0.03231129522961701 0.02523635733609062 0.021622694482076033
0 0.40972898866168206 0.01698502487608639 0.030105670671545327 0.03397004975217278
0 0.6683392779678651 0.20154821687177157 0.025272720003181703 0.02474769448207601