0 0.23125 0.51015625 0.015625 0.01796875
0 0.40390625 0.16875 0.01640625 0.02109375
0 0.459375 0.17109375 0.01796875 0.01640625
0 0.25390625 0.4953125 0.021875 0.03203125
0 0.4703125 0.41640625 0.02109375 0.028125
0 0.3375 0.43828125 0.021875 0.03203125
0 0.24921875 0.69296875 0.0234375 0.028125
0 0.478125 0.47265625 0.02109375 0.03203125
0 0.559375 0.17734375 0.02890625 0.03203125
0 0.4203125 0.18671875 0.0265625 0.0234375
0 0.68515625 0.028125 0.0375 0.0375
0 0.44296875 0.0640625 0.021875 0.028125
0 0.65 0.115625 0.025 0.028125
0 0.76484375 0.20078125 0.02109375 0.02890625
0 0.41328125 0.47578125 0.02109375 0.02109375
0 0.2984375 0.68046875 0.01953125 0.01640625
0 0.2234375 0.6078125 0.0140625 0.02109375
0 0.19296875 0.6515625 0.028125 0.03046875
0 0.2546875 0.65390625 0.01796875 0.0140625
0 0.52734375 0.35703125 0.01796875 0.03046875
0 0.53515625 0.10390625 0.0234375 0.03046875
0 0.509375 0.07734375 0.0234375 0.01796875
0 0.6125 0.05859375 0.028125 0.03359375
0 0.35390625 0.24296875 0.025 0.021875