0 0.5331771871002774 0.7858241205457487 0.02091270072563951 0.017778533386094964
0 0.8596950139646342 0.5705534393630025 0.0241468281303014 0.02099446159934022
0 0.848328438829558 0.5132494047232663 0.0194593281303014 0.020858069279472247
0 0.5447496041606528 0.7596253333987301 0.038482146641955414 0.029216138558944494
0 0.591225266959859 0.526060327130524 0.0321230192372937 0.025909282132453627
0 0.5906945320208015 0.6673074527573446 0.038482146641955414 0.029216138558944317
0 0.3403721282072699 0.7848968033778475 0.032232146641955416 0.029034282132453626
0 0.531014453257528 0.5227474590255508 0.03842758293962447 0.027653638558944316
0 0.8259772344757212 0.4095788354437942 0.03875496515360979 0.03702863855894432
0 0.8388914406436564 0.5558999059769076 0.02921627404661713 0.03206835391920819
0 0.9606101509031246 0.26442912298652416 0.04376984736759475 0.04654003087881238
0 0.9625000662342196 0.5196932845067221 0.03217758293962447 0.027471782132453625
0 0.875501030121885 0.30799961506896534 0.03228671034428636 0.030596782132453627
0 0.7678026028098904 0.19638250197855706 0.035248019237293704 0.026000210345698972
0 0.5396652561600858 0.5916793154520414 0.025873019237293703 0.02572742570596276
0 0.3455482123280208 0.7319763918576496 0.02107639183263199 0.022466033386094965
0 0.43388651523057853 0.8032269177218971 0.02409226442797028 0.01943196159934004
0 0.393008544086519 0.8394993868430847 0.03546627404661713 0.03225021034569906
0 0.37980665043978845 0.7743373880967259 0.017896828130301044 0.02081260517284953
0 0.6443477777596323 0.46048680291562916 0.03357639183263199 0.022829746239076344
0 0.9054018396478647 0.4267185228282395 0.03535714664195524 0.029125210345699058
0 0.9382788270339928 0.45186928701400453 0.02280258293962447 0.02719899749271768
0 0.9406820860196674 0.3418948934404953 0.0386458377489479 0.033903638558944314
0 0.7915650620578683 0.6310075545649818 0.027599210344286362 0.030460389812585476