0 0.7889904946844748 0.4788416632625424 0.019896420171816587 0.022529764427970278
0 0.5475001990046318 0.1272419908446893 0.021540807326946167 0.024146828130301133
0 0.48697213478028056 0.1371824752355927 0.022939533016686654 0.02107639183263199
0 0.761650066710742 0.46492549620216694 0.030008404567984214 0.03691964664195542
0 0.5128983061952924 0.4078669974681112 0.026719630257724704 0.0336855192372937
0 0.6619090162812007 0.41362094574667996 0.030008404567984214 0.03691964664195542
0 0.7972511312737776 0.6812672588160387 0.029844630257724703 0.03379464664195542
0 0.5122675424004826 0.4705034067239384 0.026883404567984215 0.036810519237293705
0 0.3784160063315781 0.1566269343987526 0.03634029172311397 0.03870040145127884
0 0.5321994255988833 0.14890865971916328 0.03116146879233561 0.029161710344286274
0 0.22030585594746527 0.022048581673680186 0.04308825870642732 0.018660719962933104
0 0.4884793238352897 0.016747240022458053 0.029844630257724703 0.033494480044916106
0 0.2690542944366475 0.10096226615725079 0.03296963025772479 0.03390377404661713
0 0.15739417740790576 0.21052329383206497 0.02671963025772479 0.0336855192372937
0 0.584760018090223 0.46484119456555356 0.024665807326946343 0.024255955534962938
0 0.741332001920564 0.674610520248784 0.02450203301668665 0.021130955534962935
0 0.8124866276557331 0.5836829306857375 0.01841580732694652 0.02403770072563951
0 0.8523613551544958 0.6276859018297969 0.03634029172311415 0.03870040145127866
0 0.7856651780852744 0.6394071410300237 0.02277575870642714 0.01795139183263199
0 0.4417769007227971 0.35008426851950347 0.025320904567984213 0.036755955534962845
0 0.39282598710970124 0.07315966997078233 0.030008404567984304 0.03691964664195539
0 0.4177098004295413 0.040200837031157774 0.027708920171816587 0.02280258293962456
0 0.3015525339211979 0.03408230100364111 0.03650406603337357 0.04182540145127883
0 0.6132314196059896 0.20164922460262052 0.03116146879233561 0.029161710344286274