0 0.3839860765625 0 0.38334042031250004 0.071663809375 0.385558340625 0.3480648703125 0.3480000234375 0.665619121875 0.25303803281250004 0.9888748015625 0.4692748046875 0.9863591703125 0.49268443125 0.786014875 0.51224741875 0.60056726875 0.5086224953125 0.3845173046875 0.51741064375 0.1585045984375 0.499736684375 0 0.3839860765625 0
0 0.5687498607584967 0.9048547037482884 0.0211693458553869 0.05992056927947189
0 0.553370258477319 0.8153519345479585 0.02053267589344294 0.044295569279472244
0 0.5388408903788108 0.6507355050810719 0.019224843878220453 0.05050010517284953
0 0.5382784521652593 0.9440679679340533 0.010139003954332537 0.0190227846397363
0 0.5636922876405228 0.9534967922280906 0.01932300296574958 0.014608069279471891
0 0.6152057080967582 0.9699879587628534 0.014699169961943958 0.016034176959604095
0 0.643874536157648 0.9441241407370224 0.016452670950527094 0.02076714106622681
0 0.6335564600739245 0.9788401215366924 0.02063083498097189 0.008403533386094609
0 0.6284830050172779 0.7967406753767585 0.013518671939110405 0.02536371285298138
0 0.6517892179454089 0.6200728752976162 0.014826503954332538 0.019159176959604098
0 0.5902733977931847 0.6844369036691461 0.016452670950527094 0.02076714106622681
0 0.6029670573750051 0.650433976709542 0.013264003954332715 0.019113712852981378