0 0.46470101250000007 1 0.4829261171875 0.8366871640625 0.47405279375 0.6082724578125001 0.47771284999999997 0.390067659375 0.4579602546875 0.2025040421875 0.4355238828125 0.01013693125 0.2190147 0.0050976234375 0.311873540625 0.322424453125 0.349795878125 0.643649784375 0.3475564625 0.922836034375 0.34825127031249997 1 0.46470101250000007 1
0 0.5350640246012847 0.08358601757052128 0.018569468464861138 0.059775043502986104
0 0.5189103881084026 0.17310245924989626 0.01980466014423623 0.04574891109416668
0 0.5048809896476734 0.3392723199072226 0.016788762917777866 0.05036367591180557
0 0.5039601481763889 0.042996731951319866 0.009811411094166722 0.01896820554708334
0 0.529160169927882 0.034984863410208775 0.01907730832062491 0.014498911094166678
0 0.583466463430868 0.01905204530593799 0.012718205547083273 0.009665940729444456
0 0.6110095819719792 0.04470666194718801 0.01609777868534721 0.020676175911805574
0 0.5950546608098263 0.19285322121774356 0.013081881458888844 0.025290940729444468
0 0.6182343216196525 0.3723959040634033 0.014498911094166544 0.019077308320625087
0 0.5564805104492359 0.30529801662059075 0.01609777868534721 0.020676175911805574
0 0.5697247396476733 0.34078157494121575 0.012936411094166721 0.01904094072944442