0 0.785517984375 1 0.6931777625 0.6867016421875001 0.652295175 0.35552198437500004 0.65292720625 0.0695743015625 0.6520893140624999 0.01317068125 0.5300023296874999 0.0039570125 0.5143594984375001 0.15057736875 0.52484153125 0.385098784375 0.5223853843749999 0.608485590625 0.5438009078125 0.8017331875 0.5679968265625 1 0.785517984375 1
0 0.4652552600611643 0.919614625874258 0.026794873360319826 0.06419885538619426
0 0.48155861148607393 0.8283310957218328 0.024413501809022263 0.04856476502711473
0 0.4945488551544958 0.6589271107489474 0.02153416327441171 0.053234084308955334
0 0.49797590682723253 0.9627606378763105 0.011920145861557074 0.018813632513557367
0 0.4717818990253164 0.9696373517719568 0.021213258706427318 0.01730567466803521
0 0.41865357699904904 0.98416748438371 0.018088258706427142 0.01728749394987581
0 0.3874921082067135 0.9558697675611973 0.018415807326946344 0.02353749394987581
0 0.39788737561956805 0.9902947645361355 0.020640048620519026 0.0063681746680352095
0 0.4029456105815627 0.8036623729473916 0.015454581637205856 0.02664431323171641
0 0.377657926276252 0.6191964693565956 0.016689533016686832 0.020403403590796287
0 0.44232129183465574 0.6906447433607006 0.019978307326946165 0.023546584308955332
0 0.4278969436891066 0.6538532704880636 0.015127033016686654 0.020394313231716588