0 0 0.782145 0.0069075 0.770625 0.32711999999999997 0.668775 0.639285 0.6245350000000001 0.9113950000000001 0.620385 0.997035 0.61762 0.997035 0.5056350000000001 0.8243750000000001 0.490425 0.6019924999999999 0.5042525 0.389275 0.5056350000000001 0.2069475 0.5291375 0 0.5581699999999999 0 0.782145
0 0.0890625 0.45703125 0.05859375 0.01640625
0 0.1765625 0.4703125 0.04453125 0.01875
0 0.3390625 0.48046875 0.04921875 0.015625
0 0.05078125 0.48828125 0.01875 0.009375
0 0.0421875 0.46328125 0.0140625 0.01875
0 0.025 0.4125 0.01484375 0.0140625
0 0.04921875 0.38359375 0.0203125 0.01484375
0 0.01015625 0.3953125 0.0203125 0.0203125
0 0.19453125 0.3953125 0.02421875 0.0125
0 0.36875 0.36875 0.01796875 0.0140625
0 0.30546875 0.43125 0.01953125 0.01640625
0 0.3390625 0.4171875 0.01875 0.01171875