0 1 0.49233872968750003 0.8123414875 0.4758873171875 0.6147871765625 0.4608093484375 0.384796225 0.471366703125 0.14412178125 0.46901759062500004 0.0085198 0.48809900781250004 0.010739839062500001 0.615284959375 0.05249849375 0.6144451875 0.346749778125 0.6035147203125 0.6850602796875 0.6336553968749999 1 0.7168610390625 1 0.49233872968750003
0 0.9389275012145207 0.3910390055426679 0.06282728246740418 0.02202548620519007
0 0.8438740998345489 0.41087787200558273 0.0472295560063543 0.02276911465389251
0 0.6682701278377261 0.4302464269576799 0.05339773538950343 0.01840916327441171
0 0.9801388823019529 0.4225036895092943 0.020476141233702096 0.010439533016686653
0 0.9898314821397971 0.39540892300095093 0.01595228246740419 0.019568871551297475
0 0.9797376874975285 0.30992180235416456 0.022147735389503254 0.016771420171816587
0 0.8229246258091312 0.33065146144470464 0.02680796185055314 0.015454581637205766
0 0.63413881533855 0.31161261363783976 0.019022735389503255 0.016607645861557073
0 0.7040615775134146 0.3751970788121307 0.02220228246740419 0.019896420171816587
0 0.6678649788933864 0.362236733380115 0.020530688311602673 0.013564533016686831