0 0.8607553421875 0.712986409375 0.8805854453125 0.71578218125 0.9668607625 0.69405764375 0.9751254375 0.516611771875 0.9746486109375001 0.5163748328125 0.8767587656250001 0.5189029578125 0.8372673031250001 0.5522143578125001 0.839368434375 0.57972599375 0.8259244625 0.587161575 0.822018321875 0.6460959640625 0.8364714921875 0.688567978125 0.8607553421875 0.712986409375
0 0.7929846015625001 0.4860972140625 0.8488616234374999 0.48386652343750003 0.8527263968750001 0.4610839125 0.8685229828125 0.4477593546875 0.8490270953125 0.3392594125 0.7793272421874999 0.3072715765625 0.713619540625 0.32755585 0.6899246625 0.347542690625 0.6642560296875 0.4150726140625 0.6669875015625 0.45083774062500004 0.6959352109375 0.49962999375 0.7296295140625 0.500492509375 0.736015646875 0.5107238640625 0.7929846015625001 0.4860972140625
0 0.8728972671875 0.725195625 0.871133625 0.775489871875 0.9318018828125 0.8726877234374999 0.958310578125 0.877633525 0.9655047703124999 0.7231713390625 0.9447809875000001 0.7123915390625 0.8728972671875 0.725195625
0 0.9333488640625 0.45262220312499996 0.9180138718749999 0.43529731250000003 0.8606246890625 0.45442163437499994 0.8507940093749999 0.47247521875 0.8583994546874999 0.5353653328125 0.9172180609374999 0.571650934375 0.9310822578125 0.56971768125 0.9511638453125 0.5391128375 0.9543982796874999 0.508076734375 0.9333488640625 0.45262220312499996
0 0.571184275 0 0.5904333734375 0.0722478953125 0.638622215625 0.0794306484375 0.6325559000000001 0 0.571184275 0
0 0.41065789375 0 0.39750203906250003 0.0018344812499999999 0.5022087375 0.201329546875 0.5198963437499999 0.21276546093749998 0.5329200890625 0.1998275515625 0.5634213265625 0.1955743921875 0.6029541578125001 0.126111215625 0.5889212140625 0.08914152812500001 0.593709175 0.005060015625 0.592888121875 0 0.41065789375 0
0 0.6007702890625 0.1709031359375 0.539977928125 0.1821606171875 0.5243500890624999 0.23438811875 0.5698934703125 0.31701224375 0.5845981203124999 0.32608364375 0.6786645578125 0.310186353125 0.68324240625 0.22335367499999997 0.66068083125 0.18479277656249998 0.6007702890625 0.1709031359375
0 0.7160962578125 0.2132115390625 0.6973167203124999 0.22417158593750003 0.707905115625 0.2894262125 0.7757139484375 0.29665357187499997 0.775083609375 0.28840008125 0.794283375 0.2829423625 0.8028533765624999 0.2483817953125 0.77260361875 0.2192343390625 0.7160962578125 0.2132115390625
0 0.736225759375 0.5134750265625 0.7423604109374999 0.5571069953125 0.77303039375 0.5917567781249999 0.8346632078124999 0.59150395 0.8406704828124999 0.560081196875 0.7963877828125 0.49396405468750004 0.762693478125 0.4931015375 0.736225759375 0.5134750265625
0 0.261370975 0.0986698390625 0.245825871875 0.078593784375 0.208518275 0.0671132640625 0.174110896875 0.13030081093749998 0.18398621875 0.259605503125 0.22381517343750001 0.3040999890625 0.25305573125 0.283339846875 0.256458909375 0.2912066859375 0.2927159390625 0.2889313890625 0.30943571406250003 0.214307928125 0.261370975 0.0986698390625
0 0.549480940625 0.6368313156250001 0.48423483437500003 0.6264661375 0.43474394531250005 0.6389281796875 0.43319041875000003 0.691973590625 0.4621381265625 0.7407658421875001 0.5004962890625 0.7660021828125 0.5589360359375 0.7606336796875001 0.5693970546875 0.7508335828125 0.5650260453125 0.65690736875 0.549480940625 0.6368313156250001
0 0.6754399484375 0.89175261875 0.628553153125 0.8649250687500001 0.59057385 0.8813428359375 0.5738954453125 0.91981451875 0.5926336156249999 0.9450062499999999 0.596978275 0.97498550625 0.720277215625 0.9577924328125 0.7193024218749999 0.952367434375 0.6754399484375 0.89175261875
0 0.788410028125 0.7564399453124999 0.7408515265625 0.7575106828125 0.7252236859375001 0.809738184375 0.754550253125 0.900184540625 0.789085009375 0.9120517140625 0.8355929468750001 0.897225159375 0.8411799921875 0.860300078125 0.8180294453125001 0.777333909375 0.788410028125 0.7564399453124999
0 0.6888360046875001 0.55344870625 0.6679553328125001 0.5368971171875 0.6344711421875 0.5387857625 0.6107762640625001 0.5587726015625 0.58485615 0.6597031390625 0.5952758031250001 0.686054825 0.6270377171875 0.6983086468749999 0.684006675 0.673681996875 0.698122353125 0.6383481296875 0.6888360046875001 0.55344870625
0 0.2866849546875 0.3147965234375 0.3055505046875 0.415042975 0.3481523 0.45915080937499997 0.386341715625 0.4454842078125 0.38600422343749996 0.3676783234375 0.3726016203125 0.338962125 0.320169146875 0.312907878125 0.2866849546875 0.3147965234375
0 0.34222121250000004 0.0512498953125 0.33609861093750004 0.010396709375 0.2264922203125 0.025680464062500002 0.2270639890625 0.0478444328125 0.252987378125 0.13042395 0.3220982578125 0.11800651718749999 0.34222121250000004 0.0512498953125
0 0.3839063671875 0.523676740625 0.36663898906250003 0.5177431546875 0.3552134125 0.6249939312499999 0.42323235937500003 0.6349724546875 0.4633541640625 0.6099145484374999 0.4751172296875 0.5804696578125 0.4591932671875 0.518739496875 0.43852270937500004 0.5049390703125 0.3839063671875 0.523676740625
0 0.5948936687499999 0.46089066250000005 0.5855245828125 0.44829479687499996 0.595565375 0.432992375 0.5902711765624999 0.40036506406249994 0.5575000625000001 0.3382036421875 0.5396023453125001 0.3240165671875 0.5095213328125 0.333772053125 0.48347384375 0.3596478703125 0.469568275 0.3977329046875 0.47839303125 0.5132817765625 0.49629075 0.527468853125 0.5624186765625 0.5126869046875 0.583550828125 0.49583788125000006 0.5948936687499999 0.46089066250000005
0 0.413519234375 0.17755059687500002 0.381337090625 0.159794446875 0.34272744843749997 0.1679587203125 0.3303340421875 0.1891501203125 0.3443256171875 0.2622715859375 0.36625685625000004 0.2925789953125 0.3922629796875 0.30285495625 0.41125263125 0.294646071875 0.4364596703125 0.25776560000000004 0.413519234375 0.17755059687500002
0 0.41957115 0.29348611875 0.40612717812500004 0.3009217015625 0.385625365625 0.326024215625 0.399196715625 0.39364335625 0.41709443281249997 0.40783043281250003 0.46444282187499997 0.40400853124999997 0.47494520937500007 0.3580566609375 0.4600718125 0.31008231875000003 0.41957115 0.29348611875
0 0.0743063234375 0.10251084531250002 0.10539653125 0.1426629546875 0.1540056015625 0.1553480359375 0.159802759375 0.12117411874999999 0.1492143625 0.05591949375000001 0.13480365 0.03846571875 0.0864148796875 0.0452131546875 0.07006269062500001 0.08363935 0.0743063234375 0.10251084531250002
0 0.1936277171875 0.3806014125 0.19446816875 0.3916060671875 0.20270395312499997 0.46274967031249997 0.25534654218749997 0.49155508281250004 0.2822344859375 0.47668391874999994 0.296980503125 0.4496035421875 0.2972319859375 0.416202928125 0.27147734375 0.372526353125 0.1936277171875 0.3806014125
0 0.2159946296875 0.269839703125 0.19599578125 0.22814099062499998 0.16549454218749998 0.23239415000000002 0.136043871875 0.2504031265625 0.1327267015625 0.353742784375 0.1525154390625 0.392690334375 0.1862097421875 0.393552853125 0.218223140625 0.372406059375 0.2265830265625 0.3350943296875 0.2159946296875 0.269839703125
0 0.31546719375 0.5081958875 0.3126529859375 0.54473431875 0.3256353640625 0.5679481890625 0.3638247796875 0.554281584375 0.36810978125 0.5370013015625 0.353866725 0.49728045 0.322945259375 0.49603128124999996 0.31546719375 0.5081958875
0 0.7367319953125 0.6301838531249999 0.70324780625 0.6320724984375 0.6850986078125 0.6512860375 0.7046358640625 0.7236342015624999 0.7342552796875 0.744528165625 0.7696718578125 0.7312482140625 0.771855725 0.6864562953125 0.7580328953125 0.6522377703125 0.7367319953125 0.6301838531249999
0 0.6737143999999999 0.7223850328125 0.6022509078125 0.740691446875 0.5776742078125 0.785825409375 0.58532101875 0.81256374375 0.6221670203125 0.854693715625 0.68295938125 0.8434362359375 0.711149371875 0.808920275 0.7033338171875 0.7432789984375 0.6737143999999999 0.7223850328125
0 0.3285257578125 0.0920860921875 0.3329381359375 0.149860528125 0.40074696875000004 0.157087890625 0.41078776250000004 0.14178546875 0.4080562890625 0.10602034062500001 0.395704253125 0.09105996250000001 0.355623815625 0.0799660921875 0.3285257578125 0.0920860921875
0 0.26958959843749997 0.5312759359375 0.276313221875 0.6193131703125 0.2944210515625 0.6362514125 0.3300477421875 0.6257226250000001 0.3394995625 0.5660149328124999 0.328659684375 0.5341609218750001 0.31651775937500004 0.5219517078125 0.26958959843749997 0.5312759359375