0 0.3682581625 0.95141294375 0.3865404875 0.897629890625 0.3689673578125 0.8528689078125 0.342818146875 0.8474528578125 0.3404469984375 0.8332546703125001 0.2872488703125 0.814011978125 0.243123178125 0.8158382796874999 0.21240005625 0.8314061953125 0.203168040625 0.848683953125 0.19613824062500002 0.9157632984375 0.3682581625 0.95141294375
0 0.444959653125 0.8302287015625 0.4282950328125 0.8816054015624999 0.448070925 0.8911842312499999 0.4551001765625 0.9090886250000001 0.5619839796874999 0.9202608421875 0.6149295296874999 0.8654330265624999 0.618191578125 0.8003147140625 0.6076476984375 0.7734581234375 0.5537936390625 0.7321482578125 0.5197996640625 0.72510739375 0.4649705125 0.738423859375 0.4528798046875 0.76881659375 0.44127664062500005 0.7718961656250001 0.444959653125 0.8302287015625
0 0.1800240671875 0.912425715625 0.18478820468749999 0.9079296390625 0.19703849375 0.83919015 0.151113390625 0.824195271875 0.040883346875 0.8534511953124999 0.0398329171875 0.8552287125 0.041157289062500005 0.88366349375 0.1800240671875 0.912425715625
0 0.45158555156249996 0.9001364265625 0.43818297968750003 0.8863948171875 0.3774680546875 0.8765608953124999 0.3241945390625 0.920355125 0.32133584375 0.9334701031250001 0.32942658125 0.9433701093750001 0.43310820781250003 0.964844746875 0.45003871875 0.9573857531250001 0.45158555156249996 0.9001364265625
0 0.8728140218749999 0.79822406875 0.9591064218750001 0.816097034375 0.9717366515625001 0.7581526796875 0.8956081875 0.7563411703125 0.8728140218749999 0.79822406875
0 1 0.6046101640625 0.8057923593749999 0.64178891875 0.78928731875 0.654818865625 0.7968883109375 0.6701002640625 0.790599184375 0.6989532140625 0.8415945484374999 0.75337805625 0.8804904 0.7504685453125 0.9566510796875001 0.7772086781249999 0.96730134375 0.778500765625 1 0.6284874671875 1 0.6046101640625
0 0.8008992875000001 0.7394663859375 0.8108626187500001 0.6812188796875 0.7677962109375 0.6531090203125001 0.6761143890625 0.6724996 0.6627960109375 0.6834481546875 0.6459718109375 0.7731716093750001 0.7247474140625 0.8004533453124999 0.767973403125 0.7902164515625001 0.8008992875000001 0.7394663859375
0 0.7231163890625 0.8330125015625001 0.7192737984375001 0.8130267171875 0.6553722109375 0.8052741890625 0.6259609515625 0.8649764515625 0.633805715625 0.8666012656250001 0.632418465625 0.8855038390625 0.6615105625 0.90249508125 0.6986070062499999 0.8827643859375 0.7231163890625 0.8330125015625001
0 0.43866172031249995 0.771354559375 0.3962512421875 0.765311875 0.3539249578125 0.783959359375 0.333501940625 0.840040446875 0.36055085781249996 0.8538670890625 0.43654315 0.8312268812499999 0.44863385781250004 0.8008341437500001 0.43866172031249995 0.771354559375
0 1 0.381535215625 0.9814507734375001 0.3625167546875 0.858549478125 0.3370613203125 0.8040482921875001 0.361411371875 0.8134486921875 0.3935139546875 0.8050321890625 0.394512134375 0.7949846625 0.4280694703125 0.858398703125 0.46313516562499996 0.9814595781250001 0.450243846875 1 0.4433961703125 1 0.381535215625
0 0.38716119843749996 0.5687887 0.41861563906250004 0.5122510375 0.423677096875 0.463953909375 0.375137071875 0.448417421875 0.3203079203125 0.4617338859375 0.284111184375 0.4898751734375 0.2694897453125 0.544416475 0.275047553125 0.5565332703125 0.36338313437499997 0.5775708359375 0.38716119843749996 0.5687887
0 0.025126809374999996 0.5394826828125 0.029724678124999997 0.6382007656249999 0.038410396875 0.6391086546875 0.109172846875 0.6153852390625 0.1496997234375 0.5799165687500001 0.14724438281250002 0.5410282125 0.1172525796875 0.515626378125 0.087672934375 0.5259483015625 0.047877378124999995 0.5204472234375 0.025126809374999996 0.5394826828125
0 0.1964579484375 0.7540860546875 0.21140735156249998 0.7105783421874999 0.16834094375 0.6824684828125 0.0748597125 0.6850378765625 0.0523093203125 0.7132641937499999 0.050434521875000006 0.75947993125 0.08271328125 0.7743897828125 0.16720627187499998 0.7754415671875 0.1964579484375 0.7540860546875
0 0.41757396562500004 0.71764138125 0.4398805859375 0.703071646875 0.4493563734375 0.67213730625 0.43881249687499996 0.645280715625 0.35415112187500003 0.5948485953125 0.3262866921875 0.5973015328125 0.30430803906250004 0.6229048515625 0.30799105 0.6812373875 0.3359396703125 0.703474621875 0.41757396562500004 0.71764138125
0 0.7730838296875 0.4157011265625 0.674044790625 0.4061537234375 0.6189718671875 0.4331267703125 0.6188122859375 0.47147352343750004 0.6908866031249999 0.49188445468750003 0.721937690625 0.48735012656250004 0.7636080421875 0.44663546875 0.7730838296875 0.4157011265625
0 1 0.433336278125 0.9549006421874999 0.4341692984375 0.9432220921875001 0.500285790625 0.998219628125 0.5363496671875 1 0.5365871484375 1 0.433336278125
0 0.5473097124999999 0.448439596875 0.55858490625 0.4343264390625 0.463220075 0.3953844796875 0.43119389375 0.4545451375 0.440922259375 0.4976813046875 0.46421277656250004 0.51621233125 0.5266429203125 0.518177265625 0.54633461875 0.503065925 0.5473097124999999 0.448439596875
0 0.534664875 0.6569095093749999 0.549454696875 0.65174855 0.5602423453125 0.6649485546875 0.592193140625 0.6688248203125 0.6606686374999999 0.6555933859375 0.6797885953125 0.6431050421875 0.6808478796874999 0.61316888125 0.6656459015625 0.5826060875 0.63508235625 0.5598272484375 0.5252556703125 0.5370798390625 0.506135709375 0.54956818125 0.49764382031250004 0.613603284375 0.506144515625 0.6372952734374999 0.534664875 0.6569095093749999
0 0.8575102375 0.567516921875 0.884718734375 0.5429968109375001 0.8901081578125 0.5057332703124999 0.8746624031250001 0.48882705625 0.8023443140625 0.48207270781249995 0.7669630890625 0.4939344171875 0.7487428328125 0.5148333515625 0.749970503125 0.53427753125 0.7756321703125 0.56700674375 0.8575102375 0.567516921875
0 0.7482552874999999 0.542146515625 0.7458841390625001 0.527948328125 0.7295386796875001 0.5026315234375 0.662450434375 0.49696038593749997 0.6433304734374999 0.509448728125 0.63099599375 0.5534980484375 0.6699760375 0.57527870625 0.7193315734375 0.5745356140625 0.7482552874999999 0.542146515625
0 1 0.2942075546875 0.9930475640624999 0.2967753515625 0.96502355625 0.33757503906249997 0.9946873937499999 0.35194328750000003 1 0.35258781250000004 1 0.2942075546875
0 0.7434111875 0.31360578906250003 0.7329515046874999 0.31143936875 0.6643918140625 0.2999806359375 0.6201065406249999 0.3401536890625 0.6248488359375 0.3685500640625 0.64495269375 0.38916248124999997 0.6757600078125 0.3982847359375 0.7247875796875001 0.3865080578125 0.7434111875 0.31360578906250003
0 0.8383561187499999 0.363426434375 0.8836252921875 0.35635414375 0.8899144187499999 0.3275011921875 0.8831289390625001 0.29594021718749997 0.7886638109375 0.26540885 0.7460095609375 0.27302274843749996 0.7339188531249999 0.3034154828125 0.7427475125 0.33814105781250003 0.7744545328125 0.35567390625 0.8383561187499999 0.363426434375
0 0.584565734375 0.39036214999999996 0.5517152359375 0.37807529375 0.5258939890625001 0.3836928296875 0.5257344093749999 0.4220395828125 0.540280459375 0.4305352046875 0.5817912328125 0.4281672953125 0.5933102015625 0.40039755625 0.584565734375 0.39036214999999996
0 0.33055024843749997 0.7407381640625 0.34002603593749997 0.709803821875 0.32833868125 0.6881932234375 0.2548771140625 0.686684865625 0.2256254359375 0.7080403765625001 0.22603759375000002 0.7437641328125 0.26673285468749997 0.7576758031249999 0.303013784375 0.7542246875 0.33055024843749997 0.7407381640625
0 0.266396084375 0.6589151249999999 0.2734165296875 0.5890924281250001 0.23991010156249998 0.554738396875 0.2126174125 0.5545683375 0.1613028859375 0.5768369984375 0.151339553125 0.6350845046875 0.1738145578125 0.6698951109375 0.23714440468750003 0.6802706359374999 0.266396084375 0.6589151249999999
0 0.965041165625 0.5130292234375 0.910127821875 0.5016555171875 0.8807165625 0.56135778125 0.8915042124999999 0.5745577859375001 0.9254981890625 0.5815986515625 0.9434746703125001 0.5743563 0.9671685421875 0.5408839921874999 0.965041165625 0.5130292234375
0 0.578595765625 0.3425215953125 0.4949182890625 0.32519023593749996 0.473183409375 0.3371369734375 0.4709806453125 0.37231912500000003 0.5230352953125 0.3968078078125 0.556129565625 0.39543808281250004 0.5714911265625 0.3876541234375 0.578595765625 0.3425215953125