0 0.7224999999999999 0.985 0.735 0.8724999999999999 0.73 0.8550000000000001 0.705 0.835 0.665 0.825 0.6125 0.8324999999999999 0.6075 0.845 0.5825 0.845 0.5575 0.8825 0.5675 0.97 0.5825 0.9925 0.7025 0.9974999999999999 0.7224999999999999 0.985
0 0.5025000000000001 0.865 0.5225 0.86 0.5175 0.8099999999999999 0.5325 0.7575000000000001 0.5225 0.7525000000000001 0.5175 0.7224999999999999 0.47000000000000003 0.7 0.4375 0.7 0.38 0.7275 0.365 0.75 0.355 0.8099999999999999 0.39249999999999996 0.8699999999999999 0.4925 0.8800000000000001 0.5025000000000001 0.865
0 0.8550000000000001 0.9775 0.89 0.9650000000000001 0.8949999999999999 0.945 0.8825 0.9075 0.7875 0.86 0.7424999999999999 0.865 0.74 0.93 0.7625 0.9625 0.8074999999999999 0.9775 0.8550000000000001 0.9775
0 0.585 0.9475 0.61 0.9275 0.61 0.915 0.5700000000000001 0.865 0.5125 0.8625 0.49749999999999994 0.8724999999999999 0.4875 0.925 0.505 0.9375 0.5575 0.9525 0.585 0.9475
0 0 0.7 0.1325 0.7 0.12 0.6575 0.01 0.6375 0 0.6375 0 0.7
0 0 0.6599999999999999 0.06 0.665 0.135 0.655 0.16999999999999998 0.665 0.22749999999999998 0.625 0.22749999999999998 0.5974999999999999 0.2375 0.585 0.225 0.5700000000000001 0.02 0.485 0 0.4875 0 0.6599999999999999
0 0.34500000000000003 0.72 0.34750000000000003 0.635 0.3375 0.6224999999999999 0.2575 0.5875 0.2125 0.605 0.21000000000000002 0.6599999999999999 0.22999999999999998 0.7125 0.26749999999999996 0.73 0.34500000000000003 0.72
0 0.335 0.825 0.3375 0.8074999999999999 0.34500000000000003 0.8074999999999999 0.32999999999999996 0.7474999999999999 0.27 0.7424999999999999 0.2625 0.76 0.275 0.8099999999999999 0.305 0.835 0.335 0.825
0 0.925 0.9324999999999999 0.9025000000000001 0.945 0.8949999999999999 0.97 0.8975 0.9974999999999999 0.9875 0.9949999999999999 0.9675 0.9525 0.925 0.9324999999999999
0 0.6174999999999999 0.8400000000000001 0.61 0.7849999999999999 0.575 0.76 0.5349999999999999 0.7575000000000001 0.52 0.7825 0.525 0.8125 0.5900000000000001 0.8474999999999999 0.6174999999999999 0.8400000000000001
0 0.2125 0.3971425 0.27749999999999997 0.3771425 0.275 0.3446425 0.26749999999999996 0.3421425 0.28250000000000003 0.3146425 0.2375 0.2821425 0.12 0.2821425 0.0675 0.3171425 0.08249999999999999 0.34964249999999997 0.1025 0.3621425 0.2125 0.3971425
0 0.7275 0.5925 0.735 0.5825 0.7325 0.53 0.705 0.49749999999999994 0.6575 0.475 0.61 0.48 0.605 0.525 0.6224999999999999 0.5825 0.6425 0.595 0.7275 0.5925
0 0.9525 0.7150000000000001 0.9650000000000001 0.705 0.97 0.6375 0.9425000000000001 0.6025 0.905 0.6 0.8800000000000001 0.585 0.8474999999999999 0.6025 0.8375 0.6375 0.8675 0.6775 0.9275 0.7125 0.9525 0.7150000000000001
0 0.8925000000000001 0.82 0.9 0.7775000000000001 0.885 0.7474999999999999 0.8 0.7275 0.755 0.745 0.76 0.7875 0.7825 0.8125 0.86 0.8275 0.8925000000000001 0.82
0 0.9974999999999999 0.9199999999999999 0.9974999999999999 0.7424999999999999 0.945 0.745 0.9275 0.76 0.9175000000000001 0.7875 0.905 0.825 0.9225 0.8975 0.9625 0.9175000000000001 0.9974999999999999 0.9199999999999999
0 0.6725 0.7 0.6875 0.6475 0.6725 0.62 0.6475 0.6125 0.5599999999999999 0.6425 0.545 0.665 0.5475 0.6950000000000001 0.5650000000000001 0.7125 0.6425 0.7150000000000001 0.6725 0.7
0 0.43 0.45 0.4375 0.41500000000000004 0.39249999999999996 0.38 0.3 0.37 0.3025 0.4 0.3325 0.445 0.36 0.45499999999999996 0.43 0.45
0 0.13 0.3525 0.052500000000000005 0.335 0.0025 0.3375 0 0.4325 0.06999999999999999 0.4375 0.1275 0.41500000000000004 0.13 0.3525
0 0.5625 0.52 0.5875 0.5075000000000001 0.605 0.47000000000000003 0.5875 0.41 0.4925 0.42750000000000005 0.5 0.4425 0.49000000000000005 0.4925 0.505 0.51 0.5625 0.52
0 0.445 0.6375 0.4575 0.6275000000000001 0.47000000000000003 0.635 0.5 0.6224999999999999 0.5125 0.6025 0.5175 0.5425 0.5025000000000001 0.5275000000000001 0.3975 0.5275000000000001 0.365 0.5425 0.34500000000000003 0.5675 0.33999999999999997 0.595 0.355 0.61 0.41500000000000004 0.635 0.445 0.6375
0 0.2975 0.48250000000000004 0.3025 0.465 0.29 0.4425 0.26 0.425 0.1925 0.4175 0.175 0.43 0.17250000000000001 0.465 0.1925 0.4925 0.26749999999999996 0.5075000000000001 0.2975 0.48250000000000004
0 0.4025 0.5225 0.4 0.48 0.385 0.465 0.3225 0.4575 0.3025 0.47750000000000004 0.2975 0.49000000000000005 0.3175 0.525 0.3625 0.5349999999999999 0.4025 0.5225
0 0.13999999999999999 0.2625 0.12250000000000001 0.22000000000000003 0.08249999999999999 0.195 0.065 0.1925 0.0225 0.215 0.02 0.24500000000000002 0.05 0.265 0.11000000000000001 0.27 0.13999999999999999 0.2625
0 0.4225 0.37 0.445 0.355 0.45499999999999996 0.32999999999999996 0.4225 0.28500000000000003 0.35750000000000004 0.28250000000000003 0.34750000000000003 0.28250000000000003 0.35 0.3525 0.39249999999999996 0.3725 0.4225 0.37
0 0.343215 0.305 0.358215 0.275 0.353215 0.24500000000000002 0.315715 0.22999999999999998 0.223215 0.24 0.21071499999999999 0.26749999999999996 0.21071499999999999 0.29500000000000004 0.250715 0.31 0.31071499999999996 0.315 0.343215 0.305
0 0.525 0.4225 0.5325 0.3875 0.51 0.3775 0.47750000000000004 0.3825 0.46749999999999997 0.39 0.4725 0.4175 0.51 0.42750000000000005 0.525 0.4225
0 0.735 0.7725 0.7424999999999999 0.74 0.72 0.7150000000000001 0.6525000000000001 0.7025 0.6375 0.72 0.64 0.75 0.6625 0.7675 0.6950000000000001 0.7775000000000001 0.735 0.7725
0 0.825 0.6875 0.8275 0.6325000000000001 0.7849999999999999 0.6025 0.76 0.5974999999999999 0.7224999999999999 0.6224999999999999 0.7150000000000001 0.6875 0.7375 0.7125 0.7975 0.7150000000000001 0.825 0.6875
0 0.16 0.4925 0.17250000000000001 0.48250000000000004 0.1575 0.4225 0.10500000000000001 0.4225 0.0975 0.44749999999999995 0.1125 0.48250000000000004 0.1275 0.4925 0.16 0.4925
0 0.585 0.3875 0.5900000000000001 0.355 0.5725 0.33999999999999997 0.4925 0.33999999999999997 0.49000000000000005 0.3825 0.5025000000000001 0.39249999999999996 0.5325 0.4 0.585 0.3875