0 0.394943921875 0.9901979953125 0.4059526203125 0.9271885984375 0.380633828125 0.8832594921875 0.352891309375 0.8808385 0.348150715625 0.8665182640625 0.29037617031249996 0.85313255625 0.24534181406250002 0.8603277968749999 0.216306640625 0.880044465625 0.20962706406249998 0.89893071875 0.2135871125 0.97437161875 0.394943921875 0.9901979953125
0 0.4550265203125 0.8508131703125 0.4462463828125 0.9056731203125 0.4681172328125 0.91314433125 0.47824475 0.930715971875 0.5898611515625001 0.9293311125000001 0.6353528921875 0.8665496234375001 0.628133846875 0.799168246875 0.612942571875 0.7728107828125 0.5509121796875001 0.736803215625 0.5148469062500001 0.733655925 0.4606818828125 0.75396090625 0.4531944 0.7866831984375 0.4417742265625 0.791249215625 0.4550265203125 0.8508131703125
0 0.043684060937500005 0.923387765625 0.0295617390625 0.9583123671875 0.19203330937500002 0.97249069375 0.20036218125 0.9620922921874999 0.2017890546875 0.8899027984375 0.152175684375 0.8800105968749999 0.043684060937500005 0.923387765625
0 0.46065711093750006 0.993151246875 0.48088478281249997 0.9810099046874999 0.4731809921875 0.9219301515625 0.4571818078125 0.9094087249999999 0.393212434375 0.90660765 0.3455927671875 0.9580782093750001 0.3447848578125 0.9719142484375001 0.3613160234375 0.98726340625 0.4507856484375 0.9950711078125 0.46065711093750006 0.993151246875
0 1 0.7117544984374999 0.9059890562499999 0.7205072984374999 0.8893709062499999 0.7663393296875001 1 0.7759935437500001 1 0.7117544984374999
0 1 0.54820981875 0.795125840625 0.613486865625 0.7802850890624999 0.628879615625 0.7905741875000001 0.6436840484374999 0.7887967890625001 0.67412333125 0.850019271875 0.723966934375 0.8895051265625 0.7162874953125 0.9720863546875 0.734619303125 1 0.7347344390625 1 0.54820981875
0 0.80595440625 0.71455893125 0.8067349531250001 0.6534382671875 0.7579294937500001 0.629710028125 0.6668912875 0.6607037546875 0.6549863734375 0.6735713953125 0.65226684375 0.7678985515625001 0.7376223234375 0.7864724578125 0.7803671765625 0.7707334953125 0.80595440625 0.71455893125
0 0.741231846875 0.8201631468749999 0.7340401640625001 0.800066396875 0.6671349546875 0.799790428125 0.64661148125 0.8647508125 0.6549342375 0.8654771109375 0.6565774156249999 0.8850896625000001 0.6892221109375 0.8990636828125 0.7241289531249999 0.8742968 0.741231846875 0.8201631468749999
0 0.4389999765625 0.7910071171874999 0.3944503640625 0.7899007359375 0.3539950203125 0.814183421875 0.342117465625 0.8743356875 0.37214949218750004 0.8853004015625 0.446542184375 0.8528540781249999 0.45402966874999995 0.8201317875 0.4389999765625 0.7910071171874999
0 0.9444985734375001 0.3952757984375 0.9675004968750001 0.3833765546875 0.986246571875 0.348855453125 0.930249428125 0.3050304640625 0.799859590625 0.293651796875 0.7478224921875001 0.32526770625 0.76269060625 0.35715958593749997 0.75420626875 0.3592004953125 0.749331453125 0.39493209375 0.820169346875 0.423364334375 0.9444985734375001 0.3952757984375
0 0.353211884375 0.5888291171875 0.376348028125 0.526878040625 0.3737079953125 0.47658410625 0.321320375 0.46644980468749997 0.267155353125 0.4867547859375 0.23453801875 0.520065390625 0.22837055 0.57793465 0.2360469796875 0.5897297781249999 0.330209959375 0.6007283609375 0.353211884375 0.5888291171875
0 0.07519509375 0.670257271875 0.111071425 0.62888714375 0.10223656249999999 0.5891778421875 0.067302359375 0.5666600984375 0.0385903515625 0.58084235 0.016887721875 0.5803933484375 0.020266989062499997 0.69653125625 0.07519509375 0.670257271875
0 0.1873783265625 0.802424671875 0.19567372031250002 0.7558663421875 0.146868259375 0.7321381031249999 0.0512510421875 0.7460443875 0.0326665484375 0.7777982812500001 0.0382424140625 0.82556710625 0.07382294375000001 0.8370160203125 0.1607942421875 0.8279178515625001 0.1873783265625 0.802424671875
0 0.408617425 0.738292190625 0.4291682609375 0.7206164328125 0.43388149531250003 0.6876520421875 0.41869021718750005 0.6612945781249999 0.32353038437500004 0.6196146140625001 0.2953031203125 0.62549524375 0.276880209375 0.65448193125 0.290132503125 0.7140458828125 0.32245403437500003 0.7335543203125 0.408617425 0.738292190625
0 0.724824825 0.3848472890625 0.6215311796874999 0.3869584453125 0.5693325015624999 0.4213415625 0.5753931109375 0.46080876562500006 0.6527490015625 0.47312195937499996 0.6839120984375 0.464716221875 0.7201115921875 0.417811678125 0.724824825 0.3848472890625
0 1 0.3703108734375 0.914605025 0.3819395875 0.91333973125 0.4513618734375 0.9756932875000001 0.481835025 1 0.4822227875 1 0.3703108734375
0 0.4981988046875 0.4457283625 0.5074910499999999 0.42985141562500007 0.403200553125 0.40128119062499995 0.3799028265625 0.465999475 0.3968988625 0.50920228125 0.4238334734375 0.5254593125 0.48828759374999997 0.519958765625 0.5060641765625 0.502040909375 0.4981988046875 0.4457283625
0 0.51904803125 0.6617085312500001 0.5334040359375 0.6546174046875 0.5466289671875 0.66689673125 0.580081571875 0.667034715625 0.648279434375 0.6451730234374999 0.665894434375 0.630022375 0.66212333125 0.5990988921875 0.6415451359375 0.5694900234375 0.60644935 0.5497394890625 0.4899307734375 0.53957131875 0.47231577031249994 0.5547219671875 0.4739863125 0.6216191453125 0.4865649171875 0.6449673015624999 0.51904803125 0.6617085312500001
0 0.8362001484375 0.530850725 0.8601715625 0.5023482359375 0.85965945625 0.46336523124999995 0.8410476015624999 0.4478344984375 0.76565805625 0.44959944218750003 0.7312359625 0.4660647015625 0.715910465625 0.4897590734375 0.7203278984375 0.509613725 0.7520031031250001 0.540190990625 0.8362001484375 0.530850725
0 0.7198431515625 0.517915346875 0.7151025578125 0.5035951109375 0.694201196875 0.4795206578125 0.624360153125 0.481769796875 0.606745153125 0.49692044687500003 0.6012240109375 0.543720875 0.64480413125 0.5614304999999999 0.6953869921875 0.5547194578125 0.7198431515625 0.517915346875
0 1 0.21298885625000002 0.99707680625 0.21113288749999998 0.9774954609375 0.21220540156249998 0.9314916140625 0.23600388749999998 0.9093249609375 0.2813517203125 0.9421312390625 0.292558534375 1 0.29279722812500003 1 0.21298885625000002
0 0.6777694015625 0.28339513906249997 0.66667239375 0.2824267421875 0.5943802640625 0.27889936875 0.55540651875 0.3255618125 0.564887709375 0.354202284375 0.588886484375 0.3729844234375 0.6220159234375 0.378656821875 0.6704708609375001 0.36063485 0.6777694015625 0.28339513906249997
0 0.7833943890625 0.32320705312500003 0.828751909375 0.310477396875 0.8305293078125 0.280038115625 0.8184354484374999 0.2483883359375 0.71643445625 0.22836183281250003 0.6738511890625001 0.2413335890625 0.6663637015625 0.2740558796875 0.6810702328125 0.3087149640625 0.7164891796874999 0.3229310859375 0.7833943890625 0.32320705312500003
0 0.527045034375 0.3814942765625 0.491302921875 0.3728125703125 0.46568832968749996 0.38170250625 0.47174894062500006 0.421169709375 0.48807128593750004 0.42815672187500003 0.5303313937499999 0.4207193796875 0.537657296875 0.390764296875 0.527045034375 0.3814942765625
0 0.32296614218749997 0.7725373249999999 0.3276793765625 0.739572934375 0.3121649375 0.7187498859375 0.23645222656249998 0.7260492421875 0.20986814374999999 0.7515424234375 0.21609033593750002 0.78824241875 0.2601552015625 0.797650421875 0.296866803125 0.7897288828125 0.32296614218749997 0.7725373249999999
0 0.24377813124999997 0.6960941578125001 0.2396565 0.623420465625 0.1996585421875 0.5921169015625 0.1715928578125 0.5952303234375 0.1224915953125 0.624321125 0.1217110484375 0.6854417890625 0.1504504203125 0.7185441640625 0.217194046875 0.7215873390625 0.24377813124999997 0.6960941578125001
0 0.9378232515624999 0.4618423890625 0.8795639640624999 0.4567583046875 0.8590404906250001 0.5217186890625001 0.872265421875 0.533998015625 0.908330696875 0.53714530625 0.925622534375 0.527529071875 0.9445301921875 0.49024076250000004 0.9378232515624999 0.4618423890625
0 0.5131464140625 0.332999153125 0.42437035312500004 0.32525197499999997 0.40398110000000004 0.3401605265625 0.40742903906250005 0.376618421875 0.4648804203125 0.39553854374999997 0.49865618906250003 0.3901421140625 0.513173775 0.38028378125 0.5131464140625 0.332999153125