0 0.0628506078125 0.3568151296875 0.0173555140625 0.3726298515625 0.025615690625 0.549979140625 0.10640058906250001 0.54167180625 0.13670132343750002 0.5075173671875 0.1291456875 0.4817980265625 0.14025335 0.47384245937499997 0.131957790625 0.418144825 0.109773740625 0.3792432390625 0.08202804218750001 0.3580226171875 0.0628506078125 0.3568151296875
0 0.1916785859375 0.56651489375 0.1396923 0.5726178234375 0.14068929218749998 0.5943179749999999 0.128568996875 0.6079797515625 0.1688865703125 0.708607753125 0.240790215625 0.7336906062499999 0.2983381546875 0.7099067109375 0.31651859375 0.6894140484375 0.3269019703125 0.624073825 0.3170796453125 0.590638684375 0.280010115625 0.5468329953125 0.24821389374999997 0.54843720625 0.2401441234375 0.53927415 0.1916785859375 0.56651489375
0 0.01681481875 0.3610209140625 0.0681551921875 0.34741230624999997 0.059602565625000006 0.299992815625 0.0114244515625 0.24528756875000002 0.01681481875 0.3610209140625
0 0.06674474687500001 0.6080538984375 0.08465248125 0.6232457390625 0.1346291453125 0.6011488625 0.1401907953125 0.5834679 0.12028907656250001 0.5248757562499999 0.0577249 0.494971609375 0.045106109374999995 0.49778330937500004 0.03247168125 0.5280013703125 0.035735364062500004 0.5574173234375001 0.06674474687500001 0.6080538984375
0 0.49470108437500004 1 0.46576242656250005 0.94114966875 0.419080721875 0.9378497781249999 0.4373387484375 1 0.49470108437500004 1
0 0.6660980125 1 0.5223602875 0.813446540625 0.5034399203125 0.8039609125 0.49384338593750005 0.8170603484375001 0.466082046875 0.8232460859374999 0.4430798828125 0.8913980078125 0.46375280312499995 0.925155725 0.47560224062499995 1 0.6660980125 1
0 0.43603838125000005 0.849122384375 0.4908054921875 0.8341789703125 0.49487165468749994 0.7839477796875001 0.43536100937500005 0.7095186499999999 0.41971996562499997 0.7020426140625 0.3346677578125 0.723734103125 0.3479951953125 0.8057134187500001 0.37699495625 0.8403560484374999 0.43603838125000005 0.849122384375
0 0.31922122656249996 0.8176053640625 0.3346208421875 0.805953184375 0.3114398015625 0.745351446875 0.24633622968750002 0.7434160015625 0.24860292031250003 0.751131803125 0.23169217656250002 0.7576401171875 0.23066390781249999 0.7907526859375 0.26496825 0.8159924953125 0.31922122656249996 0.8176053640625
0 0.23938855937499998 0.536702215625 0.2247757859375 0.4961136125 0.18896031562499999 0.4657299328125 0.13117095 0.4703856109375 0.13191087343750002 0.5003639046874999 0.1868881375 0.5593614296875 0.2186843609375 0.5577572187500001 0.23938855937499998 0.536702215625
0 0.769215709375 0.8927166796874999 0.7878790078125 0.910480453125 0.82522124375 0.9186016390624999 0.8446870203125 0.8567182640625 0.8091755328125 0.735837365625 0.7627665359375 0.6968529718750001 0.7395385796875 0.7184703156250001 0.7347481328125001 0.711316853125 0.7011837140625 0.7160553375 0.7006383031250001 0.7874243421875 0.769215709375 0.8927166796874999
0 0.38960689375 0.4073207296875 0.452942271875 0.4123904484375 0.4968587890625 0.3971244625 0.4875505984375 0.3471330359375 0.45048106718750003 0.303327346875 0.40936101562499994 0.28234649375 0.355606534375 0.29158369687499996 0.34777819375 0.3015488609375 0.37094359374999997 0.38955695625 0.38960689375 0.4073207296875
0 0.1661927265625 0.12278645156250001 0.2196588625 0.1766401109375 0.26910575312499996 0.1985058796875 0.3014161109375 0.1803453859375 0.309260090625 0.1429738625 0.2865619078125 0.12062856250000001 0.272704696875 0.08261189218750001 0.2290608859375 0.062193378125 0.1624305484375 0.0825204234375 0.1561133328125 0.0976294515625 0.1661927265625 0.12278645156250001
0 0.1411027453125 0.31197623281250003 0.1855177578125 0.3075603203125 0.18958391875 0.257329128125 0.14370469375 0.174382090625 0.10888621875 0.16569856562500002 0.0682490234375 0.182974146875 0.070500075 0.218096309375 0.10906509375 0.294452225 0.1411027453125 0.31197623281250003
0 0.05942368906249999 0.17123915625 0.0935022421875 0.1499443875 0.1182413265625 0.13347091093750002 0.1280949296875 0.11209333437499999 0.1211056984375 0.0835075 0.0050933921875 0.10935718593749999 0.0079237640625 0.17012639375 0.05942368906249999 0.17123915625
0 0.2757494421875 0.4957168890625 0.298704690625 0.509784046875 0.32974535 0.5056079015625 0.347925790625 0.4851152390625 0.35176616250000003 0.38834946718749996 0.336639253125 0.364317146875 0.30434453281249996 0.3550712828125 0.25587899687500004 0.382312025 0.24980321249999998 0.416549271875 0.2757494421875 0.4957168890625
0 0.70159401875 0.6913013265625 0.6635431359374999 0.5983891265625 0.61461038125 0.5599670734375 0.581544459375 0.5755556328125 0.5976527234375 0.6486944671875 0.616058953125 0.6747363828124999 0.670553359375 0.6954774703125 0.70159401875 0.6913013265625
0 0.7029644 0.9431024359375 0.7207452062499999 0.9912060078125 0.8192799296875 0.9692506484375001 0.8117274218749999 0.9380500375 0.7706386453125 0.8622564625000001 0.708300259375 0.8788868937500001 0.7029644 0.9431024359375
0 0.567959953125 0.5018544609375 0.58536919375 0.5061962234374999 0.5743240843749999 0.4045263515625 0.5084649484375 0.4000189703125 0.475897521875 0.4264576078125 0.47083436875 0.45498864843750003 0.49830736093750005 0.5118937703124999 0.52050705 0.523388996875 0.567959953125 0.5018544609375
0 0.3826973515625 0.5760178453125 0.39404644375000003 0.58719049375 0.387729228125 0.6022995250000001 0.39931975 0.63260039375 0.44269085468749997 0.6887034109375 0.4623667828125 0.7007609765625 0.4886169953125 0.68943136875 0.507810065625 0.663232496875 0.5131302890625 0.6264233140625 0.4813966203125 0.518402084375 0.46172068906249997 0.5063445203125 0.4026616265625 0.5249845468750001 0.3862493796875 0.5423429359374999 0.3826973515625 0.5760178453125
0 0.6104191109375 0.8294491453124999 0.64422495625 0.8438388796874999 0.6788020046875001 0.8333941859375 0.68613185 0.8125789484375 0.658160359375 0.74482375 0.631427290625 0.7178969203125 0.604935653125 0.710098309375 0.5887804734375 0.7191785562499999 0.57260965625 0.7556651640625 0.6104191109375 0.8294491453124999
0 0.5812091984375 0.7208655765625 0.5923168609375 0.712910009375 0.6064624171874999 0.68783581875 0.58000205625 0.6252244874999999 0.5603261265625 0.613166921875 0.516666678125 0.6201547671875 0.5161369031249999 0.664117409375 0.5398320796875 0.7081628640625001 0.5812091984375 0.7208655765625
0 0.94399110625 0.8756957921874999 0.9066645093749999 0.840168246875 0.858471678125 0.8317244875 0.8599671687500001 0.8642747171874999 0.8831482093749999 0.924876453125 0.9099669640625001 0.9490439015625001 0.941934565625 0.9419209296875 0.9518038078125001 0.893136990625 0.94399110625 0.8756957921874999
0 0.7755698421874999 0.6227526828125 0.7725475859375 0.6124649453125001 0.750379178125 0.5461570015625 0.6951292062500001 0.5228439765624999 0.67291388125 0.5387551125 0.66457140625 0.5652765578125 0.671114409375 0.59670210625 0.704149053125 0.6359262671875 0.7755698421874999 0.6227526828125
0 0.7770593890625 0.7285082765625 0.8042909546875 0.7662851796875 0.8320522921875 0.760099440625 0.8560358125 0.7410540328125 0.83817499375 0.6436431125000001 0.8116989921875 0.608438140625 0.7799027703125 0.610042353125 0.7541510546875 0.6322220359374999 0.7538783484375 0.6679065390625001 0.7770593890625 0.7285082765625
0 0.63533021875 0.511505709375 0.6305554078125 0.4769458875 0.613660303125 0.456047840625 0.5805943828125 0.47163639999999996 0.5800802484375 0.48819268437499996 0.6015087328125001 0.5245223359375 0.6307811984375 0.5234804640624999 0.63533021875 0.511505709375
0 0.2152261640625 0.4269939671875 0.2462668234375 0.4228178234375 0.2593997484375 0.4034498375 0.2263807421875 0.33681931875000004 0.1943430921875 0.31929531093749997 0.163800928125 0.3343215328125 0.170842428125 0.37659715781249997 0.1907597859375 0.4077829390625 0.2152261640625 0.4269939671875
0 0.2556532078125 0.335777446875 0.319004225 0.31344080625 0.3329083515625 0.269238396875 0.3203052 0.2446437359375 0.2771755234375 0.2076689390625 0.2224084125 0.22261235 0.20295827187499998 0.2570893640625 0.22361555625 0.3182534390625 0.2556532078125 0.335777446875
0 0.7075290578125 0.9037213203125001 0.6916622234375 0.8497107046875 0.62655865 0.8477752593749999 0.6202414359375 0.8628842890625 0.6300637625000001 0.8963194328125 0.6446921765625 0.9095016765624999 0.6845581671875001 0.917060521875 0.7075290578125 0.9037213203125001
0 0.673700721875 0.4865143265625 0.6495226890625 0.4042124375 0.6290911968749999 0.38958293906249997 0.5977934703125001 0.4020372265625 0.6010415140625 0.45885954062499995 0.6176795515625 0.488035728125 0.6315524 0.4986460390625 0.673700721875 0.4865143265625