0 0.512755403125 1 0.513380215625 0.9699930296874999 0.4826765 0.9295666328125 0.455744146875 0.9297240406249999 0.44910055625 0.9162275890625 0.39178834375 0.9084413828125 0.3497022796875 0.9195155796875 0.3247813234375 0.9413176796875 0.321154821875 0.9602882671874999 0.329242646875 1 0.512755403125 1
0 0.5491806734375 0.8912791609375 0.5488226890625 0.9454223796875001 0.57087141875 0.9507076265625001 0.5831529046874999 0.9668781875000001 0.6898766140625 0.9554262140625 0.7242409578125 0.8902560203125001 0.707433834375 0.8253849000000001 0.68901160625 0.8011290625 0.624301528125 0.7717296421875 0.5892894703125 0.7719342703125001 0.5403808234375 0.7965836234375 0.53801144375 0.829082146875 0.5277413515625 0.8345562828125 0.5491806734375 0.8912791609375
0 0.318591809375 1 0.31232084531250004 0.9522187296875 0.2633397625 0.9470908874999999 0.16577388906249999 0.9990951812500001 0.1655581609375 1 0.318591809375 1
0 0.5886675 1 0.5770121609375 0.9587929078125 0.559847053125 0.9480650046875001 0.4981540703125 0.951132625 0.463939028125 1 0.5886675 1
0 1 0.7164621328125 0.9620681828125001 0.7237356046875 0.95287621875 0.7698092828124999 1 0.7695338671874999 1 0.7164621328125
0 1 0.5594660859375 0.8401524546875001 0.6297011734375 0.8281948234375 0.6460133984375 0.8402248859375 0.65947836875 0.842990553125 0.6892398234375 0.9089577500000001 0.732167178125 0.9456573453124999 0.7211244609375 1 0.7280001890625 1 0.5594660859375
0 0.8653631390625 0.727007853125 0.8571385703125 0.667500684375 0.806900365625 0.648844909375 0.72423678125 0.687226825 0.7147209640625001 0.700817721875 0.725962625 0.7927919328125 0.8104586125000001 0.8031263203125001 0.8490971671875001 0.7839511015625 0.8653631390625 0.727007853125
0 0.8188621734374999 0.83556188125 0.8090224984375001 0.8166699953125001 0.7448877031250001 0.8224589437500001 0.7347624749999999 0.887487471875 0.74284218125 0.88744025 0.7472953875 0.9063636171875 0.7806199046875 0.9169970765625 0.8104244828124999 0.8897523203125 0.8188621734374999 0.83556188125
0 0.5250481171875 0.8345720234374999 0.482207778125 0.8375294609375 0.4470167296875 0.8648056984375 0.4444683578125 0.9243758296875001 0.47484821874999994 0.9323194421875 0.5413523921875 0.8940319703125 0.543721771875 0.861533446875 0.5250481171875 0.8345720234374999
0 0.95121680625 0.4039792765625 0.9715055671874999 0.3903254171875 0.9843964609375 0.35505834531249997 0.9243185828125 0.317510684375 0.797736528125 0.31825049375000003 0.7525268125 0.353706453125 0.7714518921875 0.3833734640625 0.763623609375 0.3861262734375 0.764198890625 0.42131464375 0.8362344 0.44255007968750004 0.95121680625 0.4039792765625
0 0.4131851859375 0.6457318703125 0.426255071875 0.5833931875 0.416342965625 0.53472410625 0.3646686484375 0.5296120046875 0.31576 0.554261359375 0.289402928125 0.589607134375 0.291989603125 0.6464401984375 0.30107500625 0.6572153234375 0.3928964265625 0.6593857265625 0.4131851859375 0.6457318703125
0 0.0976845609375 0.7883427421875 0.1588022625 0.7500867515625 0.1870982953125 0.706608475 0.17280541562500001 0.6687932234375 0.1360333890625 0.6500587421875 0.1106095828125 0.6664496703125 0.0704624796875 0.6693913671875 0.044356832812500004 0.707442728125 0.056531759375000004 0.7804620921875001 0.071003634375 0.7912057359375 0.0976845609375 0.7883427421875
0 0.28567404375 0.8684557234374999 0.28678630156249996 0.8224292656250001 0.23654809999999998 0.803773490625 0.14698949687500001 0.8259533671874999 0.133847178125 0.8585148515625001 0.1462010984375 0.9044626062500001 0.181967428125 0.9123747375000001 0.263949171875 0.8956532562499999 0.28567404375 0.8684557234374999
0 0.1001474546875 1 0.12167642812499999 0.988524684375 0.13323776874999999 0.9099524828125001 0.11600022968749998 0.869447384375 0.102461621875 0.8397488921875 0.0821004296875 0.8236255546875 0.0496379375 0.8222683937499999 0.06615415 1 0.1001474546875 1
0 0.48820365781249997 0.7860603484375 0.505296334375 0.7670110578125 0.504972478125 0.7345282734375 0.486550246875 0.7102724359375 0.38926992656250003 0.67835631875 0.363091846875 0.686630484375 0.3496981046875 0.7164863828125 0.371137425 0.7732092625 0.4049647921875 0.789253896875 0.48820365781249997 0.7860603484375
0 0.7392414546875 0.413726446875 0.6405974515625 0.42513119843749997 0.595639159375 0.46329274531250003 0.6072388046875 0.5011237375 0.6831522375 0.506094175 0.711772128125 0.4950986796875 0.7395653109375 0.44620922968750004 0.7392414546875 0.413726446875
0 1 0.3748489234375 0.9206214749999999 0.39371697656250004 0.9296003171875 0.46134090624999996 0.9938075453125 0.4853291515625 1 0.48484538749999995 1 0.3748489234375
0 0.5310739484375 0.49344771718749997 0.5376451078125 0.477166975 0.4335422015625 0.45882600937499995 0.4207237390625 0.523870278125 0.4433477484375 0.564343896875 0.47153722187499997 0.577714425 0.5324759328125 0.5665300421875 0.546875375 0.547496490625 0.5310739484375 0.49344771718749997
0 0.582752440625 0.7015890125 0.59546434375 0.6933935499999999 0.6099362171875 0.7041371937500001 0.6420036125 0.7012427171875 0.704127015625 0.673809075 0.7187778796875001 0.657481109375 0.7106257406250001 0.6277511359375 0.6865656171875 0.60082119375 0.6500450156250001 0.5847923015625 0.5369291375 0.5854534078125 0.522278275 0.6017813734375 0.5336989265625001 0.6666839765625 0.549176496875 0.6882499671875 0.582752440625 0.7015890125
0 0.86737035625 0.5456233546875 0.8861505703124999 0.5157359734375 0.879937396875 0.47787349843750004 0.8598276281249999 0.46445575000000006 0.787864553125 0.47299750781250005 0.7573057015625 0.49212550312500003 0.7461023421874999 0.5165544875 0.753248784375 0.5354621125000001 0.78808185 0.5623290937500001 0.86737035625 0.5456233546875
0 0.7540030578125 0.543578875 0.7473594640625 0.5300824203125 0.7238021890625 0.5085636499999999 0.6572255828125 0.5170739281250001 0.6425747187499999 0.5334018921875 0.644155696875 0.5794126078125 0.6885045796875 0.59268869375 0.735977115625 0.5815830140625 0.7540030578125 0.543578875
0 0.91537569375 0.25027365156250003 0.9007972593750001 0.29637881093749996 0.9338703531249999 0.3043066859375 0.99800515 0.29851773593750003 0.9915124875 0.2286499359375 0.9745544359375 0.22015016250000002 0.9559532140625 0.22296593593749997 0.91537569375 0.25027365156250003
0 0.6792701359375 0.3193299796875 0.6684971953125001 0.31939294218750003 0.5987245046874999 0.32250778593749996 0.5682380859375 0.371412978125 0.5815252703125 0.3984058828125 0.60727293125 0.4144977390625 0.639843178125 0.4170144390625 0.6836167796875 0.3951021515625 0.6792701359375 0.3193299796875
0 0.786301709375 0.348482053125 0.8278849265625 0.33199668125000004 0.825119259375 0.3022352265625 0.8088874171875 0.272552475 0.7082320171875 0.26231253125 0.6693420359375 0.27878216093749997 0.6669726578125 0.311280684375 0.6861491609375 0.34365328281249996 0.7221669140625 0.3542710015625 0.786301709375 0.348482053125
0 0.5492788796875 0.42837196562499996 0.513763975 0.423165421875 0.49053055468749995 0.43412943437499996 0.5021302015625 0.4719604265625 0.5187924609375 0.4772771578125 0.558185290625 0.4662187015625 0.56080609375 0.436425765625 0.5492788796875 0.42837196562499996
0 0.41117796875 0.8271163703125 0.41085411250000003 0.7946335875 0.3929347296875 0.775788925 0.3214745015625 0.78974185625 0.2997496296875 0.8169393906250001 0.31109785 0.8520647968749999 0.3546924609375 0.8572241203125 0.3886988203125 0.8461971437500001 0.41117796875 0.8271163703125
0 0.32409530468750003 0.7599489171875 0.30947856875 0.689650884375 0.2665657984375 0.6628311250000001 0.24013629375 0.66839970625 0.19736838750000002 0.7011343375 0.20559295937500002 0.76064150625 0.23798421250000001 0.7902298156249999 0.30237043125 0.7871464546875 0.32409530468750003 0.7599489171875
0 0.9545937078125 0.4693159984375 0.8980357703124999 0.46964655312500003 0.8879105421875 0.53467508125 0.9023824140625001 0.5454187265625 0.9373944703125 0.545214096875 0.9525481859375 0.5342973062499999 0.96518765625 0.4963246453125 0.9545937078125 0.4693159984375
0 0.5288452578125 0.38247143437500003 0.44266173125 0.38297513437499997 0.42531763125 0.3993188390625 0.43397261875000004 0.43445998750000003 0.491787678125 0.44765736875 0.5233522265625 0.43935171874999995 0.5358127046875001 0.42845066875000004 0.5288452578125 0.38247143437500003