0 0.3234375 0.30703125 0.0265625 0.03671875
0 0.3703125 0.29609375 0.0234375 0.03828125
0 0.41640625 0.3125 0.04296875 0.03828125
0 0.22265625 0.21796875 0.021875 0.0203125
0 0.20546875 0.1703125 0.021875 0.0234375
0 0.3 0.12734375 0.0296875 0.028125
0 0.23671875 0.171875 0.03359375 0.0296875
0 0.23671875 0.0765625 0.0234375 0.0234375
0 0.228125 0.27265625 0.03359375 0.025
0 0.3265625 0.63984375 0.03984375 0.046875
0 0.3671875 0.6953125 0.028125 0.046875
0 0.3046875 0.68984375 0.03671875 0.03359375