0 0.3215364559595928 0.3052207089655558 0.030142033338636055 0.039753484232430567
0 0.36930179396086543 0.2969549204965628 0.025472714672181596 0.041206881458888844
0 0.41596770862509286 0.31601469823197953 0.04578521467218159 0.04167966014423623
0 0.22339949530554676 0.20994261692559046 0.0221113573360908 0.020821646276527783
0 0.20835629797900096 0.1595789410137849 0.023710220003181702 0.023983013867708357
0 0.3064761719844098 0.12200816546256972 0.03315794533736351 0.03045121941479172
0 0.24036027597868279 0.16266822663298633 0.036319308004454334 0.03364895459715278
0 0.24460342799172766 0.06664721181534743 0.025290901336727158 0.02558188145888891
0 0.22745064863145617 0.26473921969913217 0.03624658267027252 0.027398954597152782
0 0.309787697247004 0.6433201210096531 0.04275112133990877 0.04941942496187508
0 0.3481865785725952 0.701260560789167 0.03025112133990877 0.04912848423243048
0 0.28498714457354973 0.6927564233463543 0.03948067067154524 0.03684668977951393