0 0.3351840607978652 0.2807531586256247 0.031342841901054186 0.04131598423243066
0 0.3830485578321157 0.2655632632990275 0.028281508897248564 0.04280574905006951
0 0.4336852277940596 0.28002450038124965 0.050220175893442943 0.04487739532659729
0 0.21911870901097927 0.19587162519062482 0.02439250494291585 0.023983013867708357
0 0.19755011513275877 0.1463262200803818 0.024519838935304693 0.027108013867708357
0 0.29235593775644103 0.09329017942718726 0.03408583992388783 0.0320137194147917
0 0.22958136513275879 0.14558068446118036 0.037274506920082204 0.03364895459715278
0 0.22000609387822054 0.044926721030312325 0.027644838935304606 0.027180749050069463
0 0.2308175543720746 0.2526846696435415 0.037083505931498985 0.02896145459715278
0 0.37063471843970053 0.6326059461446872 0.04741351087441492 0.05261716014423605
0 0.4198017303026987 0.6877649184092706 0.03491351087441501 0.052326219414791805
0 0.353299979808407 0.6869667910344441 0.04208934091247096 0.036883057370694416