0 0.3097421100662846 0.32875724765151276 0.04327877404661713 0.033707142065139986
0 0.3029489622432028 0.38082027659070794 0.04316964664195542 0.030582142065139893
0 0.3265427188666248 0.428764952927302 0.04549603847458741 0.0525481473268119
0 0.20226193756361352 0.23246534755269072 0.024310519237293705 0.026365078925077688
0 0.14861858239147038 0.2207157764495336 0.027435519237293704 0.026547089448421435
0 0.11323913229880316 0.3284596579913298 0.034012901451278846 0.03628611049510884
0 0.15447920199158377 0.25403651066451804 0.037247028855940556 0.03959312101845249
0 0.050818488652072634 0.267119610565696 0.02749008293962456 0.028109589448421436
0 0.2624727512659444 0.2305241449783245 0.03255952885594056 0.03932010523343692
0 0.6706969682336525 0.2858145295744797 0.054761911069925694 0.04996917889684287
0 0.7353968744942548 0.3227538164767698 0.05276290145127884 0.03737817363517095
0 0.7228671034428625 0.25537660067763684 0.04059028366526398 0.04602513154179624