0 0.3044424435899038 0.3417895095105127 0.03799092370110611 0.029871590570540542
0 0.2918782138824432 0.38968119995721884 0.041061376623205435 0.026892139784752266
0 0.30900148417498274 0.4389556079389362 0.041388659090609535 0.04564213978475244
0 0.21486352069957654 0.23284469499482005 0.02225682954530477 0.022893844499482084
0 0.1651635296280303 0.2133284075674326 0.025381829545304768 0.023039393713693724
0 0.11892768344363405 0.30891058126491566 0.030232970779006774 0.03263271753501122
0 0.16616692207954833 0.24543243217453847 0.031850017856907484 0.03583049214211709
0 0.06772942207954832 0.24084763192686945 0.025436376623205435 0.026164393713693723
0 0.27100442654377516 0.2417145808506309 0.025600017856907444 0.035539393713693725
0 0.6497003965120032 0.36099769768090717 0.04914661201270896 0.04288101282028158
0 0.7059816241908687 0.40662272084027096 0.0489556972400564 0.031943512820281586
0 0.7016447260573079 0.34152425971540046 0.03502956493480802 0.03910104135632882