0 0.6894069865605459 0.29044058841417203 0.033142139784752445 0.040806807181592394
0 0.6408795953280515 0.27588318472518003 0.03008991439185813 0.04235112646343318
0 0.5894069865605459 0.2910223713952676 0.052037688998964174 0.044040891490547726
0 0.8067272272549211 0.20306278738089975 0.026091619106588127 0.023582945745273864
0 0.8308946273787555 0.15371677235378509 0.026237168320799496 0.026707945745273864
0 0.7356763267168016 0.1019411697962612 0.03434076674922295 0.03300339754067196
0 0.7973372646823084 0.15313096507399687 0.03746576674922295 0.03302157825883123
0 0.8090624768406363 0.05230880845813859 0.027799668320799498 0.026717036104353498
0 0.7938783167920043 0.26093437471491726 0.03724744292790536 0.028334078258831143
0 0.6440172880510692 0.644515010057145 0.047786836641599176 0.05338862041330898
0 0.5937775394988113 0.7002610160090732 0.03677656203449331 0.051762487899751616
0 0.6610014268023642 0.6990888805686497 0.04237159057054072 0.03773634933607006