0 0.7765625 0.7745325000000001 0.771875 0.8120324999999999 0.8578125 0.8495324999999999 0.9390625 0.9135949999999999 0.95 0.9714075 0.996875 0.9932825 0.9974999999999999 0.48546750000000005 0.8625 0.6573450000000001 0.84375 0.6964075000000001 0.809375 0.694845 0.7765625 0.7745325000000001
0 0.49609375 0.25859375 0.025 0.025
0 0.5 0.23203125 0.025 0.021875
0 0.56484375 0.26640625 0.05703125 0.04453125
0 0.44296875 0.06328125 0.03203125 0.03671875
0 0.53359375 0.015625 0.02265625 0.02890625
0 0.50546875 0.15859375 0.01953125 0.02109375
0 0.11041749999999999 0 0.2104175 0.23125 0.3854175 0.4729175 0.4916675 0.6479174999999999 0.5145825 0.7083325 0.7375 0.7979175 0.5958325 0.5604175 0.43125 0.21458249999999998 0.3145825 0 0.11041749999999999 0
0 0.8058825000000001 0.70294 0.775 0.57794 0.7838225000000001 0.488235 0.69706 0.38676499999999997 0.6291675 0.3 0.49853 0.318795 0.764705 0.78056 0.8058825000000001 0.70294
0 0 0.3838225 0.23529499999999998 0.5308824999999999 0.46323499999999995 0.6676475 0.42647 0.55 0.161765 0.40147000000000005 0 0.314705 0 0.3838225
0 0 0.4676475 0.15147 0.5544125 0.18529500000000002 0.49706 0 0.38676499999999997 0 0.4676475