0 0.4356662015625 0 0.38148987968750003 0.0119440125 0.5726318906250001 0.10597572343749999 0.614203584375 0.115704478125 0.61804301875 0.1495877859375 0.7019974953125 0.164128921875 0.7398209296875 0.16047914375 0.7634480375 0.0684039859375 0.8005596125000001 0 0.4356662015625 0
0 0.23581475350650294 0.5508245139640471 0.031243355947465367 0.030032945337363514
0 0.20838911635137322 0.5527051873010924 0.028118355947465278 0.029996582670272432
0 0.23238653833221204 0.48215632996500163 0.058044873360319826 0.06469884667409058
0 0.05047371777628272 0.645893207988546 0.04579717887824379 0.0395715773392725
0 0.0034337799644690433 0.567741483330682 0.006867559928938087 0.026944308004454243
0 0.13520059984302982 0.5637068693109556 0.026228307326946254 0.023728401336727066
0 0.2533534421875 0.8356709406249999 0.46495958281250005 0.6119223796875 0.621398275 0.46987488749999995 0.6775617390625001 0.4342674578125 0.731245390625 0.19711513281249998 0.518539584375 0.38742632499999996 0.20227533281249999 0.6238534890625 0.0083197078125 0.784745815625 0.04030198125 0.9839553890625 0.2533534421875 0.8356709406249999
0 0.626596425 0.1512203375 0.50780366875 0.2087649484375 0.4176994578125 0.21982830781249998 0.3309324546875 0.3267366453125 0.25575337343750004 0.41200827812499996 0.2948067046875 0.5353533671874999 0.7098164234375 0.17437683125 0.626596425 0.1512203375
0 0.6453660359375 0.4932906234375 0.5347667109375001 0.554962603125 0.42932984999999996 0.8458144296875 0.37832433125 0.9949879781250001 0.442725525 0.9942386031250001 0.5458060687499999 0.7456898109375001 0.6453660359375 0.4932906234375
0 0.5201865921875 0.8018932796874999 0.4450734515625 0.9942112812499999 0.500144340625 0.9935704734374999 0.5201226453125 0.98914083125 0.5822093828125 0.8223202625000001 0.5201865921875 0.8018932796874999