0 0.02095098125 0.5478070515625 0.060438485937499994 0.999703075 0.09326930781250001 0.999321053125 0.09704472343750001 0.9617021859375001 0.175182896875 0.8900626796875001 0.260563553125 0.8455839296875001 0.25233262968750003 0.8071114156249999 0.21123727187500002 0.726871825 0.1758706375 0.73076601875 0.152972571875 0.691609540625 0.02095098125 0.5478070515625
0 0.4958036064380876 0.254492764600594 0.02749008293962447 0.02687158267027261
0 0.48859874164729755 0.2272217399347757 0.027380955534962937 0.02374658267027261
0 0.42511908420556893 0.26703876527691167 0.0642460384745874 0.050727253341817755
0 0.5324057614327454 0.0492961872613215 0.037301592558271326 0.039480670671545225
0 0.4372098233209777 0.01081313397120587 0.025873019237293703 0.02162626794241174
0 0.47657740208425103 0.1515495779360484 0.022693455534962936 0.023692038669636206
0 0.648735228125 0 0.558421290625 0.20511510781250003 0.41966867499999994 0.5736917796875 0.29479579375 0.8287077125 0.51696365625 0.721283259375 0.535174009375 0.6572822609375 0.6291104375 0.469252284375 0.7880376796874999 0.20771710781250002 0.8576712609375001 0 0.648735228125 0
0 0.2994118828125 0.400806128125 0.218960128125 0.5114984953125 0.23618018749999997 0.6036883203125 0.21557642812500002 0.735012353125 0.2651256125 0.8125593 0.49834193281249994 0.3173526015625 0.36170068906249997 0.3065725640625 0.2994118828125 0.400806128125
0 1 0.288239196875 0.8536766421875001 0.38053725 0.593671128125 0.5516931890625 0.5663265515625 0.6758029999999999 0.789418684375 0.5192512640625 1 0.365561459375 1 0.288239196875
0 1 0.368148509375 0.8380098500000001 0.480957634375 0.8781326187499999 0.5380308578124999 1 0.45621825625 1 0.368148509375