0 0.974264471875 0.500144340625 0.9791458328125 0.395339559375 0.8177598578125 0.3626516671875 0.6147946453124999 0.3244572171875 0.268683615625 0.322121771875 0.120207653125 0.44027309687500005 0.185238925 0.4427447046875 0.6088236390625 0.5219891859375 0.947387134375 0.6050202640625 0.974264471875 0.500144340625
0 0.5737819046875 0.3205058046875 0.777525459375 0.3454141375 0.9807611125 0.360658834375 0.9836311406249999 0.2990381796875 0.842064446875 0.27806365624999996 0.6521329859375 0.260754234375 0.4546354 0.2422209890625 0.3333408703125 0.2440608078125 0.3267401 0.2698171546875 0.294564109375 0.32362553906249997 0.3822937546875 0.3297686125 0.5737819046875 0.3205058046875
0 0.44071250558608044 0.5941429098835096 0.26505141935425697 0.1354682677515388
0 0.6262818244449994 0.6592345641128097 0.09659251778268044 0.1328744549975255
0 0.4665899931800837 0.7915191988930902 0.08579625889134021 0.0684025192218769
0 0.47204378060747115 0.7413554245828307 0.10269266046291677 0.06305327792830404
0 0.4034778711780117 0.7075403465636695 0.06333906203449331 0.05475609905006031
0 0.3145609203922234 0.7090829144060653 0.07598461124870504 0.058536196291098366
0 0.18865769996172796 0.6346295482818347 0.11791955417661044 0.08879026232447185
0 0.1093898467757936 0.7413952046588413 0.2187796935515872 0.16836929895920322
0 0.6483279906988842 0.8217412081653442 0.06021406203449331 0.0545923247398008
0 0.5705475930562491 0.835169622344267 0.07093323821317572 0.05047803482570927
0 0.7746507421466264 0.8704542678671399 0.05367296360606986 0.048014776119281774
0 0.7666670758927414 0.7072106394184373 0.10461903349844608 0.0709476650834338
0 0.6845994385891885 0.7122909650627492 0.07093323821317572 0.050478034825709096
0 0.8730262378034002 0.6992985628696141 0.04542381596343468 0.03823034034363317
0 0.5247193244449992 0.6645572291962434 0.09956766046291676 0.06288950361804453
0 0.7897021615008832 0.7480879449363613 0.06333906203449331 0.05475609905006031
0 0.8458986575719418 0.7295559509292551 0.06155823821317554 0.04998671189493074
0 0.908362270268389 0.727061714724065 0.023330492142117264 0.032396420171816584
0 0.32595649276579886 0.6484762850528517 0.06290241439185813 0.04538109905006031
0 0.37326115 0.972084171875 0.40087213125 0.9765502500000001 0.7615479046875 0.9576480343749999 0.7288676671875 0.933707675 0.49020368750000004 0.84648520625 0.33658469062499996 0.77972478125 0.21846886406250002 0.71535399375 0.16298459062499998 0.842176028125 0.22311683906250002 0.902197471875 0.31698518125 0.9458812125 0.37326115 0.972084171875
0 0.3386252765625 0.201661821875 0.3361929515625 0.24318093125 0.4776022765625 0.23587687656249998 0.694525015625 0.25419913906249997 0.8256515906249999 0.24858485 0.8706433671875 0.2139497359375 0.8126597875 0.209600390625 0.4772206828125 0.198932121875 0.3386252765625 0.201661821875
0 0.7938780851983662 0.7922916463158423 0.056579639784752264 0.04349105042954129