0 0.3334688859375 0 0.3329165640625 0.1811179765625 0.33508463437499997 0.3932546484375 0.3994780828125 0.7364792390625 0.5422699625 0.8485642859375 0.532135803125 0.7834756375 0.527160040625 0.34088791875 0.5414348312499999 0 0.3334688859375 0
0 0.23778194843749997 0 0.24647722968750002 0.1820196890625 0.26632191875 0.3750957359375 0.286440728125 0.576020796875 0.31157676562500003 0.695519528125 0.3377428140625 0.6944534515624999 0.3959477375 0.7104224578125 0.3849912109375 0.62178675625 0.3391632203125 0.43500946406249996 0.3240034984375 0.22602216875 0.29718165937499996 0 0.23778194843749997 0
0 0.6290400324641088 0.48556206630131893 0.08254331330995512 0.25494337955902785
0 0.6567717459395149 0.2832722144777078 0.11841480925276535 0.07304006933854179
0 0.8151490819776415 0.40151045535965213 0.052871629869616396 0.07620013050895835
0 0.7652990864418683 0.41126796827742995 0.04226141233702041 0.09469555737069442
0 0.7455690133893853 0.48988393075836745 0.04311480032431163 0.05410692496187508
0 0.7642838315706044 0.5769838872553813 0.04492276217486459 0.06820579255305556
0 0.7168066339235108 0.7226789001731591 0.0658898271096728 0.10617857123840295
0 0.8374015519425739 0.7808342794478464 0.12251374837514675 0.21838893692972228
0 0.8095188705341254 0.21328375674642297 0.0446227532464107 0.051018292553055566
0 0.8373632268647914 0.28610300769635344 0.037055715096963836 0.06489895459715278
0 0.8321051623370204 0.07442062528753404 0.038318206168510116 0.04774782218833336
0 0.6759875758918568 0.13041931820118 0.0501011858759707 0.09643989532659729
0 0.6969097763783241 0.20965222331142302 0.037055715096963836 0.06489895459715278
0 0.6484062723211343 0.02789438345565918 0.02880683847375849 0.039717116641250015
0 0.6811598656628615 0.3819636344055897 0.04220686525911965 0.0915705573706945
0 0.7105438080349493 0.09522604739961746 0.04311480032431163 0.05410692496187504
0 0.6823136680190632 0.04508123024527721 0.03842730032431163 0.053997822188333364
0 0.7034417889569305 0.583870973311423 0.03379434740221221 0.05701371941479163
0 0.9450075828125 0 0.9019917734374999 0.1006184421875 0.8636460874999999 0.3625493921875 0.8287009359375 0.53427716875 0.7892286390625001 0.67016354375 0.9224937828125 0.6876594984375 0.9689281265625 0.6104408593749999 0.9930745984374999 0.5046545953125 1 0.47433999375 1 0.224643721875 0.992154471875 0 0.9450075828125 0
0 0.26957818125 0.7027982953125 0.3101770875 0.6929564921875 0.2758860484375 0.555162821875 0.2518225984375 0.33507551874999997 0.22114496562500002 0.20695985781249998 0.1790041234375 0.1726509421875 0.1859661703125 0.23131868125000002 0.240250384375 0.566439946875 0.26957818125 0.7027982953125
0 0.7532261858759707 0.07781968864215215 0.033685253246410876 0.0507637194147917