0 0.4518554734375 0 0.24918778437500003 0.039800053125 0.282852809375 0.201910396875 0.331156940625 0.42019842812499997 0.47162158437499996 0.763801184375 0.6421070296875 0.856862240625 0.6175954734375 0.7913752109375001 0.516353946875 0.33602485625 0.45985653437499996 0 0.4518554734375 0
0 0.2154857296875 0.0464184921875 0.153525259375 0.058586340625 0.19458517343749998 0.2164324453125 0.2568390671875 0.41229683437500003 0.3210786484375 0.6162073484375 0.3727636125 0.73541056875 0.3993108078125 0.7301972078125 0.46234790468750003 0.7375021046875 0.43187928906249995 0.6478767015625 0.344401990625 0.46258975625 0.2834861640625 0.249590446875 0.2154857296875 0.0464184921875
0 0.6527320901164904 0.46953125 0.13924836499257687 0.271875
0 0.6353044934412793 0.25625 0.13616322930778518 0.09375
0 0.8239752470593238 0.353125 0.07169129353213641 0.0859375
0 0.7756981993433161 0.37109375 0.06321705223856355 0.103125
0 0.7730479121427578 0.4546875 0.056482373360319825 0.0640625
0 0.8104460928300238 0.5421875 0.06034435775648746 0.078125
0 0.7944979454981288 0.7 0.09059842378986112 0.11875
0 0.9216824067156908 0.73984375 0.15663518656861833 0.2421875
0 0.7771434334007996 0.16015625 0.056318599050060314 0.0609375
0 0.8214533553816384 0.23046875 0.05220430913596843 0.071875
0 0.7705548394391218 0.01953125 0.04735967887824373 0.0390625
0 0.6230048100404797 0.09609375 0.07267393939369331 0.1046875
0 0.6614741677969673 0.17421875 0.05220430913596843 0.071875
0 0.5700225729307785 0.009375 0.03692014586155708 0.01875
0 0.6826099406368888 0.35390625 0.06305327792830404 0.1
0 0.6512626068519765 0.05390625 0.05640048620519007 0.0625
0 0.610357645861557 0.01875 0.048840291723114146 0.0375
0 0.7495462143813214 0.5578125 0.04702548620519007 0.0625
0 0.8536773875 0 0.847766353125 0.0294591453125 0.865425465625 0.3054362328125 0.8669687078124999 0.48791480624999994 0.8560924812499999 0.634166978125 0.9962792421875 0.631242203125 1 0.6207280453124999 1 0.355899703125 0.9121681921875 0 0.8536773875 0
0 0.33136279218750003 0.74951645 0.3707743578125 0.73298919375 0.3057455453125 0.5963707703125001 0.23330608281249998 0.373331871875 0.17407778125 0.246119434375 0.1234967203125 0.21738723906250002 0.1433669765625 0.27675566875 0.2717252625 0.6135967984375 0.33136279218750003 0.74951645
0 0.6906183559474652 0.0296875 0.0452173247398008 0.0578125