0 0.98507051875 0.548013740625 0.9898570296875 0.3835120453125 0.8408932265625 0.36477016562500003 0.620666840625 0.3400228359375 0.2566068734375 0.363040509375 0.1222253515625 0.49666374218750003 0.19100088906249998 0.4944501234375 0.6505240109375 0.5456127078125 0.9808059124999999 0.600241353125 0.98507051875 0.548013740625
0 0.5768550921875 0.33893392968749997 0.7954690703125 0.3498254703125 0.9908137578125 0.3506314609375 0.9927029968750001 0.285702525 0.8509562859375001 0.27513285781249996 0.6482435484375 0.271117975 0.43735780156250004 0.26638826875 0.31025929531249996 0.2772156109375 0.308035440625 0.3044506375 0.28407261093749997 0.3626997625 0.37736716718749996 0.362630625 0.5768550921875 0.33893392968749997
0 0.4867746419906636 0.6332490758528664 0.26826191818411543 0.09990082939624542
0 0.6940272008452946 0.6866270801140357 0.08171666442319178 0.12616568511654283
0 0.5512450042896491 0.8364856924577548 0.08136967194503927 0.06059524881887342
0 0.5465407839148202 0.7831424376484315 0.09975595909205773 0.048750013246843873
0 0.4684074237274059 0.7538244706807233 0.05917642319868044 0.0488938569862416
0 0.37512042498104703 0.7615154303920374 0.07323892319868044 0.049384930307219396
0 0.23004125719264298 0.6946676923729369 0.11302884890464329 0.07574902286549072
0 0.15549223508931923 0.810935043916883 0.23346102084968257 0.13770836424263563
0 0.7470205055432904 0.8542709371002773 0.056051423198680436 0.04878472958158007
0 0.6682362759972615 0.8741990019837346 0.06832410266556703 0.04140873920022692
0 0.8881623310909686 0.8951737340123852 0.04961956677218957 0.04231647477225664
0 0.8500582404995957 0.7264857321982867 0.10159124373179367 0.05817957694917482
0 0.7644928135399914 0.737574510421255 0.06832410266556703 0.04140873920022692
0 0.9553822379923131 0.708266500254454 0.035284282132453625 0.032450401451278844
0 0.588058345672445 0.7001315302067029 0.09663095909205772 0.04864088584218216
0 0.8817341378340287 0.7666940699472347 0.05761392319868044 0.04883929328391083
0 0.9379303135399916 0.74363108137998 0.05899456677218993 0.0426438569862416
0 0.376203203352577 0.697425648540872 0.0604206744523216 0.03801092068857237
0 0.9133338625 1 0.8519524171875 0.9643868687499999 0.5852523359374999 0.8913447484375 0.4116453171875 0.833302109375 0.27577589062499996 0.7751313796875 0.2406796875 0.91092378125 0.3148345984375 0.9688398781249999 0.4011915078125 1 0.9133338625 1
0 0.30805604999999997 0.232792796875 0.313094821875 0.27609213593750004 0.460326971875 0.2581111234375 0.691582671875 0.2611937359375 0.8283205828125 0.2457235671875 0.8692549671875 0.2064451296875 0.8075404484375 0.2061904953125 0.453168515625 0.2197694296875 0.30805604999999997 0.232792796875
0 0.8944781787419707 0.8124976432682123 0.055733174452321774 0.037847229581580065