0 0.9920249374999999 0.474346121875 0.9921128328125001 0.4693105453125 0.9567718734374999 0.268882 0.7750736796875 0.2938531546875 0.5653120859375 0.3255226046875 0.2340531 0.437104296875 0.14212026093750002 0.5942197953125 0.2052169125 0.5751183828124999 0.6427890609375 0.5085969671874999 0.9920249374999999 0.474346121875
0 0.9504485578124999 0.2330206984375 0.94015783125 0.174659075 0.762648796875 0.2083105359375 0.5741186875000001 0.25484643125 0.37785330781250004 0.3027462609375 0.2628829953125 0.344287346875 0.26742945156250003 0.37007158125 0.2593826890625 0.4299794171875 0.3456851515625 0.4067861953125 0.52451195625 0.335375359375 0.7294218984375 0.2912684390625 0.9504485578124999 0.2330206984375
0 0.512609905036715 0.6294491355483639 0.2630375624991762 0.12486718100470676
0 0.717379225653566 0.6283344691508584 0.09127165665497756 0.12811709172016936
0 0.6213422025216528 0.8024929435833134 0.08234094155801355 0.06391822402541791
0 0.6042052954596382 0.7545230478853843 0.10098184740221221 0.057995506492821744
0 0.5254217763849147 0.7461144841683922 0.06024775324641087 0.05103639448011279
0 0.4412689188364327 0.7766865998345489 0.07439207386326192 0.05596935633066593
0 0.28933427192068784 0.7505899297868908 0.11391822402541774 0.08321369480442442
0 0.24884386526571028 0.8764842280826073 0.23551258035608366 0.15875125730360082
0 0.8063308571480355 0.7705549711794534 0.05871252678536152 0.052571620941162675
0 0.7384751554437521 0.8076634590045888 0.06954093262955982 0.04651253571381488
0 0.9477098336090851 0.7745857264544591 0.05388865909060954 0.04467730032431163
0 0.8713536595009419 0.627114662737467 0.10268071509696383 0.06583528003177222
0 0.7957809151829848 0.6586180328678506 0.06954093262956 0.04651253571381488
0 0.9690059553610265 0.584274372152388 0.042787517856907445 0.03511138555165907
0 0.6221525004103323 0.6665281700443628 0.0978568474022122 0.05794095941492117
0 0.9106928490303605 0.6567163879807005 0.0602477532464107 0.05103639448011297
0 0.9558650271956936 0.6207749338407853 0.060165932629559646 0.046348894480112965
0 0.4258990633165457 0.7170252276755703 0.06167388555165907 0.04325116801906326
0 0.59737121875 0.9978101046875001 0.9840780453125 0.929623259375 0.9852675828124999 0.8614746984374999 0.9307031015625 0.8466487062500001 0.666231815625 0.8450951921875 0.4915304515625 0.8343592890625 0.3517141046875 0.81414898125 0.3521693328125 0.9486598203125001 0.4348236140625 0.9839341968750001 0.5427911625 0.9931441203125001 0.59737121875 0.9978101046875001
0 0.2500726828125 0.3036763921875 0.26523409375 0.3425434890625 0.39709807812500003 0.2893831765625 0.611811025 0.2349073046875 0.734574228125 0.1866749421875 0.7629237109375 0.1401356984375 0.7057616437500001 0.15519976875 0.38117761250000004 0.2556347734375 0.2500726828125 0.3036763921875
0 0.9326672605566021 0.6961743542954805 0.0553966120127086 0.04157957386326192