0 0.64 0.525 0.9974999999999999 0.5525 0.9974999999999999 0.3525 0.8 0.34500000000000003 0.5974999999999999 0.33999999999999997 0.26749999999999996 0.39 0.155 0.5225 0.21749999999999997 0.515 0.64 0.525
0 0.7575000000000001 0.335 0.9974999999999999 0.315 0.9974999999999999 0.26 0.8025 0.2625 0.6174999999999999 0.275 0.425 0.2875 0.31 0.3075 0.31 0.3325 0.2925 0.3875 0.3775 0.38 0.5575 0.34249999999999997 0.7575000000000001 0.335
0 0.49765625 0.6171875 0.23984375 0.0703125
0 0.68984375 0.65 0.06484375 0.11015625
0 0.57109375 0.79765625 0.0703125 0.0484375
0 0.56328125 0.75 0.0890625 0.0375
0 0.48984375 0.72890625 0.0515625 0.0390625
0 0.40546875 0.74375 0.0640625 0.040625
0 0.26796875 0.69375 0.0984375 0.059375
0 0.20859375 0.80625 0.2046875 0.109375
0 0.75078125 0.7984375 0.0484375 0.040625
0 0.68046875 0.82265625 0.0609375 0.0328125
0 0.8828125 0.825 0.04375 0.034375
0 0.83515625 0.67421875 0.0890625 0.0453125
0 0.75859375 0.69140625 0.0609375 0.0328125
0 0.934375 0.65078125 0.0375 0.0265625
0 0.59453125 0.6703125 0.0859375 0.0375
0 0.8671875 0.70859375 0.05 0.0390625
0 0.91640625 0.6828125 0.0515625 0.034375
0 0.984375 0.671875 0.03125 0.028125
0 0.4015625 0.68515625 0.053125 0.0296875
0 0.44375 0.80625 0.315625 0.7640625 0.29375 0.890625 0.365625 0.9375 0.465625 0.9640625 0.5890625 0.996875 0.7125 0.9974999999999999 0.9625 0.996875 0.9875 0.953125 0.8546875 0.890625 0.60625 0.8453125 0.44375 0.80625
0 0.4453125 0.278125 0.65625 0.2625 0.7796875 0.2375 0.8140625 0.1984375 0.7578125 0.203125 0.4359375 0.24375 0.3046875 0.2671875 0.3125 0.30625 0.4453125 0.278125
0 0.88203125 0.74921875 0.0484375 0.0296875