0 0.3977418296875 0.9925495 0.5058663812499999 0.9906621796874999 0.6140162921875 0.9736445265624999 0.5463480265625 0.62024540625 0.48519131875 0.1707348046875 0.4857966484375 0.10272035937499999 0.356789440625 0.2452745078125 0.3424139484375 0.606149878125 0.3719483640625 0.8215607593750001 0.3977418296875 0.9925495
0 0.27492912812500003 0.638502921875 0.283564253125 0.8381849812500001 0.2989566453125 0.9942738015625 0.36204407656250004 0.9931726062499999 0.35612842499999997 0.7778650109374999 0.3403290015625 0.5630096640625 0.3591638625 0.364438671875 0.3570847765625 0.2723957140625 0.30005106875 0.3003874828125 0.2731776203125 0.304616084375 0.2653992 0.43081135625 0.27492912812500003 0.638502921875
0 0.6287073923863751 0.4520718254914103 0.11871186223247854 0.26912392126547413
0 0.6869050226320492 0.6525161103944463 0.13062552586424747 0.08817393019392786
0 0.8310905948145152 0.5008563786583909 0.0648641335443795 0.08234094155801372
0 0.7787923089211379 0.5002075422132274 0.05608016693047446 0.10248980032431163
0 0.7473808360390266 0.42579392330065957 0.051773100158284534 0.06181025324641087
0 0.7539922003830761 0.33275698945328375 0.05526181301126609 0.07436480032431154
0 0.6830385058724948 0.19500361932290006 0.08144387978345584 0.11542617694751697
0 0.7971213894168742 0.11553390219404595 0.1553025801000249 0.2310678043880919
0 0.8536235096999254 0.6925529549572847 0.05172763605166182 0.06024775324641087
0 0.871567179137682 0.6125927195677814 0.04579588479802084 0.07107615909060953
0 0.8980829003704407 0.8284262252498242 0.04525031551854823 0.05232615909060954
0 0.7293700042896492 0.8032604042259361 0.065500631037097 0.10421594155801372
0 0.7396375660472738 0.7187490365311844 0.04579588479802066 0.07107615909060953
0 0.71678978477275 0.9135802954596383 0.034085494985435005 0.04432274431795733
0 0.6969823677757688 0.5477058794691698 0.05598923871722885 0.09936480032431164
0 0.7706936862638182 0.8322115186742771 0.05172763605166182 0.0602477532464107
0 0.7487444784254016 0.8888160746806314 0.04708560015828454 0.06172843262956
0 0.7430878603204285 0.9490405085280071 0.03161371285298138 0.013045470779006862
0 0.6897705760098967 0.3393439545502477 0.04083560015828454 0.061619338473758486
0 0.9760635593749999 0.8051870250000001 0.9864688171875 0.447581528125 0.9684557015624999 0.28634396562500003 0.957024990625 0.25745911875 0.8980620609375001 0.1886300046875 0.7646250765625 0.23339835781249998 0.825260265625 0.3630916140625 0.886637465625 0.5300236703125 0.96498599375 0.7876741390625 0.9760635593749999 0.8051870250000001
0 0.2196755890625 0.4498919375 0.2144082703125 0.80050461875 0.2160805328125 0.8613687593750001 0.25396910625 0.8180513421875 0.2661155625 0.6819996578125 0.2577450859375 0.4540894890625 0.27213221718749997 0.30749735 0.22921036562500002 0.3057613078125 0.2196755890625 0.4498919375
0 0.8165146516240821 0.840781949275242 0.040699207838416386 0.05693183847375849