0 0.23971374395291126 0.3482930960164204 0.04293293467536321 0.06430793969514967
0 0.10083360463081983 0.2646670088787946 0.03968066534054513 0.05335225897699045
0 0.07721538598027364 0.14577156313352072 0.026980670671545238 0.03609203610435348
0 0.3405602706476827 0.14183453863843629 0.15438060669954395 0.24306926483072294
0 0.3598529739417754 0.43102884884509074 0.1428442173774526 0.325809041958086
0 0.43072581122695947 0.7845982346782978 0.19409872939208822 0.4308035306434045
0 0.22409290853759684 0.9513539426220159 0.07770792401336299 0.09729211475596813
0 0.1892559265595504 0.7902169756031114 0.09747607869190796 0.18649201190385672
0 0.8505854199156857 0.6260843571347101 0.10503513470717998 0.2990283733401752
0 0.6047803818825963 0.8675087164788271 0.20621582670272573 0.2649825670423457
0 0.5486320212444586 0.657923667832344 0.12598288669636232 0.2194681383672897
0 0.6641115705760952 0.6710963544042355 0.11126585868872638 0.1631363251355733
0 0.7091113706635911 0.026783273022146448 0.059902258672817864 0.045657933645025475
0 0.5221818933004561 0.24524186065075154 0.1966419267186339 0.383930614166793
0 0.48477444199554565 0.03563505649422131 0.042914753341817755 0.06274543969514967
0 0.7611325685869128 0.5919679114876322 0.08891814401654478 0.12238406010845856
0 0.756325247891505 0.8036730259490128 0.1676078600413618 0.30564198770335976