0 0.303125 0.3015625 0.0265625 0.05703125
0 0.19140625 0.19140625 0.0265625 0.046875
0 0.19609375 0.07421875 0.01796875 0.03203125
0 0.44609375 0.12421875 0.0984375 0.23515625
0 0.39765625 0.40703125 0.06171875 0.30703125
0 0.38359375 0.77421875 0.0765625 0.4453125
0 0.14609375 0.90390625 0.03515625 0.171875
0 0.1578125 0.70546875 0.0515625 0.171875
0 0.8140625 0.7015625 0.028125 0.28984375
0 0.53046875 0.8796875 0.1453125 0.23984375
0 0.52421875 0.66328125 0.071875 0.2
0 0.6296875 0.7015625 0.0734375 0.14296875
0 0.825 0.07109375 0.03359375 0.11484375
0 0.590625 0.2703125 0.1015625 0.35703125
0 0.60234375 0.0640625 0.028125 0.0546875
0 0.73828125 0.65 0.06015625 0.10703125
0 0.6859375 0.85390625 0.0921875 0.2921875