0 0.719428026119896 0.330841470840271 0.06006598423243048 0.03245293507002263
0 0.8291822729857639 0.2181124925518927 0.05069098423243048 0.03201628742738745
0 0.9526561405769446 0.22542418651325544 0.03324891109416654 0.02027826674922304
0 0.8939808901019793 0.4835962514432328 0.21203821979604137 0.11651121960192583
0 0.6131981695466322 0.42734613564641394 0.32511040919430556 0.08693934367091245
0 0.2363810964083684 0.39886995533390224 0.4567604526972918 0.11023991066780452
0 0.08844751700184039 0.14537246608726923 0.17122168977951394 0.04699493217453847
0 0.28950152393569456 0.1664427531003719 0.18255923328250007 0.06469185442427942
0 0.3226725802595493 0.8539620237785364 0.3039250870059723 0.048493273778536405
0 0.13144228932201435 0.5508433701400451 0.24113675911805568 0.16731174028009033
0 0.349974083774931 0.5516568151348652 0.21275587955902786 0.08794957195929065
0 0.31429311654434083 0.6615925872607716 0.15341724715020844 0.0867466368892682
0 0.9618902426848962 0.8826373730310202 0.07621951463020764 0.04037675103345748
0 0.7639287874221533 0.6333693114108115 0.37761846656500014 0.12996590570540575
0 0.9752419416309204 0.65200595719142 0.049516116738159255 0.03394266046291676
0 0.3731433993137506 0.7759312231165826 0.11555357123840278 0.06937504631872748
0 0.16572963639597282 0.7163249749786094 0.2945513934267362 0.11517135152879536