0 0.33422144683631466 0.26550342659420434 0.0662795649348082 0.03979167549789597
0 0.2374300418028949 0.12990572169221362 0.05375229139585782 0.03779266587924912
0 0.11034539042292316 0.11950891343217837 0.0379091030842551 0.024747028855940555
0 0.12565872179495188 0.3938814308553736 0.25131744358990377 0.15102681977759866
0 0.4290236578760888 0.38087047704969124 0.34269778896022574 0.13064488710812655
0 0.7846054561718054 0.40671120291825613 0.4182432597392326 0.16451394482000764
0 0.9550072796280304 0.17199391862001995 0.08382162094116268 0.06070437622353535
0 0.7943425150175336 0.16198897996009812 0.19522277110331848 0.09114089908902612
0 0.6656495357204055 0.8699602257837469 0.31857845048646727 0.0907639315731636
0 0.8783439991925164 0.583015753373743 0.22043305113509035 0.19352185462398896
0 0.6797934508967998 0.5516913754209272 0.22849892126547414 0.1188492368379741
0 0.7003496383976235 0.6712127017371298 0.16898755357072232 0.10896331614940173
0 0.026857185879266027 0.7964831303998865 0.053714371758532053 0.053908739200226916
0 0.2461178802799487 0.5715203028177396 0.4029728157455871 0.1842808077966991
0 0.027730826300541522 0.5566666622510521 0.055461652601083045 0.042862111795565025
0 0.62503026421005 0.7815896957466799 0.12644549756436801 0.08717759618646852
0 0.8208200511416809 0.747425482955323 0.2680796185055307 0.14990082939624544