0 0.69765625 0.20938777639297287 0.0640625 0.03936402837152988
0 0.7953125 0.0698275197290553 0.053125 0.03748327962517115
0 0.92109375 0.05054265914592948 0.0375 0.024528638558944337
0 0.88359375 0.3281962977048738 0.2109375 0.14051265439406196
0 0.6015625 0.3301525689502678 0.3359375 0.1253997829238765
0 0.2265625 0.3840327045397112 0.453125 0.16943459092057758
0 0.0625 0.16068143573509275 0.125 0.0692621285298145
0 0.24453125 0.1366348673135504 0.190625 0.0899216210079671
0 0.35859375 0.8294097375300946 0.3140625 0.08882578543115897
0 0.13046875 0.5626099970970062 0.2609375 0.19978000580598768
0 0.35078125 0.5147933080632081 0.225 0.11748433135366607
0 0.32734375 0.6350065196625483 0.1640625 0.10633623119538153
0 0.98359375 0.7190365948810222 0.0328125 0.04626724623907634
0 0.7796875 0.5070009107952822 0.396875 0.18029788308216102
0 0.98515625 0.4775848807743996 0.0296875 0.03523881802583091
0 0.4015625 0.739096974597971 0.125 0.0864496285298145
0 0.1828125 0.7228056995251462 0.3125 0.15440532132453627