0 0.7039331180984935 0.3555231019673165 0.059893197240056394 0.03314569994353027
0 0.8183620365245939 0.2490217439618693 0.0489556972400564 0.0325086631118273
0 0.9403461306803951 0.2623701543722735 0.03313978246740419 0.020661110495108836
0 0.8832739703719696 0.514517212321251 0.2334520592560608 0.11870231029746474
0 0.5954541907439393 0.44520098101945116 0.3215398092527654 0.08896857864272914
0 0.22707633765968432 0.40033174189573073 0.4406170917201694 0.11463497852978968
0 0.08917336850553059 0.14567579202278763 0.16161933847375848 0.048436041952200436
0 0.2855534906645092 0.1735032023626047 0.18066934740221222 0.06671560509226264
0 0.28883736687738226 0.8534714234234094 0.30060001785690743 0.05184801024099528
0 0.1195656209378673 0.5454783709478653 0.22298530681713333 0.1659567418957307
0 0.3289133473989169 0.5561105760118931 0.20917617694751697 0.0902286998023559
0 0.2894026083559656 0.6622926865775891 0.15136367694751698 0.08686150512049746
0 0.9417252187471167 0.9142133754330782 0.1165495625057666 0.04285389988706072
0 0.7372673640380084 0.6555986966774098 0.3722761948044244 0.13406824701622816
0 0.9500537361969871 0.6843816622647813 0.05679547077900686 0.03452618942018652
0 0.34294243992986523 0.7785771102127601 0.11205571509696392 0.07052387357870131
0 0.14819695575817782 0.7102612077654509 0.2736477800317721 0.11739741553090184