0 0.2688019377502421 0.6625 0.06425339754067191 0.0328125
0 0.1400178867169698 0.77578125 0.051753397540671965 0.0328125
0 0.015782518641351936 0.7625 0.03156503728270387 0.021875
0 0.1081023497288535 0.4984375 0.216204699457707 0.121875
0 0.3904411092950192 0.56875 0.3380272408266179 0.090625
0 0.7667490792407898 0.6125 0.45067268657189175 0.115625
0 0.8917571278381752 0.8796875 0.15653180113146803 0.0484375
0 0.6942645043016084 0.8515625 0.19102497579950323 0.06875
0 0.7444989128623742 0.13984375 0.317496572208707 0.053125
0 0.8879524344305925 0.459375 0.2197499394987581 0.171875
0 0.6786274314055303 0.45078125 0.222420421544777 0.09375
0 0.7292773920797229 0.3390625 0.16146474082661796 0.090625
0 0.07530400614832007 0.08203125 0.09711134933607006 0.040625
0 0.25812909992524524 0.3484375 0.39454086123992677 0.1359375
0 0.03640863602959875 0.321875 0.056440897540671976 0.0328125
0 0.682330190087933 0.2171875 0.12073974687674216 0.0734375
0 0.8670773739293504 0.2875 0.2631908672900508 0.11875