0 0.4765625 0.4625 0.0421875 0.0453125
0 0.07109375 0.44609375 0.0625 0.07265625
0 0.13984375 0.49140625 0.06484375 0.0671875
0 0.5421875 0.2578125 0.0453125 0.0453125
0 0.71875 0.12890625 0.1421875 0.0578125
0 0.79765625 0.18359375 0.03984375 0.02734375
0 0.81484375 0.36875 0.1203125 0.1921875
0 0.9625 0.33984375 0.075 0.1203125
0 0.78984375 0.5203125 0.03984375 0.06015625
0 0.97109375 0.5765625 0.05234375 0.0625
0 0.82109375 0.59140625 0.0921875 0.05234375
0 0.6828125 0.79140625 0.075 0.07734375
0 0.64140625 0.71484375 0.0421875 0.0453125
0 0.91875 0.82734375 0.04765625 0.0546875
0 0.28359375 0.64375 0.0671875 0.0578125
0 0.65390625 0.5609375 0.05234375 0.05234375
0 0.84765625 0.6875 0.03515625 0.05
0 0.97734375 0.69375 0.0453125 0.04765625
0 0.9484375 0.93125 0.0421875 0.0625
0 0.78125 0.85859375 0.04765625 0.04765625
0 0.7796875 0.76640625 0.0453125 0.05234375
0 0.68125 0.9265625 0.0625 0.0421875
0 0.2234375 0.56484375 0.05234375 0.0453125
0 0.8921875 0.2859375 0.03515625 0.0328125
0 0.8328125 0.13359375 0.0296875 0.0328125
0 0.49140625 0.31015625 0.0578125 0.05
0 0.02734375 0.64375 0.0453125 0.0375
0 0.0734375 0.55234375 0.07265625 0.03984375
0 0.02109375 0.57734375 0.0421875 0.06484375
0 0.0453125 0.79765625 0.0703125 0.05