0 0.4505309166012699 0.49163043202178897 0.05462531551854859 0.05465667889684287
0 0.3512784450393068 0.9006329766754124 0.08660274122451135 0.08147678413027962
0 0.4093015451975914 0.8364192872552259 0.08191524122451135 0.0812037683452644
0 0.25900029763836685 0.39983558709993416 0.05627874373179385 0.057872684158514695
0 0.16716345328607002 0.20552341595442475 0.08883048244902278 0.15803928413027987
0 0.23871785603077936 0.13194243181002746 0.03569345909205772 0.04731461575678066
0 0.42654446496455256 0.13660129777856966 0.2201259465556454 0.16724622611071518
0 0.4257441460807917 0.01761389227690143 0.13288670783841655 0.03522778455380286
0 0.5727003994460039 0.1795638005505799 0.06864235141192587 0.053913226251889504
0 0.6650877909079422 0.01874906345770445 0.07355717194503911 0.0374981269154089
0 0.6505897187254762 0.1563090400978234 0.07170516693047428 0.10556673151356133
0 0.821278988783736 0.32107094815974035 0.09321645407749272 0.09434080517696727
0 0.7376481348645276 0.35401922702834837 0.05462531551854859 0.05465667889684287
0 0.9069139265638928 0.08522518244531199 0.06574467194503911 0.06154371572854582
0 0.5924215852476038 0.7079849321629632 0.07258570533113406 0.08222023677523324
0 0.586463719583406 0.3230484900413536 0.06271060015828453 0.0644867052052021
0 0.7524250033652123 0.14101869808915318 0.057522994985435005 0.04702618942018653
0 0.7841643998417155 0.01931472272915864 0.055960494985435004 0.03862944545831728
0 0.9885276394168742 0.06799290883837585 0.017216243731793666 0.05559755261671848
0 0.9089584967012947 0.2293924113986246 0.05788670783841639 0.059526189420186525
0 0.8172256377675214 0.21913672183726368 0.06252874373179367 0.0582367052052021
0 0.9572703130777729 0.3381079877634536 0.056733384798020835 0.0734976841585147
0 0.5012139120489234 0.7600927347090947 0.05646060015828454 0.06412268415851478
0 0.36049957930860205 0.04763677929213102 0.04024456677218975 0.04290013154179624
0 0.1946783510162144 0.09083158439851109 0.03854567445232164 0.03812162628012437
0 0.30175844748008224 0.4581794371422864 0.061329956584775316 0.07064569994353036
0 0.5400166846144655 0.954374084751447 0.044477425705962935 0.027548147326811545
0 0.4570510719197687 0.9108508688817267 0.055489133544379496 0.08434417889684269
0 0.4721388628277109 0.9552078136341724 0.07122178213245363 0.03534523677523325
0 0.6963348807743996 0.9429298085842621 0.06336381802583091 0.03332771046687384