0 0.5257237805302959 0.4909445758911463 0.05253850180902227 0.04960126291777769
0 0.5276436431480236 0.06625304720579905 0.0834543091359686 0.07372974715020839
0 0.4830061725466657 0.14186998983510457 0.08049308344622812 0.07678201196784729
0 0.7433749479885791 0.5468536562476048 0.05426477611928178 0.05276263050895835
0 0.8835861109243062 0.722201761205348 0.07989994120271575 0.15479790919430556
0 0.8297816802370402 0.8085561820831604 0.033542840343633175 0.04447735182361114
0 0.6365329692466208 0.8392574021635422 0.21838923111680728 0.1470971248093754
0 0.6708150367503324 0.972880661045712 0.1311548247398008 0.05423867790857599
0 0.47703181648765886 0.8230297240675352 0.06808161465389269 0.04840243882958326
0 0.4240695115355617 0.9918647641520488 0.06857958163720568 0.016270471695902344
0 0.40306869403185014 0.8612005648732296 0.06782266508343397 0.10301720364722229
0 0.18860780359736 0.7294920507211808 0.09192190637700662 0.08641158510611113
0 0.26705038613907695 0.6804746288934378 0.05253850180902227 0.04960126291777787
0 0.15840024593172947 0.9747292026972918 0.06536605042954129 0.05054159460541641
0 0.32835521483560665 0.3017508700597225 0.06955558344622811 0.07652743882958343
0 0.4288100797166418 0.6834574245806253 0.06248671189493056 0.06075696846486132
0 0.3027477894638658 0.8948469066288546 0.05846095318850324 0.043496733282500345
0 0.052607269337477815 0.9945682708015624 0.06940509724103801 0.010863458396875103
0 0.12119789631584225 0.8366492808695487 0.057553550429541286 0.05596036569131968
0 0.21860516282418568 0.8287478215227433 0.06051477611928178 0.052908100873680655
0 0.046669287089016624 0.7363570337193404 0.053603034825709085 0.06991376291777769
0 0.4093429432388806 0.23401981582316006 0.0545923247398008 0.05901263050895835
0 0.7256530229555225 0.9148587738387853 0.03962906603337348 0.04149782218833309
0 0.8835717435568803 0.8418784815700702 0.039301517412854634 0.035247822188333444
0 0.6857981433751662 0.49623475398715333 0.06116987336031983 0.06540810087368065
0 0.3201963133198401 0.03952297378319471 0.04423467887824382 0.04004442496187503
0 0.41601010232942065 0.07695219823197952 0.05253185775648763 0.07925239532659725
0 0.38947857982818346 0.030966897795139215 0.07211401741285454 0.03601154160312505
0 0.15922451379480992 0.06628222948277793 0.06322369629109836 0.07481946846486116