0 0.5732703194242756 0.579102759104693 0.05410100180902226 0.04993781551854841
0 0.6282742384644383 0.9949064692857899 0.0825601944820761 0.010187061428420208
0 0.5740504059227214 0.9512134398252208 0.08205558344622813 0.07727320533113372
0 0.7924496873575284 0.5043541263517364 0.05426477611928178 0.05306281551854859
0 0.917946575078485 0.3090907536279097 0.07710248982323478 0.16137542069139793
0 0.8494621687014785 0.22285172525637975 0.035187227498762755 0.04626724623907634
0 0.6441195714604404 0.20439592728880857 0.2245573439616777 0.14694451082055265
0 0.66105368668016 0.05121710299477143 0.13773237336031982 0.06797241316955058
0 0.47943295171816525 0.23236649993349298 0.06956222749876276 0.04726745658477531
0 0.4006108316372058 0.03817857924209503 0.07293288896415202 0.05204588479802065
0 0.39810770861557027 0.19879783049573627 0.0664239393936934 0.10646060015828458
0 0.19091708559393467 0.35346128378180625 0.09356629353213637 0.08852895407749281
0 0.27910648236000285 0.39893055964605373 0.05410100180902226 0.0499378155185485
0 0.128064124264831 0.09187291442319181 0.06536605042954133 0.05650606426490725
0 0.3925879647200057 0.7930419239901033 0.06963747060135779 0.07847199247815269
0 0.4467919493433161 0.38352818316130327 0.062486711894930734 0.061102636051661816
0 0.2897662641334942 0.1706835391920826 0.05994156603337357 0.04230717194503919
0 0.2708823880596409 0.03362380839241249 0.05665279172311397 0.039091243731793845
0 0.024164518317365696 0.05920751543940619 0.04472600180902231 0.049665030878812376
0 0.10722375904511154 0.2449380784506722 0.057553550429541286 0.05627874373179385
0 0.20862248473485204 0.24476824538114647 0.06207727611928178 0.053290136051661906
0 0.0427661906368888 0.35461094365265156 0.05212242198083883 0.07172188730530316
0 0.4841856445027607 0.8588918960142848 0.05467421189493056 0.06087531551854823
0 0.7269520036180446 0.11787941725967868 0.03962906603337348 0.04171613855894436
0 0.90119840909054 0.18301398693486226 0.039301517412854634 0.03546613855894436
0 0.740092649252459 0.5621151505666312 0.06116987336031983 0.06574467194503911
0 0.5110048513093085 0.991498492873864 0.04843085594746519 0.017003014252271954