0 0.5320927989901689 0.5359036870904914 0.051844301131468026 0.049337526785361165
0 0.4961037393726896 0.9470360560030592 0.08323974687674199 0.07488299756436803
0 0.45904007660851126 0.8713814910682508 0.07698974687674216 0.07477390340856686
0 0.7487444886853185 0.4974935722351136 0.051862481849627426 0.05246252678536116
0 0.9020336360295987 0.33765274228277165 0.07744426483072289 0.1528989034085666
0 0.8564444009585177 0.25012942288373663 0.033067030054229465 0.04432274431795715
0 0.6707432502945876 0.2062588717486462 0.21178290339440445 0.14899442775829588
0 0.7184272922526735 0.06801457791715639 0.1285795179539809 0.08036143019392787
0 0.5152335936787293 0.21057640462308735 0.06590680113146803 0.0495829886359143
0 0.47956932533196495 0.02868547645775437 0.06898634933607006 0.04182503571381496
0 0.44671994301479945 0.16875136890927242 0.06464428298109545 0.10111821509696392
0 0.22652055162244747 0.2797631866867496 0.08799996974937896 0.08746481818121907
0 0.29809556977282015 0.33258026947846525 0.05184430113146821 0.049337526785361165
0 0.220121602459328 0.03665806899199794 0.06281816256778665 0.05577844155801359
0 0.3232803594914109 0.7041513064100962 0.06762383723582169 0.0761727621748646
0 0.45508591315696184 0.3423525101429744 0.0597204336450254 0.06041139448011297
0 0.35319265681225 0.12883370657225202 0.054932939695149674 0.04314207386326192
0 0.3616732982046019 0.014126324267003703 0.0516534035907962 0.01652502678536122
0 0.1187045482046019 0.009885288960225839 0.0688409035907962 0.016825035713814957
0 0.1708977863989411 0.17096883928453738 0.05500566256778665 0.05564207386326192
0 0.26457506352630417 0.1851052516215578 0.05812157220870695 0.054134120941162586
0 0.08910691003370383 0.26251936525911973 0.051962475799503194 0.06965002678536117
0 0.3955229981532883 0.7765132759712869 0.05346134328594587 0.05873980032431163
0 0.7648886809145509 0.1399265340856666 0.037727258976990544 0.03971706493480816
0 0.9113000726014905 0.22217774674699853 0.036137487899751616 0.035002291395857824
0 0.6883246182720096 0.5417560409855254 0.05663179508134384 0.0666068474022122
0 0.29052590506373416 0.9621995856310894 0.042469301131468115 0.049173885551659066
0 0.3883866881430255 0.9287479318154859 0.050463608313060605 0.0805602532464107
0 0.35764522737063703 0.975091097805954 0.06900453005422928 0.04495003571381488
0 0.13682873332256534 0.9235756420444808 0.058267017953980905 0.07913412094116268