0 0.4811346075246513 0.4538210526529317 0.05062073821317572 0.048284387305303156
0 0.467662688998964 0.03285664944600403 0.08132708271265762 0.06571329889200805
0 0.5140882328364922 0.1031701832943173 0.07678513192686935 0.074011813011266
0 0.26667615529112104 0.5187343134734844 0.052328787427387446 0.05145485141192587
0 0.13036843589408292 0.6995022433360825 0.07431941149637403 0.15507995658477522
0 0.18749603928490507 0.7838939637109112 0.031725188998963996 0.044613818025830906
0 0.38177473221281055 0.8064041465430101 0.21421666542531542 0.1435467261808167
0 0.3501887460665494 0.951268017155266 0.131181533498446 0.06935305674305994
0 0.539567961534646 0.7846020397208079 0.06617296360606986 0.04717652837152997
0 0.5980462032624784 0.9651784383088822 0.06893409057054072 0.0394549565847754
0 0.6147156648016338 0.819183976709542 0.0640325748547749 0.10172763605166182
0 0.82486329859053 0.6785121979423007 0.08979455417661057 0.08531302586424747
0 0.7453363103773543 0.6338876712201233 0.05062073821317572 0.048284387305303156
0 0.8614708484239142 0.9270035222363378 0.063411836641599 0.05489810015828454
0 0.6722197181541839 0.25659539700522854 0.06592040653397539 0.07525606426490725
0 0.5837994968951189 0.6424994562555708 0.06050516046291676 0.0594946719450391
0 0.7154262942473038 0.8483282559390016 0.056579639784752445 0.04221624373179367
0 0.7202850762980078 0.969444737992313 0.05258134449948208 0.023375315518548233
0 0.9677270789886041 0.9543579809326841 0.06454584202279179 0.0394549565847754
0 0.8946557218737283 0.7828754375174594 0.055599336641598995 0.054670779625171306
0 0.7983072607488577 0.7802027300747543 0.060141287427387446 0.0516821719450391
0 0.9665242597154006 0.679866446292948 0.050004308105551586 0.06855142319868043
0 0.5910017973521848 0.1924623523363626 0.05269266046291676 0.05926735141192578
0 0.2939344379609975 0.8856262967804369 0.03768409057054054 0.03854567445232178
0 0.1351908306412339 0.8198374753893937 0.037465766749222994 0.033858174452321775
0 0.32137861786373356 0.4670748735817566 0.05916098428423435 0.06413670783841656
0 0.6736023198923762 0.006915617742515315 0.04178939371369381 0.01383123548503063
0 0.5781828120344933 0.03687472812778544 0.048878455748187125 0.07374945625557087
0 0.605269696856847 0.002640300541360695 0.06962329528527036 0.00528060108272139
0 0.8348865763025171 0.02501174254465961 0.05894266046291676 0.05002348508931922