0 0.4432253835840084 0.517633500066507 0.05552656203449331 0.053108279625171305
0 0.4939807849506973 0.9187353473217978 0.08794095574818712 0.07901756175762457
0 0.5272706280024373 0.8405277792959668 0.0848887303552928 0.0804891335443795
0 0.2270931153870434 0.5012967608870597 0.055599336641599176 0.054670779625171306
0 0.07065267845499401 0.3591727600291298 0.09306941149637402 0.15562552586424747
0 0.11233721836358082 0.2682378714701855 0.03804796360606986 0.0463581744523216
0 0.29382696691583876 0.2075634812618885 0.2230480099247975 0.16564904671392994
0 0.24081974503760128 0.0725723673135504 0.1388142510334573 0.09922241316955056
0 0.4488419526478151 0.1960312847062431 0.07122433664159918 0.05512542069139794
0 0.47536171898275337 0.01937081096620196 0.07427656203449332 0.03874162193240392
0 0.515014916253885 0.14885475633471318 0.07667812406898662 0.10521634890464329
0 0.7379558025239806 0.23677097882111306 0.09633565260503385 0.09174488229073816
0 0.6681484166681697 0.2949759354058884 0.05552656203449331 0.05310827962517113
0 0.7340646308934121 0.013208076009896746 0.06624573821317573 0.02641615201979349
0 0.6556611093911874 0.6635895430860204 0.07402400496239867 0.08173338479802066
0 0.5125148467757936 0.3197893819615338 0.06541098428423435 0.06431856426490726
0 0.6062606544670607 0.09938830225722033 0.05828768899896399 0.045386707838416515
0 0.7885080742356023 0.12295251972905533 0.0588698858558109 0.05788670783841652
0 0.6961193670396733 0.14670591996648213 0.06348461124870504 0.05646060015828454
0 0.8720054708447801 0.20634402975818517 0.05952485731976367 0.07194920783841656
0 0.5865065409465533 0.7412802855641729 0.057525709677128486 0.06252874373179385
0 0.19971740198586135 0.15100725587249475 0.04095463978475231 0.041761602665567034
0 0.056397587470168674 0.24645981136191336 0.040809090570540586 0.03863660266556703
0 0.288518612905844 0.5392992145688411 0.06406680810555185 0.06896060015828454
0 0.6977778730400385 0.9151460314075377 0.04927656203449331 0.05292642319868044
0 0.5990150413608382 0.8914932342313893 0.058399004962398846 0.08127874373179367
0 0.6320972150583211 0.935001541832379 0.07420378742738745 0.052091348904643196
0 0.8485441604674259 0.860826941278383 0.06784677956950454 0.08311402837152997