0 0.5704597421875001 1 0.5581054265625001 0.712722384375 0.5234709453125 0.501403471875 0.4669065203125 0.48861135312500004 0.44922491718749996 0.647974859375 0.502129890625 1 0.5704597421875001 1
0 0.6918343578124999 1 0.7034129515624999 0.9032140921874999 0.6817018 0.5400535921875 0.55447641875 0.50268339375 0.565854425 0.648556740625 0.59052184375 0.83182755625 0.5925929109375 1 0.6918343578124999 1
0 0.617424991559862 0.44254696208622335 0.1254695266917457 0.12796246268299924
0 0.5225767010651328 0.23822199407222394 0.1460366946765234 0.13444882001909003
0 0.5493700113315254 0.34796062074313283 0.07375051779449712 0.08519316000954502
0 0.36285691939329023 0.7819345367202248 0.04097250988583179 0.04732953333863623
0 0.4636832958575745 0.9706141340308623 0.09948534684397004 0.05877173193827545
0 0.5027112341454881 0.4763850654041786 0.055353344866803766 0.05530566534054522
0 0.39141954296618703 0.19605158072086115 0.11026102076024662 0.09967383068109026
0 0.4355104411793011 0.2841061113939972 0.08724001482874755 0.07129429201145401
0 0.45874501133152545 0.34690610339749706 0.0894391847906915 0.08693747334499946
0 0.2846987217881985 0.5324697913749071 0.04084517589344294 0.044204533338636054
0 0.30391695399370133 0.6171084207113161 0.08070085475263547 0.10245338534372692
0 0.34649313726433706 0.9341601080521794 0.11296952669174569 0.12781701201463563