0 0 0.4666638328125 0.0052057046875 0.491843946875 0.3682284796875 0.5613926921875 0.515513425 0.5510701640625 0.5046246015625 0.49840067968749996 0.3102573921875 0.45850107500000004 0.00081336875 0.4325589984375 0 0.43562083749999997 0 0.4666638328125
0 0 0.3806030109375 0.0233325140625 0.41468757500000003 0.200914334375 0.42411468750000003 0.36956990156249997 0.45376382812499994 0.5039432781250001 0.4697456875 0.4715210234375 0.3509576109375 0.136883871875 0.31727314375 0.038866746875000004 0.32499085 0 0.35049244687500003 0 0.3806030109375
0 0.5600910548439013 0.4140625 0.11784200585373253 0.1125
0 0.7470365429400447 0.509375 0.12419199980360815 0.1296875
0 0.6464234645830176 0.48046875 0.07850679508134384 0.065625
0 0.24317522385459558 0.6359375 0.04239657825883123 0.0359375
0 0.058600756835691124 0.5359375 0.07550906010845859 0.0875
0 0.5274507507855668 0.51875 0.051844301131468026 0.0484375
0 0.7846087449318345 0.63125 0.09119769262201594 0.0984375
0 0.7036178201656036 0.58671875 0.0645170179539809 0.078125
0 0.6459371303722581 0.5640625 0.08014201795398072 0.078125
0 0.47239002518245543 0.7171875 0.04083407825883114 0.0359375
0 0.39438774503003027 0.69609375 0.09260565651766237 0.071875
0 0.08607125098195864 0.6484375 0.150618144417414 0.10625