0 0.49749999999999994 0.5075000000000001 0.49749999999999994 0.5599999999999999 0.64 0.54 0.9724999999999999 0.4 0.9724999999999999 0.35750000000000004 0.9650000000000001 0.34249999999999997 0.675 0.43 0.49749999999999994 0.5075000000000001
0 0.9400000000000001 0.32999999999999996 0.9650000000000001 0.27 0.9075 0.2475 0.8125 0.26 0.5 0.36 0.4925 0.48 0.6174999999999999 0.4375 0.7725 0.375 0.9400000000000001 0.32999999999999996
0 0.428125 0.43828125 0.096875 0.090625
0 0.26796875 0.56640625 0.1 0.10859375
0 0.359375 0.51875 0.06796875 0.0515625
0 0.7734375 0.5859375 0.0359375 0.028125
0 0.9296875 0.453125 0.059375 0.075
0 0.4796875 0.53203125 0.04296875 0.0390625
0 0.25703125 0.690625 0.071875 0.08203125
0 0.325 0.6328125 0.05 0.06796875
0 0.37578125 0.5984375 0.065625 0.0640625
0 0.571875 0.71015625 0.034375 0.02890625
0 0.64140625 0.67421875 0.08046875 0.05390625
0 0.93046875 0.5671875 0.1390625 0.0765625