0 0.0156793875 0.33172869843749997 0.3342508421875 0.564606 0.480871396875 0.6218377796875 0.49411443593750004 0.56596100625 0.324746978125 0.4387021671875 0.0381660609375 0.27242219218749997 0.026399942187499997 0.286495121875 0.0156793875 0.33172869843749997
0 0.5063728640625 0.5379534640625 0.52866026875 0.40834326406250004 0.22128527031249998 0.223083709375 0.1233280265625 0.1858161234375 0.05645406562500001 0.19525903125 0.067927153125 0.2654244078125 0.2348494890625 0.3555703828125 0.3840534859375 0.4611888421875 0.5063728640625 0.5379534640625
0 0.5857001476816415 0.5098272110253267 0.12821252471457925 0.12221719269935694
0 0.7232598615983555 0.6868101581733079 0.13529019566510633 0.14278436068413464
0 0.6386248764271032 0.612932306386422 0.08717634783255335 0.07218801779449713
0 0.1806359628909499 0.579402293003368 0.046904174904859805 0.040908842889637496
0 0.04792291646472176 0.39870409684397 0.08344385277546909 0.095434516805914
0 0.5062580454004639 0.5965831117098988 0.05672484387822045 0.052228344866803764
0 0.7036583329294436 0.8221746552075583 0.09795202174882985 0.1069450197716634
0 0.6458405157429687 0.7431291423559772 0.07218801779449713 0.08717634783255317
0 0.6009073591268976 0.6935628824701454 0.08768568380210837 0.08468801779449713
0 0.36409842581908086 0.7629509165390839 0.04371550790866543 0.03921900889724857
0 0.29907560368969016 0.7070882357027249 0.09993101581733077 0.07894735376405215
0 0.051451117567035666 0.5220142628515813 0.10290223513407133 0.11277852570316256