0 0.7151550734375001 0.48127043125 0.9825152828125001 0.271824603125 0.963755890625 0.20475465312500002 0.71945573125 0.35720505937499997 0.5580147 0.4871763140625 0.5732754375 0.5417376203125001 0.7151550734375001 0.48127043125
0 0.8125510406249999 0.1422407671875 0.5177304031250001 0.33318884375 0.5448387593749999 0.4599889265625 0.6620403125000001 0.381011540625 0.80452156875 0.2728948 0.9578576562500001 0.183666853125 0.9361344109375 0.10600031875 0.9073797000000001 0.1027953578125 0.8125510406249999 0.1422407671875
0 0.46549033684648694 0.43447662668687154 0.1288955955329394 0.12149803248413757
0 0.33684956823523715 0.6126884506408213 0.13765416542531544 0.14208335099579195
0 0.4178769363083676 0.5378670107149552 0.08772263192686935 0.07482143992586625
0 0.8664578314698034 0.49168391444366877 0.04705909057054072 0.03908234736759475
0 0.9727023305410446 0.3141814186200199 0.054595338917910755 0.08940972958157989
0 0.5468366902373091 0.5177132234214941 0.05708906203449331 0.053472229581580065
0 0.36178540983923496 0.744846186212851 0.10011562406898662 0.10645338584218215
0 0.4159591794839422 0.6647023292266094 0.07260705417661058 0.08521330290255769
0 0.45830719127076647 0.6162722637101801 0.08823205417661058 0.08575893992586607
0 0.693540523983424 0.676919553914048 0.045569365177646405 0.04059028366526398
0 0.7558735500382721 0.6207489102673175 0.10207623035529281 0.08156251324684387
0 0.9691631846557378 0.4368103867688545 0.06167363068852438 0.10283731252120454