0 0.4766294078125 0.53729851875 0.4682544375 0.592242971875 0.6205798390624999 0.5940438171875 0.9862474999999999 0.5017398187500001 0.9880501140625 0.43978798281250003 0.6747570328125 0.48450542343749997 0.4766294078125 0.53729851875
0 0.98959585625 0.386664246875 0.9904986890625 0.35563593125000004 0.9471954546875001 0.33059720625 0.845778121875 0.328524509375 0.5027754921875001 0.38332958437500003 0.47578349218750005 0.5077204765625 0.6133833515625 0.48318204375 0.78557050625 0.442498090625 0.9680480156250001 0.42212299218749993 0.98959585625 0.386664246875
0 0.4145001398790926 0.45384068316130327 0.11719952335696497 0.11113137978345566
0 0.22680626009563687 0.562538418579827 0.12404055674305985 0.13162573620994636
0 0.33026388070789253 0.5272350675636125 0.07994356426490726 0.06477320533113406
0 0.7532119842313894 0.6638655186716045 0.04162521034569906 0.035557066772189574
0 0.937962720441336 0.5488268550398355 0.0743755258642473 0.08802884890464338
0 0.4536188126820616 0.5605369640401158 0.05131845909205772 0.046767351411925874
0 0.19493047129926566 0.6906263146606186 0.08875627461060623 0.09937552586424747
0 0.27614101887112547 0.6406012340983753 0.06321070533113407 0.07989810015828454
0 0.3347946048436451 0.6133771560434147 0.07879024122451135 0.07879024122451135
0 0.5212823711409811 0.7611112770513817 0.041670674452321775 0.03711956677218957
0 0.6010297071135007 0.7345009644358271 0.09253449247815268 0.06826191818411545
0 0.9064051803913233 0.6659772511206272 0.13402331050398358 0.0991314849563052