0 0.49918518437500004 0.54122335 0.49369921093749997 0.486132959375 0.2986754203125 0.43098590000000003 0.0044811546875 0.3851095 0.00523095625 0.4495472453125 0.34702838125 0.54125175625 0.49918518437500004 0.54122335
0 0.0033868640625000002 0.291066409375 0.00414266875 0.3560200546875 0.0091541546875 0.3651327578125 0.190250853125 0.38765099062499997 0.3600124453125 0.4303761296875 0.4960911109375 0.4565387109375 0.4756534859375 0.331723878125 0.1361099140625 0.2728758078125 0.0347591265625 0.2737691953125 0.0033868640625000002 0.291066409375
0 0.5605049793920882 0.4037016163513732 0.11215564934754489 0.11050148801421251
0 0.7415924420750875 0.5145970935114518 0.11707950668363551 0.1310596494796016
0 0.6411015460693605 0.47765037143975586 0.07727157200827221 0.06494997060135788
0 0.21112423941754158 0.6096262262555674 0.04100680800445433 0.03494156603337366
0 0.03775837006681511 0.4905088133198401 0.06504429201145402 0.08773237336031983
0 0.5148299474060876 0.5092832310052657 0.048946577339272504 0.04628850180902226
0 0.7665389927593593 0.6430562861845054 0.08546588001272663 0.09817190637700648
0 0.6885498054184961 0.5916409503634281 0.06026588534372675 0.07967421189493056
0 0.63116401941436 0.5641610815256641 0.07587270401018138 0.07893058344622794
0 0.4374242047660409 0.7095532259168831 0.041024989337999786 0.03650406603337366
0 0.359716828095132 0.6823566400958059 0.0898079346753633 0.06873006784239592
0 0.06649299208304163 0.6086070381050694 0.1104295173456358 0.09635710085908258