0 0.825 0.43125 0.1703125 0.62265625
0 0.5283325 0 0.4916675 0.1783325 0.5599999999999999 0.2616675 0.6016675 0.26 0.635 0 0.5283325 0
0 0.4953125 0.2671875 0.03359375 0.08828125
0 0.5578125 0.3125 0.06796875 0.121875
0 0.4859375 0.69453125 0.128125 0.6046875
0 0.38828125 0.5796875 0.0234375 0.03359375
0 0.375 0.64140625 0.03359375 0.03359375
0 0.36484375 0.740625 0.0296875 0.0484375
0 0.40546875 0.96328125 0.04140625 0.053125
0 0.5609375 0.80859375 0.0546875 0.25703125
0 0.403125 0.475 0.0296875 0.03671875
0 0.690625 0.33671875 0.04140625 0.0796875
0 0.68828125 0.61328125 0.0265625 0.04296875
0 0.6421875 0.86328125 0.08203125 0.21640625
0 0.7296875 0.88515625 0.053125 0.13984375
0 0.85703125 0.871875 0.1203125 0.246875
0 0.69609375 0.13203125 0.028125 0.11015625
0 0.59296875 0.38671875 0.03671875 0.046875
0 0.33984375 0.9328125 0.0234375 0.03203125
0 0.4859375 0.35078125 0.05859375 0.06171875
0 0.790625 0.0734375 0.075 0.096875
0 0.71953125 0.5875 0.028125 0.06484375
0 0.56484375 0.584375 0.03984375 0.125