0 0.45585554184833044 0.8305940661559195 0.7013740493591785 0.31986740421605014
0 0.9668116781249999 0.5921560343750001 0.8012134734374999 0.5250774921875 0.697310825 0.581885503125 0.6889741500000001 0.6263267203125 0.9407607578125001 0.7061516171875 0.9668116781249999 0.5921560343750001
0 0.7066665960168323 0.5123450779270422 0.10185516587924895 0.05487050649282175
0 0.6445460527329216 0.5696451091766302 0.1455704495445131 0.09935689204448081
0 0.3001215071715761 0.42512313636573335 0.6002430143431522 0.25907418019063255
0 0.4050470762313846 0.3403742151002592 0.04171627404661713 0.031959112012708776
0 0.3434746591710091 0.31490265665827283 0.04366071996293312 0.04292388555165925
0 0.24219490136646082 0.2862203234595201 0.05923115626060227 0.04163412094116259
0 0.13354039778067275 0.4811254947249942 0.2670807955613455 0.11584673701106123
0 0.511550047375444 0.37599234091268574 0.045059528855940556 0.03826365909060954
0 0.5874552606301371 0.7064962727314666 0.09426092068857236 0.06098413879807012
0 0.2973411813187097 0.6522214245151803 0.05281746515360961 0.03683752678536116
0 0.08741812132939393 0.5584789273545541 0.17483624265878786 0.12991714529089188
0 0.041785673598979396 0.6443988364451636 0.08357134719795879 0.08307732710967279
0 0.06584816697555744 0.784573823052483 0.13169633395111488 0.16835235389503395
0 0.8006620995602116 0.749621161125795 0.12373016587924894 0.055252336038126515
0 0.5585986290491242 0.5937877670494238 0.05794147477225664 0.04941934740221221
0 0.05154510871552219 0.22318235551988713 0.03541171034428625 0.03028751785690744
0 0.6216839608076224 0.4865013725693109 0.07912699400955017 0.07477390340856668
0 0.83892101299239 0.8613847755741357 0.12062501324684405 0.10048301542127547
0 0.31790665246276917 0.6893395949698755 0.07496528366526398 0.045031856330665934
0 0.3579289956540127 0.527020827112968 0.14302580290255767 0.07120461850553053