0 0.14793332594130598 0.3915681168839728 0.25484826778056696 0.677201248375147
0 0.357552909375 0 0.386490803125 0.2164270625 0.4311401359375 0.21976517499999998 0.503826234375 0.1332285046875 0.4758005359375 0 0.357552909375 0
0 0.501332799774121 0.22899065584749395 0.046176320961982854 0.09602161201270878
0 0.4343496971009328 0.27395432833078404 0.087513952503779 0.13576595048646736
0 0.5155050467197622 0.6737264573896214 0.20735164150044252 0.6389103157455869
0 0.6171746915569123 0.566375833202048 0.028746626280124234 0.03796365016215582
0 0.6320254178088018 0.6333724184293956 0.03968412628012441 0.0381545649348082
0 0.6429012756024876 0.7395405978125446 0.03746917889684287 0.05372501785690744
0 0.6029720385449057 0.9670303981368562 0.05116765785015538 0.047720479707460586
0 0.43395048080768966 0.8041872991097909 0.08963643657758916 0.2794068563306659
0 0.6004660627165392 0.45405311120522523 0.03517863680346807 0.041197744317957155
0 0.291691760240995 0.29521349391421536 0.05353379465362353 0.08834547970746058
0 0.2956105046969745 0.5907578189952932 0.0340711631118273 0.04898297077900686
0 0.3464651623353685 0.8596754143689106 0.11374179451244917 0.23768300649282176
0 0.25302597547543065 0.880075463475406 0.07298101564384121 0.15424321509696384
0 0.11926562550366551 0.8526925775167099 0.15389635765251142 0.2571148449665802
0 0.2852010236069361 0.07635439975841399 0.04450740514873246 0.12096706493480816
0 0.39588570755368935 0.3520481006519184 0.04519067363517104 0.05229888555165916
0 0.6713202201431716 0.9455042256535661 0.028655621018452492 0.03640115016215582
0 0.5112075996894164 0.3179713352306429 0.06962923151356133 0.0698954886359143
0 0.1846781078642729 0.030803940747234703 0.0881062157285458 0.061607881494469406
0 0.2626769073560453 0.5623970397743 0.038470236775233244 0.07091251785690744
0 0.4277936731410608 0.5642071814150391 0.057917457765450917 0.13681025324641088