0 0.35916826866768636 0.1775533163099713 0.7183365373353727 0.3551066326199426
0 0.17557787656249998 0.5944368796874999 0.24706483750000002 0.501756825 0.23406480312500003 0.45670741875000004 0.008250690625 0.47268174375000005 0.009721909375 0.5569678046875 0.018771834374999997 0.5936567515625 0.17557787656249998 0.5944368796874999
0 0.27156449756107276 0.571677737859299 0.10572389448011296 0.06242109514371954
0 0.30299968384408055 0.49372623409837535 0.1502375535707225 0.10744409012915472
0 0.6935841789761119 0.49665763512722505 0.6128316420477763 0.29300378622258166
0 0.6362679257264057 0.6189896247023838 0.04276024431795715 0.034040030878812466
0 0.7065667889569306 0.6202542595004045 0.04610343262955983 0.04663095909205772
0 0.8164912138758528 0.6101782290173035 0.060165932629559646 0.04704013605166182
0 0.8367007536501527 0.381195422669955 0.292779609577077 0.13189382383181875
0 0.5192577037295829 0.6257360667056827 0.04761138555165907 0.04355142319868044
0 0.2925552873353728 0.34271766356526195 0.09802048863591431 0.06844377461060631
0 0.5913961619299833 0.28504052203681673 0.053806838473758486 0.04060827962517113
0 0.855349567774182 0.28647395605604986 0.22737279788867965 0.14248433135366606
0 0.8652546274339844 0.18290868685571998 0.1499920917201692 0.09338159012915473
0 0.7955812812495882 0.08327474821763334 0.24116256249917623 0.12726850831327022
0 0.06992235673440779 0.38231004631821863 0.1260091209411626 0.061449628529814504
0 0.373084312902918 0.4379823509497074 0.06027502678536125 0.053290136051661816
0 0.36277983278842035 0.563399888096726 0.08264095048646727 0.0820516335443795
0 0.023836515014238405 0.29195181927947217 0.0392727800317721 0.10265363855894431
0 0.5557762617678275 0.25745507963780645 0.07738070616851012 0.049102741224511345
0 0.5938507804355139 0.42566552203681673 0.14659435633066592 0.07766566191590929