0 0.5777749059769076 0.8074201889264927 0.6933194056477033 0.21600174011944517
0 1 0.45665426875000004 0.8382530375 0.4302401546875 0.7502316609374999 0.5090182624999999 0.7541940921875 0.5547065296875 1 0.5760780703124999 1 0.45665426875000004
0 0.7405738050272002 0.4377583863054507 0.09801160266556704 0.04131729065319441
0 0.6949407077719095 0.5083988478364578 0.13816524122451135 0.07972648043270851
0 0.3099459306540208 0.4423089076756942 0.5981600183424001 0.16538218464861157
0 0.39125210345698985 0.33487630775194416 0.038227425705962846 0.025872822188333443
0 0.3236554264973857 0.32237761417270805 0.03859113855894432 0.03837282218833336
0 0.21403037391096097 0.316329595555347 0.05412521034569897 0.03561149810013893
0 0.15546067062489094 0.5334638505893402 0.2815515283715299 0.07057229882131963
0 0.508067530416594 0.34622942220899267 0.04157974623907634 0.033758057370694504
0 0.6750183158477528 0.6566187954997564 0.09047188730530316 0.0505104526972918
0 0.3703762799543756 0.6652729757799649 0.04778428213245363 0.032341027735416715
0 0.11823110675569512 0.6242349741644444 0.19960284639736084 0.09833231648875014
0 0.08823738136630135 0.721873693579236 0.1298526360516619 0.06235714247680555
0 0.1320819727490973 0.8584463200041318 0.20708037727617326 0.14066528685347243
0 0.9000637799543755 0.6529443623697562 0.12282974623907635 0.035649172112083426
0 0.6141142565974105 0.551714396373437 0.05279003087881229 0.04338763050895835
0 0.014842716151686733 0.2951670296352778 0.013227425705962897 0.025290940729444423
0 0.6489175024407755 0.43129214038951336 0.07222199247815268 0.06726154160312507
0 0.9567778150563301 0.7537606735401727 0.08644436988733979 0.08532186379145834
0 0.40106399030007456 0.6989569915475344 0.07282974623907634 0.03448540919430556
0 0.3961311347315136 0.5294257415475344 0.13886392319868043 0.050075348023889