0 0.1743680727036359 0.4395662683424001 0.21992066937884705 0.653847728688099
0 0.3435014640625 0.012648778125 0.39323716875 0.264408459375 0.436490559375 0.2666396625 0.5011936265625 0.1810757015625 0.455321875 0.013951779687499999 0.3435014640625 0.012648778125
0 0.5042182677515388 0.2736507294795219 0.040686954997525684 0.0916706744523216
0 0.4426533259829962 0.3194429511079919 0.0800703595655099 0.12869931301126608
0 0.5448697597224801 0.6985524749271754 0.17445103912112217 0.6028950501456493
0 0.6374932717082678 0.5989128054229116 0.026801517412854636 0.035102425705962934
0 0.6556534514910226 0.6626259644358271 0.03617651741285464 0.03537521034569906
0 0.6735170601520213 0.7653334272888086 0.0354328889641522 0.050954746239076344
0 0.6486719476458355 0.9825841456185733 0.047932888964152195 0.03483170876285335
0 0.47506295002068466 0.8336645754811712 0.07494020352718742 0.26896060015828455
0 0.61383336442675 0.48979621819675073 0.033215291723114146 0.03840928213245363
0 0.30658635119776695 0.34278585972519604 0.0496525192218769 0.08413095909205773
0 0.3294251441640764 0.6297319302583094 0.030417840343632995 0.044568353919208194
0 0.39449902476048543 0.8872338843690557 0.10093613749381403 0.22553223126188868
0 0.3059245256649966 0.9106493096460537 0.06707239258219673 0.14860263605166182
0 0.17504966191561516 0.881400764185765 0.14221623473485207 0.23719847162847002
0 0.2868559481001206 0.13003580713877125 0.03722776232447185 0.11497178213245363
0 0.41076924016191896 0.39574102665567024 0.041601001809022264 0.049574102665567034
0 0.7128229788534999 0.9646120132613281 0.026719630257724704 0.03353992570596276
0 0.5204408112836751 0.359929210279192 0.06437676051544958 0.06739810015828454
0 0.18378517978275494 0.06853235431491966 0.08501016508343388 0.10388116943775674
0 0.29522056252687057 0.6022146840192331 0.03477114767057934 0.06809678213245363
0 0.4550902074839165 0.6014060049480578 0.04898413387576941 0.1309150308788123