0 0.15122553490303606 0.461581701200073 0.3024510698060721 0.6952954991714305
0 0.3642174484375 0 0.2808308703125 0.020024559375 0.34748600625 0.22945047968750001 0.3912218046875 0.22073775 0.44712810156250005 0.117853184375 0.3991531484375 0 0.3642174484375 0
0 0.45999874269639934 0.21119844168956034 0.05328073295387146 0.1008390620344933
0 0.40350723498576163 0.2723756902418183 0.09773984496658024 0.1435017510334573
0 0.550004765020829 0.6449312787454442 0.26611511282019257 0.6665497609582548
0 0.6289400629095085 0.5054278229972573 0.03193183847375849 0.040517992142117085
0 0.6536576448904453 0.5651645419800106 0.04133411201270896 0.042517139784752266
0 0.6823536148586732 0.6653079371414463 0.04157957386326192 0.056579639784752264
0 0.6805245133992711 0.9042612752307875 0.05424321509696384 0.066536836641599
0 0.4906007171321495 0.7835250519048081 0.11422968993316047 0.28321922249741005
0 0.5932810267886566 0.4017056635677978 0.03826365909060954 0.045496590570540715
0 0.2682322082004004 0.33019680645292204 0.06095686525911974 0.09339043507002262
0 0.3218076270335378 0.6149677586864524 0.03683752678536116 0.05323631596343468
0 0.41510011080148346 0.8604193457423364 0.13386035145940198 0.2451027923897861
0 0.32845349878877456 0.9050469491331583 0.08553985389503396 0.16010705417661059
0 0.19610464895093038 0.8846702907371563 0.18024442775829588 0.21916103060296202
0 0.22582038595869625 0.12140615736254481 0.053635288960225846 0.12115156203449332
0 0.3793782138824432 0.3578059220448532 0.04941934740221221 0.05850601282028158
0 0.7438154460288311 0.8560377909465533 0.03193183847375849 0.040517992142117265
0 0.4851021083625562 0.29355502336876077 0.07477390340856668 0.0799829065339753
0 0.1193209699682279 0.09592246794929606 0.09371481818121903 0.0917937018192456
0 0.2854570698093674 0.59558421195344 0.04346935633066593 0.07540241439185813
0 0.4454184508967997 0.5545674520286425 0.06958757142762995 0.14062930810555194