0 0.3015437119285446 0.6486865105500115 0.04139788981258556 0.027271612012708956
0 0.08371971443582708 0.6230204886359143 0.07351170783841651 0.05750458279171564
0 0.050764810437476535 0.5638812678569074 0.06975021034569898 0.03557503571381489
0 0.20514711889639603 0.3682393055993173 0.053897889812585566 0.02748980032431163
0 0.14783472406924553 0.38441768465815473 0.044659282132453626 0.032013659090609534
0 0.1429964598834806 0.3523182508107789 0.038136497492717546 0.022529564934808198
0 0.18624635471063108 0.3358944099013884 0.04162521034569897 0.03508411201270878
0 0.11884120902555076 0.5150949403401975 0.0540797462390763 0.03373980032431163
0 0.8402649503165691 0.2935112301079071 0.3194700993668619 0.07601266964062106
0 0.38042356670568267 0.5149757581143796 0.0334489974927175 0.022447744317957152
0 0.4808925796378064 0.5596763778377262 0.056051423198680436 0.04782957386326192
0 0.5253292382550104 0.4230218575451866 0.03818196159934022 0.024092064934808022
0 0.41971808425666 0.3626144172049891 0.045341243731793844 0.055451159090609534
0 0.6516727779093114 0.3908696509696393 0.08472199247815268 0.06707049756436803
0 0.24185882336960027 0.6101637528393737 0.038227425705962936 0.0256545649348082
0 0.31825618731793837 0.5521524297868907 0.04475021034569906 0.035138659090609536