0 0.35703125 0.28203125 0.0265625 0.04140625
0 0.3796875 0.06796875 0.05625 0.0703125
0 0.4390625 0.0359375 0.03359375 0.071875
0 0.63359375 0.19453125 0.0265625 0.0515625
0 0.6171875 0.1375 0.03125 0.04296875
0 0.6484375 0.13359375 0.0203125 0.03828125
0 0.665625 0.17734375 0.03359375 0.03984375
0 0.48671875 0.10546875 0.03203125 0.0515625
0 0.7203125 0.834375 0.0703125 0.3265625
0 0.49140625 0.36484375 0.0203125 0.03203125
0 0.44921875 0.4625 0.0453125 0.0546875
0 0.58515625 0.5109375 0.0234375 0.03671875
0 0.64375 0.4078125 0.0546875 0.04296875
0 0.61875 0.63671875 0.06484375 0.08203125
0 0.39453125 0.22421875 0.025 0.03671875
0 0.45390625 0.3015625 0.03359375 0.04375