0 0.651231487128169 0.31634657902527835 0.0337981473268119 0.04447735182361114
0 0.6668697106080483 0.10157556420763944 0.06852175782192056 0.07805357123840281
0 0.6144573421498445 0.06124019851631997 0.04655575256024882 0.07598192496187503
0 0.39417639227690143 0.1898879561157642 0.035997684158514696 0.05545121941479172
0 0.4207990764354161 0.13574596998347258 0.03866765785015538 0.04771145459715278
0 0.3907853527437754 0.1272243019554517 0.02727513154179615 0.03964438145888893
0 0.3657174633094714 0.16810322188333365 0.041610647326811724 0.04465918977951393
0 0.5545216290521346 0.12321221523381991 0.040685184158514784 0.05556032218833336
0 0.19375729023899774 0.8102881090418057 0.12875912073610385 0.335358231382639
0 0.5036137635071155 0.3794070106366671 0.025348610495108836 0.033358013867708355
0 0.5273859214984453 0.4816604948690976 0.05502069994353036 0.06057513050895835
0 0.38489531363417234 0.5104186616628476 0.030491136803468065 0.041279616641249996
0 0.3459986845820377 0.39920775151861143 0.062287168373499215 0.051381968464861136
0 0.32945040848544 0.6296037663362503 0.08018729991529536 0.0908081443766667
0 0.6243574449642071 0.25391866099725746 0.032053636803468066 0.04131598423243066
0 0.5523389608198098 0.32186792078090326 0.04179265785015538 0.04778418977951393