0 0.3203969176359521 0.6859375 0.04707498789975162 0.034375
0 0.1025417971244474 0.70546875 0.0816590661585828 0.0703125
0 0.059268520095280205 0.653125 0.07371021077238853 0.046875
0 0.17826746320827544 0.42734375 0.05802157825883118 0.0359375
0 0.12373904449216874 0.4546875 0.04866475897699045 0.0390625
0 0.1141867824901162 0.42421875 0.042360216822512745 0.0296875
0 0.15388508674484233 0.39921875 0.047120439695149674 0.0421875
0 0.1174986557320955 0.590625 0.05805793969514968 0.0421875
0 0.7911209454506862 0.21953125 0.33202268052176753 0.1328125
0 0.3757787883438487 0.53671875 0.03610112646343318 0.028125
0 0.48137934855050324 0.559375 0.06438975292686636 0.05625
0 0.5024089451560987 0.4140625 0.042369307181592396 0.03125
0 0.3881282765381878 0.3765625 0.05349770472226432 0.0640625
0 0.6208226018701528 0.35625 0.09578519867214012 0.08125
0 0.25462192671113854 0.66015625 0.042369307181592396 0.03125
0 0.3205963846548566 0.5859375 0.05024543969514968 0.0421875