0 0.4296203640685971 0.2495583003276068 0.03778180113146821 0.0490920649348082
0 0.5025755541565303 0.03579362946587451 0.0770261083130606 0.07158725893174903
0 0.5689090812838933 0.022584517453165677 0.04719316256778665 0.045169034906331354
0 0.7427561683233233 0.21908995576806367 0.040979524004105095 0.061646612012708865
0 0.7384772136010589 0.15509563961543954 0.04405907220870695 0.05388865909060954
0 0.7736516443192182 0.1576069849890569 0.029942030054229286 0.044268197240056484
0 0.7801925358097659 0.2074978908332555 0.04717498184962743 0.052380706168510205
0 0.6084033733401751 0.09095309334831773 0.04723861436318479 0.06331820616851021
0 0.6871127607255063 0.8615326002481766 0.14366013817089823 0.25560689204448084
0 0.5514140717177277 0.3677571010589555 0.02991475897699054 0.03958069724005649
0 0.4839907432625047 0.4626935000032953 0.06289997579950324 0.06984094155801354
0 0.6165083274732643 0.5439826359619915 0.033076120413308985 0.04588524431795715
0 0.7026771107489473 0.4479377045502477 0.06909543364502539 0.06057503571381488
0 0.6220185049699697 0.6853070653451405 0.08967155405833438 0.10624209172016937
0 0.4824408370394299 0.19628725000329528 0.03620112041330899 0.04593979139585782
0 0.5267544393023662 0.2923985909126858 0.047193162567786474 0.05550570616851021