0 0.40754704169936506 0.24773618870459363 0.03569345909205772 0.04631271034569897
0 0.4647361014119259 0.03907255136603702 0.0711141335443795 0.07814510273207403
0 0.5275399782923877 0.026274028833748343 0.0488299565847754 0.052548057667496685
0 0.6971945634069774 0.20568611487277494 0.0376196719450391 0.058858174452321686
0 0.6899754453020043 0.14568898924595433 0.040471887305303156 0.049574102665567034
0 0.7220748914619383 0.14710072506018937 0.02930706677218975 0.04144335391920828
0 0.7320098326073073 0.19294442247376464 0.04355142319868044 0.048102530878812375
0 0.5656597554102764 0.0922266716158348 0.04386967194503928 0.05904003087881238
0 0.6779256701626726 0.8333397534317193 0.13984271615168672 0.29913148495630537
0 0.5278488330030188 0.35135763070789255 0.029170674452321778 0.036755853919208284
0 0.4695027870805116 0.4421932308661772 0.05806856426490725 0.06413670783841638
0 0.597443582145089 0.5127521202830513 0.03086956677218975 0.04148881802583091
0 0.672127681907662 0.4190953970052286 0.06404577962517113 0.05494356426490725
0 0.6106375671013942 0.6437293356433151 0.08241534639736088 0.09606866943775678
0 0.4545296902874393 0.19632680139929054 0.03247753087881229 0.043096782132453625
0 0.5000444302583095 0.2825765384671668 0.04364235141192587 0.05122753087881238