0 0.7792007685789585 0.68732393260783 0.04722044533736351 0.032144114653892684
0 0.9834615545830946 0.6675414563522627 0.01944089067472703 0.06035764586155708
0 0.8679114692870931 0.38631803256240155 0.058157945337363515 0.0327173247398008
0 0.9310109059516385 0.40525946234515653 0.04885567067154497 0.03847600180902226
0 0.9337546452896384 0.37100729307785113 0.0408977200031817 0.025566566033373483
0 0.8870705492918656 0.35214442842395854 0.045767033338636055 0.04143722749876275
0 0.9676467452657758 0.5486719476458355 0.05354317067154497 0.03872166327441171
0 0.17369094398472798 0.2794838613745322 0.34738188796945596 0.10896772274906441
0 0.6855609512651395 0.5385788161449152 0.034647720003181705 0.025239017412854635
0 0.5795103985916852 0.5830514331736569 0.061537484006999675 0.05475609905006031
0 0.5241791032781844 0.43396880201142096 0.04249658267027243 0.028773453188503238
0 0.6351262412874112 0.3717730964480685 0.049146572008272396 0.06347600180902227
0 0.3854984112826387 0.3938683452048731 0.09462270401018129 0.07991322930778502
0 0.842209845918231 0.64684941881302 0.042532945337363515 0.03189845318850324
0 0.7562001679265034 0.5813671817033189 0.05045453333863605 0.04168288896415202