0 0 0.5375 0.26749999999999996 0.665 0.65 0.8175000000000001 0.9974999999999999 0.9675 0.9974999999999999 0.665 0.77 0.5475 0.2625 0.31 0 0.1925 0 0.5375
0 0.2975 0.2225 0.2725 0.2 0.23500000000000001 0.1975 0.17250000000000001 0.16 0.1625 0.17250000000000001 0.27999999999999997 0.23500000000000001 0.3975 0.2725 0.2975 0.2225
0 0.1125 0.135 0.1075 0.13999999999999999 0.15 0.1575 0.1675 0.1525 0.1125 0.135
0 0.1975 0.13999999999999999 0.017499999999999998 0.075 0.0075 0.0775 0.2125 0.16999999999999998 0.315 0.2 0.1975 0.13999999999999999
0 0.315 0.28250000000000003 0.3725 0.29500000000000004 0.3125 0.27 0.315 0.28250000000000003
0 0.5725 0.20249999999999999 0.45499999999999996 0.1575 0.4425 0.1575 0.4575 0.17250000000000001 0.6975 0.2725 0.5725 0.20249999999999999
0 0.6425 0.43 0.6625 0.44000000000000006 0.6575 0.4725 0.7275 0.46749999999999997 0.745 0.48 0.74 0.5 0.7474999999999999 0.5075000000000001 0.8099999999999999 0.54 0.8324999999999999 0.54 0.835 0.5625 0.9475 0.6174999999999999 0.9974999999999999 0.6125 0.9974999999999999 0.49749999999999994 0.9775 0.4725 0.95 0.4925 0.9324999999999999 0.49000000000000005 0.765 0.40499999999999997 0.61 0.34750000000000003 0.58 0.395 0.6224999999999999 0.43 0.6125 0.44000000000000006 0.6425 0.43
0 0.8550000000000001 0.265 0.8625 0.2425 0.8525 0.2225 0.86 0.215 0.8400000000000001 0.1675 0.7474999999999999 0.16 0.7325 0.195 0.73 0.2125 0.7849999999999999 0.265 0.8175000000000001 0.2725 0.8550000000000001 0.265
0 0.05500000000000001 0 0.215 0.06 0.13999999999999999 0.02 0.075 0 0.05500000000000001 0
0 0.24500000000000002 0.042499999999999996 0.23500000000000001 0.042499999999999996 0.24500000000000002 0.05500000000000001 0.27 0.057499999999999996 0.24500000000000002 0.042499999999999996
0 0.2425 0.0675 0.2875 0.09 0.265 0.0725 0.2425 0.0675
0 0.5349999999999999 0.0875 0.5325 0.04 0.465 0.04 0.4575 0.042499999999999996 0.4625 0.075 0.5025000000000001 0.09 0.5349999999999999 0.0875
0 0.5349999999999999 0.2325 0.495 0.21749999999999997 0.49000000000000005 0.2225 0.5025000000000001 0.2325 0.5549999999999999 0.255 0.5349999999999999 0.2325
0 0.605 0.3375 0.62 0.325 0.6174999999999999 0.3075 0.5525 0.275 0.54 0.2725 0.585 0.305 0.5825 0.325 0.605 0.3375
0 0.32 0.31 0.3025 0.305 0.3275 0.3275 0.3975 0.35 0.32 0.31
0 0.49666750000000004 0.425 0.9974999999999999 0.6683325 0.9974999999999999 0.5816675 0.6433325 0.41166749999999996 0.42000000000000004 0.30166750000000003 0.2816675 0.25 0.0016675 0.13999999999999999 0 0.185 0.2216675 0.28666749999999996 0.49666750000000004 0.425
0 0 0.1316675 0.4033325 0.29500000000000004 0.9974999999999999 0.5866675 0.9974999999999999 0.4683325 0.7033324999999999 0.3116675 0.49000000000000005 0.21833249999999998 0.2716675 0.1266675 0 0.0233325 0 0.1316675
0 0.18833249999999999 0 0.5566675 0.1716675 0.9974999999999999 0.375 0.9974999999999999 0.25166750000000004 0.645 0.0983325 0.3683325 0 0.18833249999999999 0
0 0.6366674999999999 0.2066675 0.6216675 0.255 0.9974999999999999 0.465 0.9974999999999999 0.3883325 0.6366674999999999 0.2066675
0 0.2966675 0.0466675 0.3083325 0.09666749999999999 0.45499999999999996 0.15666750000000002 0.49000000000000005 0.1433325 0.2966675 0.0466675
0 0.4375 0.185 0.44000000000000006 0.1525 0.4225 0.1375 0.39249999999999996 0.135 0.375 0.145 0.37 0.16999999999999998 0.38 0.18 0.4175 0.19 0.4375 0.185
0 0.2425 0.0675 0.1825 0.057499999999999996 0.10333250000000001 0.034999999999999996 0.19 0.0925 0.335 0.13333250000000002 0.2425 0.0675