0 0.9247751375 1 0.96956968125 0.7551557203125 0.7697393906250001 0.5975375406250001 0.29891647187500003 0.25464406093749997 0.0707001 0.09415186875 0.006803695312499999 0.4434057765625 0.23833600625 0.6145060875 0.5980939171874999 0.8461532328124999 0.82309690625 1 0.9247751375 1
0 0.3505979140625 0.173286278125 0.3294020546875 0.145477378125 0.2918290515625 0.135352853125 0.23537187187500003 0.084783896875 0.2229174296875 0.095393446875 0.330536403125 0.1823763453125 0.442778746875 0.24408818437500002 0.3505979140625 0.173286278125
0 0.21301300625000003 0.0776983390625 0.2316875046875 0.076189590625 0.17913869843750002 0.047356965625000004 0.173142646875 0.051398187500000005 0.21301300625000003 0.0776983390625
0 0.2644274609375 0.069631996875 0.14964914375 0.0008706328124999999 0.12961408125 0.0007540734375000001 0.274093553125 0.1029962359375 0.3725087734375 0.1540877890625 0.2644274609375 0.069631996875
0 0.3570276484375 0.2243402578125 0.35725165468750003 0.2374822828125 0.4132608234375 0.2617671890625 0.3570276484375 0.2243402578125
0 0.7470614640625 0.304867546875 0.63322243125 0.20878384687499998 0.5223671000000001 0.139490690625 0.509688653125 0.1369582171875 0.52212876875 0.1551598203125 0.7470614640625 0.304867546875
0 1 0.574862496875 0.9940717093749999 0.5637634203124999 0.9624804328125001 0.5784088265625 0.9451929437500001 0.572336259375 0.7910212171875 0.4524795140625 0.6444422296875 0.36295340781249996 0.6052295578125 0.4048904859375 0.6418635593750001 0.448880375 0.629871453125 0.45696282187500004 0.6621490718749999 0.4529323328125 0.6805852390625 0.46709271562500004 0.6695034796875 0.4989321015625 0.7414274546875 0.5080597421874999 0.7568655953125 0.524240734375 0.7480955203125 0.543444590625 0.7543155796875001 0.55254539375 0.8116974296875 0.5980601375 0.834518634375 0.602618590625 0.832893290625 0.6258690375 0.9368278953125 0.7042576281249999 0.978138665625 0.708318171875 1 0.5888254265625 1 0.574862496875
0 0.911013903125 0.22759929375 0.8185804109375001 0.2012776734375 0.7968935578125 0.2336181875 0.7911215109375 0.250801434375 0.8371976 0.3150135421875 0.86877455 0.329179290625 0.9081969000000001 0.3291953921875 0.919965 0.3079709234375 0.9135209390625001 0.285728096875 0.9225150171875001 0.2796662640625 0.911013903125 0.22759929375
0 0.34537416875 0.015075493749999998 0.3234776390625 0.0054628296875 0.364959015625 0.037323685937500004 0.34537416875 0.015075493749999998
0 0.5542396921875 0.0227426921875 0.5461702875000001 0.023750312500000002 0.5452312859374999 0.057615678125 0.58302829375 0.080882228125 0.6164545921875 0.0849395546875 0.622703303125 0.036418046875 0.5542396921875 0.0227426921875
0 0.60576353125 0.2583076078125 0.5896390499999999 0.231511696875 0.5518420421875 0.208245146875 0.5458459906249999 0.21228637031250003 0.5566750890625001 0.224927265625 0.60576353125 0.2583076078125
0 0.6412201984375 0.351831996875 0.6587460203125 0.342235434375 0.6594466890625 0.3240391984375 0.5995291484374999 0.27801795937499996 0.5873130375 0.27295838125 0.626945065625 0.31492766250000004 0.6207106796875 0.3346380140625 0.6412201984375 0.351831996875
0 0.361608034375 0.2855026625 0.42844630156249996 0.322428465625 0.3572373265625 0.2662934375 0.340412175 0.2576937640625 0.361608034375 0.2855026625
0 0.6663837734375 0.43456972812499994 0.460205865625 0.27813038125 0.3294536859375 0.1978768125 0.0807075546875 0.039451728125 0.072051415625 0.0867656640625 0.26181605 0.22278600312500002 0.5151593828125 0.4183327671875 0.9688967453125 0.7588339484375 0.9849132859375 0.671288503125 0.6663837734375 0.43456972812499994
0 1 0.5513629843750001 0.7457337921875 0.34564136562500003 0.54661670625 0.2080736828125 0.342119396875 0.07118111875000001 0.22982414375000002 0.001337078125 0.0878318078125 0.000510990625 0.0820882140625 0.031905126562500004 0.44453347968749996 0.2680137875 0.9840087421874999 0.6762326796875 1 0.588825428125 1 0.5513629843750001
0 1 0.306623053125 0.726021615625 0.1181752703125 0.5317408390625 0.003093578125 0.38569707656249996 0.0022439203125 0.6228659125 0.17440941875 1 0.44593920625 1 0.306623053125
0 1 0.45962276874999997 0.6975352546875 0.2259967296875 0.67338275625 0.2718143 1 0.5469704515625 1 0.45962276874999997
0 0.5604868125 0.13226050625000002 0.391251471875 0.002276234375 0.3826056078125 0.002225934375 0.3848558609375 0.0482841 0.5225210578125 0.1386491640625 0.5604868125 0.13226050625000002
0 0.44213538906250005 0.147039803125 0.47832138124999996 0.1647456453125 0.49953156875 0.16374339375 0.5080776390625 0.13139751093750002 0.4931018359375 0.1126894125 0.46313589843749997 0.10408436875 0.44353672812499995 0.11064732968749999 0.43384198124999995 0.1349054015625 0.44213538906250005 0.147039803125
0 0.3234776390625 0.0054628296875 0.3138385546875 0.001825859375 0.2465498578125 0.001434384375 0.26560479375 0.020097499999999997 0.40512342500000004 0.0907494125 0.3234776390625 0.0054628296875