0 0.6259283609375 1 0.706676328125 0.76748064375 0.824969325 0.338122521875 0.9202425968749999 0.026776325 0.606211725 0.017638959375 0.5204192078125 0.24134293750000002 0.325669896875 0.8152094218749999 0.2664082 1 0.6259283609375 1
0 0.22743707343750003 0.7880259828125 0.20623365 0.8175838453125 0.2080203296875 0.8581922843750001 0.1751668625 0.9298499296875 0.189796659375 0.9391079671875 0.24296167343750003 0.80534605625 0.269253240625 0.6745668234375 0.22743707343750003 0.7880259828125
0 0.162029125 1 0.17516393125000002 0.9543343015625 0.167701365625 0.936119425 0.15545185156250002 0.9973288890625 0.15878992187500002 1 0.162029125 1
0 0.1440972078125 1 0.18114395 0.8856593374999999 0.2011630921875 0.7718989828125 0.150685421875 0.905362628125 0.12792676875 1 0.1440972078125 1
0 0.2767070171875 0.7662348171875 0.289845471875 0.7620561312499999 0.2964220265625 0.6987558593750001 0.2767070171875 0.7662348171875
0 0.233461053125 0.35208544218750004 0.173128809375 0.49480419375 0.138775209375 0.62647823125 0.14026655 0.6399149546875 0.15460100937500001 0.6220012765625 0.233461053125 0.35208544218750004
0 0.411711825 0.4139148890625 0.423654278125 0.423471196875 0.4093256796875 0.39241613124999997 0.41768891249999995 0.3697242984375 0.453220934375 0.371221503125 0.4394947328125 0.2965723828125 0.4508435796875 0.276269628125 0.472938875 0.279258171875 0.4801061046875 0.27030133125 0.50758488125 0.1992402234375 0.5049004671875 0.175054121875 0.528788303125 0.1696823625 0.5744878203125 0.04218994375 0.5690187734375 0.0165567546875 0.465036596875 0.0135311828125 0.42422533749999997 0.018060821875 0.41504260000000004 0.027241360937499997 0.4398223078125 0.054416009375 0.4392228421875 0.073525690625 0.3678370890625 0.2637189140625 0.3245207859375 0.4371944640625 0.3791595578125 0.4637755078125 0.411711825 0.4139148890625
0 0.10359128124999999 0.21143404999999998 0.10656517031249998 0.3117606140625 0.14597760937499998 0.3237089296875 0.1650872921875 0.3243083953125 0.21495963125 0.2589231765625 0.219144178125 0.2230928890625 0.2066081203125 0.183677521875 0.1815272109375 0.1782999015625 0.16122152812499999 0.191435428125 0.1522646875 0.1842681953125 0.10359128124999999 0.21143404999999998
0 0.0362668734375 1 0.062602509375 0.896095796875 0.0328092234375 0.970814353125 0.036048534375 1 0.0362668734375 1
0 0.053648601562499995 0.86444419375 0.0533532625 0.8372724796875 0.0402118765625 0.8659355359375001 0.04140495 0.8766849156250001 0.053648601562499995 0.86444419375
0 0.07007386875 0.8408575578124999 0.0673835921875 0.8656401984375 0.08620086875 0.8145835781249999 0.07007386875 0.8408575578124999
0 0.011276928125 0.6297474578125 0.014859078125 0.6375112234375 0.049198025 0.6282590484374999 0.060549801562500005 0.5834719203125001 0.053984968749999994 0.5488347046875 0.0032236859375000004 0.557189146875 0.011276928125 0.6297474578125
0 0.23165092812500002 0.5073519765625 0.209850971875 0.5315351484375 0.1984991921875 0.576322275 0.20447042031249998 0.581100428125 0.2137284578125 0.5664706328125 0.23165092812500002 0.5073519765625
0 0.31436794375 0.44376222812500005 0.29914161093749997 0.4291295 0.28062846406249997 0.433904721875 0.25344795625 0.507653175 0.2522519515625 0.5213881671875 0.28181860625 0.46913847343750004 0.303615634375 0.469439671875 0.31436794375 0.44376222812500005
0 0.3367263359375 0.743250578125 0.35256093125 0.6653205078125 0.318809728125 0.753400490625 0.315522915625 0.772808440625 0.3367263359375 0.743250578125
0 0.2597697421875 1 0.30546052343749996 0.8618855640625 0.42134987031250004 0.5497735546875 0.610577365625 0.0177659875 0.5221309875 0.015192459375 0.38952005624999997 0.39370844531250004 0.2979220796875 0.646900825 0.2588867984375 0.8017639875 0.20534515312499999 1 0.2597697421875 1
0 0.198672646875 1 0.292743484375 0.665612834375 0.5270165671875 0.015334615625 0.46503659218750004 0.0135311828125 0.4025119828125 0.0204707859375 0.274867825 0.3411428984375 0.19999061406250002 0.581597640625 0.1275050875 0.8272278312499999 0.082848475 1 0.198672646875 1
0 0 0.675208965625 0.0217615734375 0.8712769703125 0.1418747171875 0.5155016921875 0.3031437015625 0.0314996640625 0.1709216828125 0.0461749765625 0.052505432812499996 0.42929913593749996 0 0.6525825968750001 0 0.675208965625
0 0.2236970109375 0.43568855156249997 0.3985778625 0.020907432812499998 0.3169080921875 0.029971956249999997 0.1699529625 0.42533089999999996 0.2236970109375 0.43568855156249997
0 0.1378803234375 0.626577553125 0.1193702703125 0.5905456890624999 0.038527370312499996 0.8098989671875 0.090882546875 0.7913944515625 0.1378803234375 0.626577553125
0 0.17190935937500001 0.7044141625 0.1781847140625 0.6629109171875001 0.1704238796875 0.64200869375 0.135190128125 0.6431988359374999 0.1211539375 0.663799859375 0.12204580937500001 0.696346265625 0.1348830671875 0.71396460625 0.16235305312499998 0.716356615625 0.17190935937500001 0.7044141625
0 0.0588874265625 1 0.10052067499999999 0.9190917578125 0.1271135203125 0.7583541421875 0.0673835921875 0.8656401984375 0.0637926515625 0.931329546875 0.0522614625 1 0.0588874265625 1