0 0.559573653125 0 0.5017801890625 0.1720133015625 0.332662078125 0.7456473421875 0.26594169375 0.98625835 0.5146473031250001 0.9746746999999999 0.6108872359374999 0.9533320578125 0.699861528125 0.6589333109375 0.7998550484375 0.2326803015625 0.861155659375 0 0.559573653125 0
0 0.23665417500000002 0.729964075 0.217128490625 0.7607045109375 0.22023068281249997 0.7996320390625 0.190850903125 0.8721732546875 0.20532544375 0.8795274375 0.25226740625 0.7449888359375 0.27329679375000004 0.6161967328125 0.23665417500000002 0.729964075
0 0.19167571562500002 0.89575963125 0.18383625625 0.8790109218750001 0.174047846875 0.9392843609374999 0.1799894890625 0.9432487765625 0.19167571562500002 0.89575963125
0 0.1663252078125 0.8512018703124999 0.13795363125 0.992219490625 0.1495165578125 0.9916809390625 0.19514291875 0.8289649171875 0.2106759125 0.7172379171875 0.1663252078125 0.8512018703124999
0 0.2836106890625 0.703704571875 0.2961874125 0.6982744640625 0.3004137453125 0.6365934671875 0.2836106890625 0.703704571875
0 0.22774919218749998 0.3093737078125 0.174172146875 0.4533068390625 0.1453689875 0.583822890625 0.147266803125 0.5966071828125 0.16053696875 0.5778181296875 0.22774919218749998 0.3093737078125
0 0.4168492953125 0 0.4174439625 0.0005617875 0.417509646875 0.0190344484375 0.35483763281249997 0.20988207343749998 0.3187716375 0.381624253125 0.37256029218750003 0.40138820624999993 0.4023853203125 0.3498765078125 0.41426860468750004 0.35780534375 0.3993488140625 0.329421640625 0.4066773375 0.3066681703125 0.4411228109375 0.3043114390625 0.42531252343750003 0.23386869843750002 0.43561186718749995 0.21309743750000001 0.45710105468749995 0.2136139546875 0.46373613750000003 0.2042194296875 0.487933403125 0.132827515625 0.4845173328125 0.1098157890625 0.5074590875 0.1020870796875 0.53937790625 0 0.4168492953125 0
0 0.0972812625 0.1877680765625 0.1035513328125 0.2840957921875 0.14210631875 0.2913918421875 0.16062468593749998 0.28992615 0.2066907015625 0.22160761093749998 0.20953015156250002 0.1866444984375 0.19606292812499998 0.15001557031249999 0.17160291875 0.147516846875 0.1523911109375 0.16234148125 0.1434786484375 0.1563948546875 0.0972812625 0.1877680765625
0 0.0506748015625 0.9375928203124999 0.046601771874999996 0.9642461421874999 0.0507453375 0.9921585140625 0.08074802343750001 0.8516926625 0.0506748015625 0.9375928203124999
0 0.0710107453125 0.8221596609375 0.069806371875 0.7960164265625 0.0580544578125 0.8250329109375001 0.0595727125 0.8352603453125 0.0710107453125 0.8221596609375
0 0.0861130421875 0.7976822421875001 0.0843465984375 0.82184326875 0.1008357765625 0.7706479640625 0.0861130421875 0.7976822421875001
0 0.022061625 0.600604009375 0.025791575 0.607699934375 0.058718796875 0.59511576875 0.068193328125 0.5507581296875 0.060667746875 0.5180936203125001 0.011813415625 0.53156883125 0.022061625 0.600604009375
0 0.2312454984375 0.45913719531249997 0.2109606875 0.484763915625 0.20148615468750003 0.5291215515625 0.20742779687500001 0.5330859703125 0.21589501093750002 0.518003075 0.2312454984375 0.45913719531249997
0 0.30916573125 0.389036571875 0.2939320640625 0.376568671875 0.276172825 0.38314807968750003 0.25235512187500003 0.4570968546875 0.2516616828125 0.4704557953125 0.2785158890625 0.4169618921875 0.29962551406250004 0.41492154843750007 0.30916573125 0.389036571875
0 0.3409322328125 0.6751464687500001 0.35362577812499996 0.5983825781250001 0.32393212031249996 0.6868395953124999 0.3214065484375 0.7058869062500001 0.3409322328125 0.6751464687500001
0 0.48175124062499997 0 0.380220725 0.332784115625 0.300112925 0.5864805625 0.267561784375 0.739835509375 0.21043040937500002 0.9888438296875 0.2590926765625 0.9865773484375 0.314677278125 0.7927717203125 0.4163073671875 0.47972016875 0.5650608 0 0.48175124062499997 0
0 0.37034338437500003 0 0.26746090312500004 0.29440551406250004 0.2031081703125 0.5340439109374999 0.141245525 0.77841215625 0.0941098390625 0.9942615484375 0.203507146875 0.9891662859375 0.295732590625 0.6050597296875 0.48593778125 0 0.37034338437500003 0
0 0.144617940625 0.47658658125000003 0.2770241140625 0.0184968265625 0.150142025 0.046634825000000005 0.0551948796875 0.4031018859375 0.0028946875 0.6698214328125001 0.0314909171875 0.8624546593750001 0.144617940625 0.47658658125000003
0 0.3604314671875 0 0.289311865625 0.015771834375 0.16874952031249998 0.3867220078125 0.2211236828125 0.3909534484375 0.3662499015625 0 0.3604314671875 0
0 0.1445060984375 0.5840142484374999 0.12537044375 0.5512834125 0.05452965 0.7712323734375001 0.104583759375 0.7478090703125 0.1445060984375 0.5840142484374999
0 0.18007720625 0.6553567953125 0.1847487859375 0.6147053171875 0.17652976250000002 0.59539975 0.14246385156250002 0.6003133421875 0.12957325 0.621659253125 0.131536753125 0.6529162046875 0.1445587265625 0.6685156140624999 0.171230428125 0.6678828296875 0.18007720625 0.6553567953125
0 0.13853834062499998 0.7121072421875 0.0843465984375 0.82184326875 0.08309108750000001 0.8855064734375 0.0717894015625 0.9716463640624999 0.11823000312500001 0.869790796875 0.13853834062499998 0.7121072421875