0 0.4959985953125 1 0.6343389359375 0.8092010625 0.8741111765625 0.4298465703125 0.987551709375 0.2608028 0.9965748046874999 0.0886318890625 0.7711705531249999 0.051433059375 0.613385840625 0.2553913546875 0.25809029375 0.752584275 0.1138944484375 0.9615232296875 0.3470423125 1 0.4959985953125 1
0 0.172796990625 0.700175221875 0.143879040625 0.7227835312499999 0.133532165625 0.7621469984375 0.08105532343750001 0.821938375 0.09221281718749999 0.8347319875 0.182413590625 0.7209287453125001 0.24619032500000002 0.6027647 0.172796990625 0.700175221875
0 0.0737902375 0.8453820234375 0.0721008484375 0.825936740625 0.04230413125 0.8812568484375 0.046561675000000004 0.8874356156250001 0.0737902375 0.8453820234375
0 0 0.9250031218749999 0.0998430390625 0.7812298453125 0.1526107734375 0.6776773796875 0.065052403125 0.7919167015624999 0 0.9025285656250001 0 0.9250031218749999
0 0.22608445625 0.692540928125 0.23981010625 0.6920680265625 0.26483565 0.6332224546874999 0.22608445625 0.692540928125
0 0.307826084375 0.28436831875 0.208157203125 0.4048232328125 0.1364532578125 0.5216790375 0.1338851015625 0.534945553125 0.1528213125 0.5216422140625 0.307826084375 0.28436831875
0 0.47767631718750003 0.3507319390625 0.5110003062499999 0.3617075890625 0.5200971765625 0.286542940625 0.5369046171875 0.2701502203125 0.5570165874999999 0.2789454671875 0.5664846921875 0.2722937984375 0.613676728125 0.21163026093749998 0.6182994093749999 0.1877505328125 0.642594678125 0.189021953125 0.7238409781249999 0.079217075 0.7270830593750001 0.0441572296875 0.580561753125 0.01997658125 0.576745115625 0.022084784375 0.5922344046875 0.054759759374999994 0.58599658125 0.07289680312499999 0.46174154375 0.2358413859375 0.369121109375 0.3903163375 0.41316320937500006 0.4304415 0.4588886 0.39144046875 0.467403690625 0.403798003125 0.46299765 0.3702140453125 0.47767631718750003 0.3507319390625
0 0.226122096875 0.11481466874999999 0.1991905265625 0.211678646875 0.23310239375 0.23370358906250002 0.25108559218750004 0.239409453125 0.3178759671875 0.1901944671875 0.33248038750000003 0.15700976718749998 0.33225764375 0.115901978125 0.31001690000000004 0.10401734843749999 0.28682314531249997 0.11114191874999998 0.280436825 0.10187376875000001 0.226122096875 0.11481466874999999
0 0 0.7284158609375 0.0306950484375 0.6876761828125 0.0075755390625 0.70850335 0 0.72609556875 0 0.7284158609375
0 0.014314790625 0.490570053125 0.015416303125 0.49896604218749996 0.050794815625 0.499328478125 0.07486734218749999 0.4594921125 0.078902146875 0.4245630875 0.028182837500000002 0.41893086718749994 0.014314790625 0.490570053125
0 0.2600522703125 0.4325540390625 0.23216158281250002 0.44985574218749996 0.20808905625000002 0.4896921109375 0.212346603125 0.495870878125 0.22548437500000001 0.484348684375 0.2600522703125 0.4325540390625
0 0.35752423125 0.3938786234375 0.34739399843749996 0.3757784015625 0.3283835375 0.3753791453125 0.2806778703125 0.43869598437499996 0.275467309375 0.45152641875 0.31906392499999997 0.40943600625 0.339689528125 0.41557795156250005 0.35752423125 0.3938786234375
0 0.2899415359375 0.686650953125 0.32810485 0.6162831875 0.26990381406249997 0.6915583015625 0.26102358593749997 0.7092592640625 0.2899415359375 0.686650953125
0 0.44379194218749995 0.3661327171875 0.28164193593750003 0.5839727203125 0.1986106078125 0.721775475 0.054817496875 0.9517736640625 0.1065501296875 0.960311184375 0.225039596875 0.7918507390625 0.4277511859375 0.5241170171875 0.775259390625 0.052107846874999995 0.6837661484375 0.0370085703125 0.44379194218749995 0.3661327171875
0 0 0.94272704375 0.047342246875 0.9505400109375 0.2711702625 0.600499265625 0.6888496125 0.037847501562500004 0.563002990625 0.017078829687499998 0.35042292812500003 0.285010234375 0.2079417140625 0.49514393281249997 0.0661983625 0.710875540625 0 0.819297525 0 0.94272704375
0 0 0.6581655375000001 0.17231560625 0.41624842187500005 0.45884628593750004 0.010679765625 0.31703777187500004 0.007379135937500001 0.112951459375 0.309707284375 0 0.503946228125 0 0.6581655375000001
0 0.5589962546875 0.0164175921875 0.5349634046875 0.0124514109375 0.4730763203125 0.0110109734375 0.22574546562500003 0.3374478453125 0.2737492765625 0.361798403125 0.5589962546875 0.0164175921875
0 0 0.6695122671875 0.04202243125 0.666729234375 0.1355733375 0.5215338234375 0.12866959218750001 0.48206152500000005 0 0.6528386609375 0 0.6695122671875
0 0.14482595468749998 0.6052028546875 0.163100040625 0.5671476281250001 0.161924284375 0.545049040625 0.1280866625 0.5367266953125001 0.1086368171875 0.5526833359375 0.0998308375 0.5840868921875 0.10680503593749999 0.6044043375 0.13220181250000002 0.6140717453125 0.14482595468749998 0.6052028546875
0 0 0.8054676921875 0.01330583125 0.7915910875 0.086254834375 0.6448220015625 0 0.7292289265624999 0 0.8054676921875