0 0.384489009375 0 0.0713120546875 0.08863442499999999 0.2357462046875 0.297135025 0.5976605390625 0.7396836078125 0.757812046875 0.9198655203125 0.984453771875 0.8557220437499999 0.9867187671875 0.7259605875 0.8449084499999999 0.5408467859375 0.5991797 0.1996463671875 0.43341248906249996 0 0.384489009375 0
0 0.061477667187499994 0.2498099140625 0.1144682703125 0.3019280015625 0.1258538671875 0.3389748859375 0.15470339375 0.3576561109375 0.2292839796875 0.44393306718750003 0.16333610625 0.3364206125 0.071877278125 0.23612819375 0.061477667187499994 0.2498099140625
0 0.025755765625 0.1901198734375 0.021831509375 0.1965997328125 0.05264644843750001 0.24694007187499997 0.053625870312500004 0.2278705859375 0.025755765625 0.1901198734375
0 0 0.210578940625 0.046958570312499996 0.28076519843750003 0.135866303125 0.3817796234375 0.0811055171875 0.2872087109375 0 0.18503187031249999 0 0.210578940625
0 0.2463541703125 0.412255778125 0.2200524546875 0.3579535046875 0.2067080109375 0.35904559687500004 0.2463541703125 0.412255778125
0 0.2999599953125 0.7460841546875 0.1413753609375 0.533243428125 0.1225349875 0.5224678953125 0.125479821875 0.535057525 0.19908098125 0.6404039703125 0.2999599953125 0.7460841546875
0 0.462637859375 0.6624589546874999 0.44772174375 0.6452035640625 0.450858525 0.6121004390625 0.443010009375 0.6250601578125 0.39728223749999997 0.5923634703125 0.3558790234375 0.6362966484375 0.4510701609375 0.7758019593750001 0.577268184375 0.9199548625 0.5839420484375 0.9368583375 0.57001191875 0.97033155 0.57378975625 0.971946971875 0.7152480015625 0.9319118718749999 0.7109078578125 0.8982402328125 0.6282802484375 0.8008176546874999 0.6047314234375001 0.8047977609375 0.5994307203125 0.7821364281250001 0.551542309375 0.7285743328125001 0.5421221234375 0.7231865671875 0.5228912921875 0.7339984453125 0.5060130468749999 0.719982984375 0.49462416718749996 0.6480370578125 0.462637859375 0.6624589546874999
0 0.3282304015625 0.8669445890624999 0.312920546875 0.8363775671875 0.246390271875 0.7961452765625 0.22912157031249997 0.8037172265624999 0.1969400328125 0.8289328312500001 0.226385090625 0.9199300703125 0.279567640625 0.9263554109375001 0.28545402656249996 0.916635621875 0.308218659375 0.920931296875 0.32941161874999997 0.9068794859375 0.3282304015625 0.8669445890624999
0 0 0.3728194625 0.017139465625 0.385850596875 0 0.366023171875 0 0.3728194625
0 0.023836301562500002 0.6470473906249999 0.072896084375 0.6358472484375 0.0677906125 0.602392209375 0.043060570312500004 0.56643741875 0.008718393750000001 0.5707876140625 0.007934196875 0.579063396875 0.023836301562500002 0.6470473906249999
0 0.24853121875 0.6076164140625 0.21320305624999997 0.56123800625 0.200053840625 0.5515363921875001 0.19612958281249998 0.5580162515625 0.22085962343749999 0.593971040625 0.24853121875 0.6076164140625
0 0.268351015625 0.5993224578125 0.31682839375 0.6554024828125 0.3352750296875 0.65286638125 0.34449670625 0.634148809375 0.326440528125 0.6150974953125 0.3066207296875 0.62339145 0.26285508750000003 0.587454834375 0.268351015625 0.5993224578125
0 0.24006747968750003 0.33886584375 0.24929244062499997 0.3550473171875 0.3083679390625 0.42155095625000005 0.2689170078125 0.35754706875000003 0.24006747968750003 0.33886584375
0 0.1790355203125 0.333768046875 0.2643483109375 0.45817078437500003 0.429210684375 0.651336484375 0.6734279125 0.943747671875 0.7617595953125 0.918748296875 0.4082633515625 0.499769409375 0.20231723281249997 0.262748203125 0.063940146875 0.0907208 0.015673545312500002 0.10438107187500001 0.1790355203125 0.333768046875
0 0 0.286194834375 0.0508264578125 0.3593149484375 0.1958011640625 0.5527399734375 0.34130206875 0.7406468453125 0.5568377390625 0.9767446828124999 0.6783357171875 0.9423586796875 0.2536178984375 0.44330935625 0.008147909375 0.10651095625 0 0.10881695312499999 0 0.286194834375
0 0 0.5774027937499999 0.109864521875 0.7435075390625 0.2990431265625 0.9889476390624999 0.4470645453125 0.9837786171875 0.1638883921875 0.633362415625 0 0.43228107031249996 0 0.5774027937499999
0 0.2184506671875 0.7038279890625 0.46144038125 0.983276603125 0.5439372125 0.9803957499999999 0.5529694562499999 0.9778394703125001 0.264237196875 0.6747619390625 0.2184506671875 0.7038279890625
0 0 0.43642556875 0.1192682984375 0.5744000796875001 0.12463030625 0.53529795 0.0288510984375 0.4049068875 0 0.40635101406249996 0 0.43642556875
0 0.1182104265625 0.44583803125 0.0938774046875 0.45809391875000005 0.08779579062500001 0.47860741406249996 0.09741448750000001 0.5081005203125 0.1168438296875 0.5213939765625 0.149419103125 0.5094900046874999 0.1498095609375 0.48790259062499997 0.13077067656250002 0.4530217203125 0.1182104265625 0.44583803125
0 0 0.3607125046875 0.0725479734375 0.42117669687500003 0 0.2927350140625 0 0.3607125046875