0 0.931205134375 1 0.8140800109375 0.6764729890625001 0.6840696125 0.28353705156250003 0.5723315 0.007163309375 0.5174603906249999 0.003010496875 0.235536890625 0.0013703140625 0.3299369671875 0.2517274125 0.5375407078125 0.775730740625 0.6365600671875 1 0.931205134375 1
0 0.185413996875 0.150649153125 0.2192187890625 0.215805046875 0.21953414843750002 0.2533873796875 0.240543884375 0.2800164390625 0.28464779375 0.38351026718750003 0.254041184375 0.263510671875 0.1984751796875 0.141622071875 0.185413996875 0.150649153125
0 0.16922615000000002 0.0843226671875 0.163943528125 0.08893065624999999 0.178216921875 0.1450966609375 0.184226403125 0.12802419375000001 0.16922615000000002 0.0843226671875
0 0.193071803125 0.1912910828125 0.12056235625 0.0007014109375 0.1128087234375 0.0006563015625 0.16399276093749998 0.17406690625000001 0.2170628265625 0.2957666046875 0.193071803125 0.1912910828125
0 0.30856496718750004 0.3602814140625 0.299428825 0.302000315625 0.2870945 0.29856291874999996 0.30856496718750004 0.3602814140625
0 0.2672031640625 0.6826577328125001 0.18132129375 0.435783746875 0.16721788906249999 0.419692971875 0.16649103125 0.43215744999999994 0.2045854578125 0.552723746875 0.2672031640625 0.6826577328125001
0 0.5904029375000001 1 0.5971056031249999 0.9580155343750001 0.5487366734375 0.8416794265625 0.5264185921875 0.837486428125 0.5277269390625 0.8150503671875 0.49891402500000004 0.750272275 0.49186232343749997 0.7422268875 0.4716040640625 0.745701475 0.4601419703125 0.7273067046875 0.4692042625 0.6578834296875 0.4364663078125 0.66041351875 0.42764552499999997 0.6397147515625 0.43937374531250006 0.6105556062499999 0.42880850156249994 0.6197715875 0.396336671875 0.5747477578125 0.34716936249999997 0.6010733984375001 0.395562909375 0.7599776296874999 0.470684928125 0.93342424375 0.4721632640625 0.9510634124999999 0.4505966578125 0.9769740609375 0.47439307656249996 0.9988062281250001 0.490166375 1 0.5904029375000001 1
0 0.2602253125 0.80231671875 0.2546273296875 0.7693423765625 0.2054107859375 0.7105317671875 0.1877938375 0.7117023609375 0.1519784546875 0.7240151296875 0.1540875125 0.816818965625 0.2003473859375 0.8403512359375 0.20827131875 0.83343925 0.227657346875 0.8449220359374999 0.250556915625 0.839143453125 0.2602253125 0.80231671875
0 0.0831050984375 0.1854723640625 0.0325063578125 0.0213934421875 0.0313433828125 0.041336606250000005 0.0475312265625 0.1076630921875 0.0831050984375 0.1854723640625
0 0.0644705484375 0.204093228125 0.06388906093749999 0.21406480781249998 0.077410978125 0.240127165625 0.0763687578125 0.21500930937499999 0.0644705484375 0.204093228125
0 0.10884058593749998 0.26003313906250003 0.0889938265625 0.21346091718750002 0.0926773578125 0.236274778125 0.10884058593749998 0.26003313906250003
0 0.0446753515625 0.5005588953125 0.091952828125 0.5066408984375 0.0963386015625 0.47442215625 0.083688915625 0.43340242656249994 0.0515324484375 0.42596092968750005 0.04860039375 0.433250715625 0.0446753515625 0.5005588953125
0 0.2580177875 0.539240384375 0.23860714375 0.485189475 0.229350246875 0.4719693953125 0.2240676234375 0.4765773875 0.236717309375 0.5175971171875 0.2580177875 0.539240384375
0 0.278130675 0.5382586921875 0.3067982171875 0.6055296796875 0.3241244203125 0.609344878125 0.33747634843749996 0.5953320062499999 0.32630499999999996 0.5719514453125 0.3061921125 0.5729331375 0.2763615953125 0.5256053140625 0.278130675 0.5382586921875
0 0.3226191390625 0.29123594062499997 0.32659341406250003 0.3090640109375 0.3620219140625 0.389366178125 0.34362887343750004 0.3178649984375 0.3226191390625 0.29123594062499997
0 0.640110865625 1 0.4311336265625 0.49391887656250005 0.309016725 0.20924794375000003 0.2284628890625 0.0013291578125 0.18262595312500002 0.0010624859375 0.26891985625000003 0.266306834375 0.3124595703125 0.40815022812499996 0.40929439375000004 0.6391596796875 0.5563190031249999 1 0.640110865625 1
0 0.5611004890625 1 0.3067720953125 0.3910262953125 0.17541724218750002 0.0010205484375 0.0690586453125 0.00040177187499999996 0.14636916875 0.24701623437500003 0.22518951562499998 0.4716545 0.30596789375 0.691433159375 0.44527295312500004 0.9966023281249999 0.4901663703125 1 0.5611004890625 1
0 0.174723678125 0.53460653125 0.0247532359375 0.1543470390625 0.014286459375 0.33383551875 0.09637136874999999 0.61714680625 0.22895987187500003 0.9802310921874999 0.35209204843749997 0.9895501124999999 0.174723678125 0.53460653125
0 0.25414115625 0.6057184296875 0.205014928125 0.6170237937499999 0.3654028921875 0.99055751875 0.441945865625 0.9963505250000001 0.25414115625 0.6057184296875
0 0.11428587187499999 0.28131023437499997 0.065045390625 0.265900378125 0.15031133593749998 0.4659874890625 0.1656598828125 0.43209454531249997 0.11428587187499999 0.28131023437499997
0 0.183913371875 0.348343503125 0.15866323437500002 0.351440290625 0.14766187343749998 0.3681349578125 0.14841335 0.3982386046875 0.16237138281250002 0.4168222765625 0.194963965625 0.416785084375 0.2011188203125 0.397219721875 0.1933156421875 0.3590706859375 0.183913371875 0.348343503125
0 0.1493406359375 0.3106723640625 0.1170060296875 0.16299911250000002 0.0646390328125 0.0722331953125 0.08249899375 0.1528758234375 0.0889938265625 0.21346091718750002 0.1493406359375 0.3106723640625