0 0.61 0 0.53 0.9974999999999999 0.905 0.9949999999999999 0.9099999999999999 0.5349999999999999 0.9099999999999999 0.335 0.905 0.11499999999999999 0.89 0 0.61 0
0 0.1375 0 0.12250000000000001 0.0775 0.1275 0.42750000000000005 0.25 0.4175 0.3125 0 0.1375 0
0 0.428125 0.02734375 0.040625 0.04296875
0 0.39140625 0.06875 0.03359375 0.0375
0 0.41484375 0.103125 0.01796875 0.03359375
0 0.43984375 0.11328125 0.02890625 0.04296875
0 0.453125 0.2328125 0.03359375 0.04296875
0 0.4046875 0.353125 0.040625 0.034375
0 0.41875 0.925 0.034375 0.05546875
0 0.42421875 0.86171875 0.034375 0.04609375
0 0.2875 0.8375 0.0359375 0.04453125
0 0.18671875 0.90234375 0.109375 0.0375
0 0.35859375 0.88828125 0.028125 0.04296875
0 0.92109375 0.94765625 0.021875 0.0375
0 0.984375 0.76171875 0.0265625 0.03203125
0 0.4515625 0.44375 0.028125 0.04296875
0 0.44765625 0.16796875 0.04609375 0.05546875