0 1 0.72383299375 0.9680970249999999 0.5135374421875001 0.93353260625 0.3009011890625 0.89025411875 0.067310928125 0.8825553156250001 0.041105675 0.5654005390625 0.026333953124999997 0.6460625859375 1 1 1 1 0.72383299375
0 0.06179894375 0.046329503125 0.060954725 0.075896578125 0.126700084375 0.4477004046875 0.2537837140625 0.4294829921875 0.2481212296875 0.0353571734375 0.06179894375 0.046329503125
0 0.3426271157567807 0.050239864349076915 0.041610647326811724 0.045569365177646426
0 0.3719274788827255 0.08510716997342942 0.02396812101845249 0.036956344499482
0 0.4012887551910847 0.09426600020488778 0.038849668373499215 0.05167381596343472
0 0.43513167612483256 0.22050316852568735 0.04197466837349921 0.051819365177646404
0 0.4053671233669398 0.35156907795514675 0.049332142065139806 0.04437073821317572
0 0.5186201543722735 0.9583328083104398 0.04739021046687384 0.06453768899896417
0 0.513880175489548 0.8903276710068868 0.04519067363517095 0.05352741439185813
0 0.3656323912886811 0.8732942206353831 0.04509966837349921 0.05196491439185813
0 0.27105490963394535 0.9483605330841612 0.12184417889684288 0.05865587014004525
0 0.4487857965080006 0.9231358629013349 0.03728716837349921 0.051601041356328994
0 0.4700204285439071 0.44495951302516934 0.03728716837349921 0.051601041356328814
0 0.4186729472421072 0.15195222166884048 0.058418715728545755 0.06660961124870504