0 0.9958221281249999 0.3554944203125 0.945405434375 0.046093267187499995 0.8406716671875 0.04225839375 0.6023336984375 0.059173325 0.386469140625 0.0794988328125 0.0048767625 0.119684325 0.02152751875 0.5283231359375 0.9958221281249999 0.3554944203125
0 1 0.6931493765625001 0.6303674375 0.7860503234375 0.641304571875 0.9204232031249999 1 0.8918843296875 1 0.6931493765625001
0 0.9977185528891998 0.5537333153855345 0.004562894221600544 0.04760242570596294
0 0.9791263910830672 0.5966422294130149 0.04174721783386559 0.04350595909205772
0 0.9402840321661342 0.5743664126408252 0.040081171939110406 0.026136602665567034
0 0.925202860227024 0.5489572356812211 0.05152800790866543 0.038954851411925874
0 0.7940165272232184 0.5467007507249159 0.053281508897248385 0.04368781551854859
0 0.6717860415576744 0.6110323721951014 0.044161176882026074 0.049665030878812286
0 0.06333155440925564 0.654193406505633 0.05015650889724856 0.04359688730530316
0 0.11978980144350611 0.6417903463973609 0.05647017589344294 0.045341243731793844
0 0.1702102485914873 0.7876173234361072 0.055035009885831744 0.04842077962517131
0 0.11876710680416389 0.9039493655976909 0.05978085969555132 0.12659124373179367
0 0.10253331726083692 0.716199313011266 0.05152800790866539 0.038954851411925874
0 0.5663199501509117 0.569727759104693 0.05152800790866543 0.038954851411925874
0 0.8649829432308296 0.5456443675762478 0.06954317885919252 0.059767456584775225