0 0 0.44816743593749997 0.985876221875 0.35787634687500003 0.9958682921875001 0.07174088749999999 0.899448053125 0.060147909374999996 0.6779845484375 0.05768068750000001 0.47633361562500004 0.060033795312500006 0.012183953124999999 0.07050157968750001 0 0.2452367109375 0 0.44816743593749997
0 0.9685296515624999 0.6587036187499999 0.5482708749999999 0.7259955437500001 0.5295515859375 0.8499763250000001 0.8820881953124999 0.8509140265624999 0.9561759875 0.8358726234375 0.9685296515624999 0.6587036187499999
0 0.9545386116259291 0.540526145165945 0.046785719962933216 0.04429796360606986
0 0.9103148964723193 0.5784649468613561 0.04031746515360979 0.037756865177646405
0 0.8775668838584476 0.555810850914132 0.035084328130301046 0.021913541356328815
0 0.8683109349469067 0.53050263586032 0.04640377404661713 0.033360463606069854
0 0.7493798856725462 0.5188823933039182 0.04656746515360979 0.03804796360606986
0 0.6236060701561168 0.5691992245688338 0.037410719962933214 0.04386131596343468
0 0.04902522160739562 0.5616416672873423 0.05906746515360968 0.038630160462916764
0 0.11241559901205733 0.555569295699555 0.0496924651536097 0.038193512820281585
0 0.12787192950461118 0.6936857258071789 0.04667659255827141 0.041172963606069854
0 0.054875884406601814 0.7961429458233895 0.04455358656782162 0.11439213978475227
0 0.0812449553653268 0.6217593759310134 0.046349210344286275 0.03179796360606986
0 0.06050842486492376 0.054120265715765704 0.038318455534962846 0.025184090570540586
0 0.25209821333951116 0.0015367671635077664 0.033303573320977706 0.003073534327015533
0 0.5362896086307043 0.5233473771738677 0.046349210344286365 0.03179796360606986
0 0.8139780990120574 0.5228934971090251 0.05950397477225664 0.05113016046291676