0 0.8917568390625 1 0.9625461234375001 0.6358207046875 0 0.5276044 0 0.844566734375 0.021279829687499998 0.85165855 0.24791035 0.9010800859374999 0.4548523125 0.9413055296874999 0.7753702296875 1 0.8917568390625 1
0 0.024118121875000002 0.2155789359375 0.46601786875 0.234764609375 0.50100305 0.11002392812499999 0.13986025468750002 0.034455857812500004 0.059337431249999996 0.0343912984375 0.024118121875000002 0.2155789359375
0 0.0261248691206775 0.3413553403436331 0.052249738241355 0.05105788896415202
0 0.07613761759456864 0.31108134215265537 0.04735967887824381 0.04143722749876275
0 0.10743520522466823 0.34170722241038015 0.03716580732694626 0.025320904567984304
0 0.11299248643233269 0.37020071460846404 0.05196529172311406 0.04012038896415202
0 0.2340519369073025 0.40709760628614955 0.052129066033373486 0.04324538896415202
0 0.36854312358746244 0.3820267644721785 0.04620661465389251 0.049167840343632994
0 0.9494036199694179 0.5096094476458355 0.05549972749876275 0.04809666327441171
0 0.8909327007021124 0.5041949293284697 0.05541784034363317 0.04653416327441171
0 0.8930794561291794 0.3585958242855156 0.05385534034363317 0.04645227611928178
0 0.9699905161696591 0.2662688834214842 0.04380531094499105 0.12227779172311407
0 0.9310497676399972 0.4412755274740189 0.05023901741285428 0.03691350180902227
0 0.4527676373822723 0.44911244515944454 0.050239017412854636 0.03691350180902227
0 0.16838267130347032 0.3895549021931351 0.06857293758467105 0.05968926051544958