0 1 0.6966058453125 0.941115009375 0.44526484687499995 0.8887357890625 0.23182070625 0.8329426015625 0.0242361546875 0.5002763125 0.0145565546875 0.6621821578125 1 0.6947282218749999 1 1 0.9468683531250001 1 0.6966058453125
0 0.1809689578125 0.0583814640625 0.004603070312500001 0.08783180625 0.007733059374999999 0.14755557187499999 0.0910169984375 0.4677904421875 0.21707300468750002 0.43563152812499994 0.1809689578125 0.0583814640625
0 0.27642970318850335 0.05016645071228054 0.03864642017181659 0.02296613855894436
0 0.30718173620519007 0.07134276873811148 0.027047178878243816 0.03978992570596289
0 0.33637459124814423 0.07765260471063107 0.041764776119281775 0.05269910266556703
0 0.3819471200809595 0.2030079573761981 0.04653416327441153 0.054397994985435
0 0.36341288330994254 0.3405390496169239 0.05237472749876275 0.046767351411925784
0 0.5270525751900268 0.9475057666265403 0.05187676051544958 0.0670343873053028
0 0.5164592339418825 0.8793324281467383 0.049822937584671045 0.05761392319868044
0 0.36658206467457716 0.8773116239109611 0.049741050429541286 0.056051423198680436
0 0.277499632516973 0.9636462775136001 0.12827548620519008 0.0661371285298145
0 0.453785493552821 0.9188519177218971 0.040202276119281774 0.05265363855894449
0 0.43588542684207887 0.42845423825501056 0.040202276119281774 0.05265363855894449
0 0.3596350288328153 0.13449363809672593 0.06445864767057934 0.06896060015828454