0 0.9358435453125 0.1961933515625 0.7190943234375 0.15050939375 0.5213645953125 0.113450278125 0.065832740625 0.0331332421875 0.006850150000000001 0.40158974531249997 0.9946470203125 0.5066096953125 0.9980248656249999 0.21631840000000002 0.9358435453125 0.1961933515625
0 0.9602508109375 0.800395534375 0.5380715078125 0.7845212546875 0.509724771875 0.9031820796875 0.8549983187500001 0.9729544625000001 0.9338790265625001 0.9725580796875001 0.9602508109375 0.800395534375
0 0.9504036065802313 0.6813295841558906 0.048982940006363405 0.04913101282028158
0 0.9039553205760951 0.7096514832462677 0.04264203333863605 0.04102741439185813
0 0.8738047439131403 0.6808886284077036 0.036210220003181706 0.025111315963434678
0 0.8670825765834129 0.6539986426757272 0.047274989337999784 0.03655823821317572
0 0.7510217719207763 0.6188894344463408 0.048910214672181596 0.04288101282028158
0 0.6248768952498674 0.6442810785743193 0.03958975867281787 0.047131865177646406
0 0.061905275262594164 0.5242594454091047 0.061428396005727005 0.04502570967712849
0 0.12514107192873056 0.531113066996892 0.0520352146721816 0.04302656203449331
0 0.1282195239099587 0.6696126408182096 0.04892839600572705 0.04444351282028158
0 0.04904000656432289 0.7565989104629167 0.054452237348817475 0.116536836641599
0 0.08927574992045821 0.5904131383370103 0.047274989337999784 0.03655823821317572
0 0.11538864266390922 0.025697820925833448 0.04093408267027256 0.028454639784752288
0 0.5427552859245944 0.5810490243977089 0.047274989337999784 0.03655823821317572
0 0.8149206399188674 0.6359356933376811 0.06313634667409077 0.057598484284234176