0 0.4836082858458212 0.9680222934817315 0.0392196302577247 0.033903638558944495
0 0.4707951045927283 0.8552866127612038 0.041109678878243724 0.04019910266556721
0 0.5491900995043455 0.7734395676966266 0.0388101944820761 0.026091138558944314
0 0.5961336985544058 0.7112290727111914 0.03272396879233561 0.029034282132453626
0 0.5728367186807939 0.6050389086837111 0.029926517412854636 0.03519335391920819
0 0.5359741265281386 0.698158422869476 0.03634029172311415 0.03850021034569906
0 0.4842921178217113 0.7168235063347131 0.033379066033373664 0.04153428213245362
0 0.4143547540723299 0.741480177026111 0.03855788896415202 0.051045674452321776
0 0.4308229590698554 0.650514196226441 0.023676517412854637 0.0350114974927175
0 0.38132424807943605 0.6870571014784328 0.027456614653892507 0.04760242570596276
0 0.3885303177308542 0.5495571014784328 0.04505355042954129 0.05591503087881229
0 0.4833215965636695 0.4227696294542513 0.040700243102595124 0.03238660266556703
0 0.7117807892367232 0.43952390578071726 0.026637743102595125 0.03197742570596276
0 0.8011520692011922 0.7138442926903089 0.039301517412854634 0.035466138558944316
0 0.8072482609697349 0.7612504901038841 0.021377033016686652 0.020903533386094963
0 0.7995785238600336 0.8480601683171294 0.025075243102595124 0.031931961599340045
0 0.7569207123492158 0.76895534151581 0.02968085594746519 0.03050585391920819
0 0.754938810494765 0.7323502517823666 0.02450203301668665 0.02099446159934022
0 0.8938330506566838 0.3445199796790429 0.0338703889641522 0.050909282132453625
0 0.7790456908640314 0.04909748258203676 0.032396420171816584 0.022784282132453627
0 0.818977972071696 0.0760176837565357 0.02935330732694652 0.02425585391920828
0 0.6596517232033496 0.4816037571926429 0.02647396879233561 0.028852425705962758
0 0.5835429245828306 0.49005876636384305 0.026228307326946164 0.024164925705962938
0 0.44875956806953854 0.3231477141731297 0.03601274310259513 0.03225021034569897
0 0.33987256897404966 0.3021341836900287 0.03617651741285446 0.035375210345698974
0 0.31608758819592647 0.22014003760923698 0.04949538896415202 0.05136392319868044
0 0.37649614371385043 0.24334420539764104 0.042426517412854546 0.03555706677218975
0 0.6645959300098976 0.34260945335257703 0.032887743102595124 0.03215928213245363
0 0.6464434735420339 0.2573311828986059 0.029353307326946167 0.02425585391920828
0 0.6494323547042699 0.20029993289860587 0.04382524310259513 0.032477530878812375
0 0.8335970720262672 0.001369654064857545 0.03247830732694652 0.00273930812971509
0 0.8586203262101388 0.093585616984346 0.023512743102595123 0.03188649749271755
0 0.9101308372914154 0.22703696298599546 0.0356851944820761 0.026000210345698972
0 0.7942811872459867 0.1453814491959419 0.03239642017181641 0.022784282132453627
0 0.2126560509953682 0.13968331096620196 0.033051517412854545 0.035284282132453625
0 0.2315930794894992 0.23975986731355042 0.040700243102595034 0.03238660266556703
0 0.7251738246282592 0.5709641223946224 0.03313340456798421 0.036846782132453626
0 0.4314979042293 0.17621888987909257 0.026637743102595125 0.03197742570596289
0 0.8761067243350034 0.8762557129859955 0.029926517412854636 0.03519335391920819