0 0.025 0.4609375 0.0375 0.034375
0 0.13203125 0.47734375 0.0359375 0.0359375
0 0.20546875 0.409375 0.0234375 0.034375
0 0.2609375 0.36875 0.025 0.028125
0 0.359375 0.3953125 0.03125 0.025
0 0.275 0.425 0.034375 0.03125
0 0.259375 0.471875 0.0375 0.028125
0 0.23828125 0.53515625 0.0453125 0.0328125
0 0.321875 0.52421875 0.03125 0.0203125
0 0.2890625 0.56796875 0.04375 0.0234375
0 0.415625 0.56796875 0.05 0.0390625
0 0.5296875 0.48671875 0.028125 0.0359375
0 0.50859375 0.27578125 0.0296875 0.0234375
0 0.253125 0.1796875 0.03125 0.034375
0 0.209375 0.171875 0.01875 0.01875
0 0.1296875 0.175 0.028125 0.021875
0 0.20390625 0.21796875 0.0265625 0.0265625
0 0.2375 0.221875 0.01875 0.021875
0 0.59140625 0.1125 0.0453125 0.028125
0 0.86640625 0.23203125 0.0203125 0.0296875
0 0.840625 0.19453125 0.021875 0.0265625
0 0.47109375 0.32109375 0.0265625 0.0234375
0 0.465625 0.39140625 0.021875 0.0234375
0 0.62265625 0.5234375 0.0296875 0.03125
0 0.6453125 0.625 0.03125 0.03125
0 0.72109375 0.65078125 0.0453125 0.0421875
0 0.6984375 0.59375 0.03125 0.0375
0 0.59921875 0.3234375 0.0296875 0.028125
0 0.678125 0.34453125 0.021875 0.0265625
0 0.73046875 0.34453125 0.0296875 0.0390625
0 0.91875 0.18515625 0.021875 0.0296875
0 0.8234375 0.15703125 0.028125 0.0203125
0 0.69921875 0.103125 0.0234375 0.03125
0 0.77734375 0.21328125 0.0203125 0.0296875
0 0.7984375 0.75 0.03125 0.028125
0 0.70546875 0.72734375 0.0296875 0.0359375
0 0.38671875 0.25703125 0.0328125 0.0296875
0 0.9703125 0.5078125 0.03125 0.028125
0 0.75859375 0.54609375 0.0296875 0.0234375
0 0.1015625 0.103125 0.03125 0.025