0 0.48824433529354244 0.9019694826351943 0.04316942496187508 0.04243293969514959
0 0.5671129112815979 0.8327513291425939 0.04131598423243048 0.029923849336070063
0 0.6158764131814589 0.7793354376520462 0.03350348423243048 0.0298783975406721
0 0.5977784169811812 0.6731763412428424 0.03052395459715278 0.0361102168225127
0 0.5575547669049312 0.7577967809379921 0.03844555737069442 0.04084316861791084
0 0.5070099062476048 0.7682484676080796 0.035393292553055566 0.043949987899751616
0 0.43780596456822984 0.7827154885871226 0.040226262917777866 0.05022725897699036
0 0.4576807470532992 0.696650723560008 0.02583645459715278 0.03608294574527395
0 0.40833536369454926 0.7250666150505557 0.032413762917777686 0.05018180718159222
0 0.42166855223979216 0.5929399162802198 0.04822060087368065 0.058085210772388506
0 0.5191046370615628 0.4822018832991242 0.04142508700597229 0.03461134933607006
0 0.7397996499793408 0.5309246878484379 0.028925087005972117 0.03453862646343318
0 0.8142963825962507 0.8109980072284746 0.04149782218833344 0.03773634933607006
0 0.8169499103316674 0.857863916869395 0.020785278685347207 0.02043067466803521
0 0.8056143264598272 0.9415349349215717 0.027326219414791807 0.032967036104353295
0 0.7684942265360771 0.8573644680008631 0.031977351823611146 0.03143180718159257
0 0.7676759557345145 0.8222082180008631 0.02554551386770836 0.023582945745273774
0 0.9203034611497574 0.4642406610156625 0.03710126291777769 0.05020907825883114
0 0.8225867808695486 0.16008040184228028 0.0349568814588892 0.02519998789975162
0 0.8600510664887502 0.1918980284039093 0.031868249050069505 0.02674430718159231
0 0.6874383693941324 0.564046260057145 0.028852351823611143 0.031413626463433174
0 0.6131468842117713 0.5613530521134268 0.02874324905006951 0.026726126463433177
0 0.49016005983923644 0.3800126694034777 0.036737587005972294 0.03458407825883123
0 0.38618042144649334 0.3438938831027325 0.03677395459715278 0.03614657825883123
0 0.3670654391139238 0.2611813770526083 0.04963763050895835 0.051844301131468117
0 0.42404279093753505 0.2921041241257421 0.044622822188333446 0.03775453005422928
0 0.6983732565526045 0.4295894468254284 0.03361258700597229 0.03456589754067192
0 0.6838730390376739 0.34372466969806537 0.031868249050069505 0.026744307181592396
0 0.6896314233463544 0.28899626308220705 0.04458645459715278 0.03619203005422929
0 0.8776912017473613 0.11053439891541408 0.034993249050069154 0.026762487899751573
0 0.897278962765278 0.21355940496553827 0.02576371941479181 0.032957945745273866
0 0.9411043107891668 0.35082305562946825 0.03659211664124982 0.028334078258831143
0 0.8326358877271531 0.25612870004688226 0.0349568814588892 0.02519998789975162
0 0.26955269984750013 0.16720463895646498 0.03364895459715278 0.03612839754067201
0 0.28439840947864603 0.26791316608382804 0.04146145459715278 0.03617384933607006
0 0.7459613438429173 0.6613752571302787 0.036810322188333446 0.037709078258831144
0 0.542642094889757 0.017220547084854317 0.03364895459715278 0.034441094169708635
0 0.4805278738594446 0.23473653083979623 0.028925087005972294 0.03453862646343318
0 0.8783439648525704 0.9778355284039094 0.030487587005972473 0.03454771682251305