0 0.5242272163081894 0.9585838681603956 0.039580697240056396 0.03173467887824373
0 0.5113669318121904 0.8490008282463037 0.04133411201270896 0.042754066033373304
0 0.5874288254815244 0.7715099140673811 0.03955342370110611 0.03017217887824373
0 0.634870841309837 0.7119401622583588 0.0333034237011061 0.029844630257724703
0 0.6118952171222636 0.6052331388526104 0.028752291395857908 0.03741146879233561
0 0.5751549220729577 0.6955206241532894 0.038181838473758486 0.041027791723114146
0 0.5238378839235108 0.7122854002725711 0.03511138555165925 0.04398901741285464
0 0.45462027962143975 0.733898128675845 0.03837275324641087 0.05196529172311415
0 0.4710344379012703 0.6438939263918529 0.02562729139585791 0.0372476944820761
0 0.4223747954497523 0.6785046217784402 0.028970479707460584 0.049911468792335614
0 0.4293769975610727 0.5420757988476617 0.04629434740221221 0.058624727498762755
0 0.5234388689092724 0.4206334888071819 0.03966251785690744 0.03642217887824373
0 0.7483258206135558 0.4471639320460625 0.027135244317957153 0.034204581637205675
0 0.836828807624617 0.7240329692466208 0.03971706493480838 0.03954717887824373
0 0.8431157637931271 0.7706213642036666 0.02225682954530477 0.023021420171816586
0 0.8352408084353957 0.8570501871344451 0.02557274431795733 0.034122694482076096
0 0.7939515608710278 0.7763258095902538 0.030232970779006683 0.03280585594746519
0 0.79098051947517 0.7405111403229485 0.025381829545304768 0.0231851944820761
0 0.928239417204989 0.36110252205101123 0.0352477532464107 0.05180151741285455
0 0.8151222138791478 0.06284648575496414 0.03322160308425524 0.025157130257724793
0 0.8547165478886797 0.09126805687672035 0.03012387662320535 0.02655585594746528
0 0.6981854987788887 0.48654401458777946 0.027080697240056396 0.03107958163720568
0 0.621636635548364 0.49133773518913726 0.026998876623205346 0.026392081637205855
0 0.48883995210802517 0.3200093690649067 0.03651024431795715 0.034695904567984305
0 0.381235957790068 0.2928061391912947 0.03656479139585782 0.03782090456798422
0 0.3579154602257 0.2111400593631112 0.049337526785361255 0.05410100180902235
0 0.4177950206962812 0.23693459746818063 0.0428420649348082 0.03971095318850324
0 0.7028166773512587 0.3486755223896955 0.033385244317957155 0.034532130257724794
0 0.684896745939515 0.2628165875185579 0.03012387662320535 0.026555855947465366
0 0.6878347853067779 0.20714311963073354 0.04435001785690744 0.036667840343633
0 0.8688824135548364 0.010107625227142616 0.033248876623205345 0.02021525045428523
0 0.894147240664509 0.11031462799847655 0.02401024431795733 0.034040807326946296
0 0.9449848120921391 0.24527612618945427 0.03640115016215582 0.028445904567984303
0 0.830875673294069 0.15898450135879638 0.03322160308425524 0.025157130257724793
0 0.2547847317360554 0.12661897444654507 0.03343979139585782 0.03765713025772479
0 0.2745262617678275 0.22723977216255292 0.03966251785690744 0.03642217887824382
0 0.7615679346548594 0.5786219719601542 0.03343979139585791 0.0376571302577247
0 0.47220010267721796 0.17309010346107442 0.027135244317957153 0.034204581637205765
0 0.9108680998312536 0.8890571036882171 0.028752291395857908 0.037411468792335256