0 0.9999318372903125 0.5117504038653365 0.00013632541937482756 0.03781824874635866
0 0.9076950115865976 0.5245111651481076 0.03997168977951375 0.04019910266556703
0 0.8325300510055211 0.4481556021368416 0.02743532218833309 0.038272889812585476
0 0.7752617584524656 0.402768894298425 0.027289851823611145 0.03202288981258548
0 0.671901022320174 0.4231830312080168 0.03499324905006951 0.02756271034569906
0 0.7602011093261462 0.46010402117888693 0.038300087005972115 0.035466138558944316
0 0.7761904384483337 0.5097546801918024 0.04135235182361115 0.03243206677218975
0 0.7972854948690976 0.577510481524586 0.04927395459715278 0.03734688730530315
0 0.7094400027528824 0.5601207415537157 0.033358013867708355 0.02439224623907634
0 0.7433435304882992 0.607950487792792 0.047493249050069505 0.02792642319868044
0 0.6112031777147575 0.5994212707831755 0.05566942496187508 0.04377874373179384
0 0.4935052250174657 0.5069944268930971 0.03215918977951393 0.03997178213245363
0 0.5181012622521877 0.28910824491892806 0.03343074905006951 0.027517246239076344
0 0.7855231919637153 0.20632580331134057 0.035247822188333444 0.03850021034569897
0 0.8314532878034029 0.20063574445670965 0.019186411094166543 0.019295569279472246
0 0.9136481919637156 0.2100538600544004 0.030233013867708537 0.02430131802583091
0 0.8365051169255905 0.24996815472326633 0.030378484232430482 0.030551318025830908
0 0.8014034183123613 0.251288962324256 0.01925914627652787 0.022420569279472245
0 0.43439514342673624 0.11413332548117132 0.04916485182361115 0.032659387305303114
0 0.14566191137850712 0.22049801959604132 0.024164851823611146 0.03193196159934022
0 0.1728959053945835 0.18303512351524956 0.02409211664125004 0.02880696159934022
0 0.5567286575787851 0.33863688347787246 0.030305749050069507 0.02742631802583091
0 0.5615629343642711 0.4121653116911178 0.024019381458888843 0.02568196159934022
0 0.39666724581902824 0.5393091702291796 0.03361258700597229 0.035329746239076344
0 0.3717783082237158 0.6439822983632826 0.03517508700597229 0.03537521034569906
0 0.2926363220914242 0.6651011289255259 0.04949216014423623 0.046721887305303154
0 0.3162725374221533 0.6072348046314888 0.035320557370694415 0.04162521034569906
0 0.4230985399876045 0.3331872023616332 0.03353985182361115 0.03220474623907634
0 0.3407224510817711 0.3495276047106311 0.024092116641249994 0.02880696159934022
0 0.28599858349059054 0.3463738609788372 0.03379442496187508 0.043142246239076344
0 0.09211803086954876 0.16741247202418147 0.024164851823611146 0.03193196159934022
0 0.19153614941065983 0.14532217484803306 0.03023301386770836 0.02430131802583091
0 0.32158601890170146 0.0975786598043383 0.027362587005972293 0.035147889812585584
0 0.2390300516711113 0.20681961599340215 0.024164851823611146 0.03193196159934022
0 0.2105888479269798 0.7626460671679011 0.03510235182361114 0.03225021034569906
0 0.3077905030372229 0.7459563238318186 0.03372168977951393 0.04001724623907634
0 0.6458807701359724 0.27799255166198794 0.036701219414791805 0.033858174452321685
0 0.03505694538218791 0.49990071159934024 0.035102351823611135 0.03225021034569906
0 0.2549161569131949 0.5539219365265156 0.03343074905006951 0.027517246239076344
0 0.944733231382639 0.1367898562934767 0.03499324905006951 0.02756271034569897