0 0.5316499374078811 0.9290924420750875 0.04636716014423605 0.045839758672817865
0 0.6001473239007632 0.8400213987507689 0.041279616641249996 0.028597714672181595
0 0.6399560127303465 0.7748418414226322 0.03510235182361114 0.031649989337999784
0 0.6018040089306245 0.6681191267504507 0.03212282218833344 0.03786362667090888
0 0.5761117182774299 0.7647214067472691 0.03844555737069442 0.04106135200509069
0 0.5263474544097215 0.7875861947405876 0.03695579255305557 0.044168170671545326
0 0.4584507863817008 0.8172731473981333 0.043423998100139014 0.05361589600572714
0 0.4621953418525341 0.7235413287316789 0.02583645459715278 0.03622840133672707
0 0.41670035068624933 0.7644294107256336 0.030887630508958354 0.051907945337363516
0 0.40511150009690927 0.624412938056952 0.051418336056041625 0.06151930267345414
0 0.4856192305296176 0.4893754140674515 0.04458645459715278 0.036446577339272326
0 0.720793664325208 0.49133045476604087 0.02896145459715278 0.03626476400381797
0 0.8504213872553812 0.7640059807844946 0.04149782218833309 0.03797271467218159
0 0.8625934257243741 0.8118167721196308 0.023983013867708534 0.023710220003181702
0 0.8667886568226727 0.9001707474538125 0.02892508700597247 0.03470226400381797
0 0.8123388525861104 0.8221724694461766 0.03357621941479181 0.03319430800445424
0 0.8045815571832632 0.7861349721116767 0.027144381458888846 0.02530908267027261
0 0.8944695132990275 0.3823838107892671 0.037173998100139015 0.05354317067154515
0 0.7371532014630209 0.09063102076699539 0.034956881458888846 0.025399989337999786
0 0.7803395037997222 0.11535884810626784 0.033467116641249996 0.02850680800445433
0 0.6736270703853815 0.5368878554264503 0.02888871941479181 0.033139764003817976
0 0.5967190782691663 0.5508407200827234 0.028779616641249995 0.02845226400381797
0 0.4355484549784025 0.3911100893936791 0.03833645459715278 0.03637385200509069
0 0.32179507950343716 0.3765016020448616 0.03837282218833336 0.03793635200509069
0 0.28618619424482616 0.2948152500397709 0.052835365691319504 0.055287484006999676
0 0.35137478315065945 0.3143288660486796 0.04465918977951393 0.0395715773392725
0 0.6597126535916316 0.39606286075745034 0.03521145459715278 0.03633748933799978
0 0.629663437310972 0.3105338934197687 0.03346711664125017 0.02850680800445433
0 0.6247408543890624 0.25342991808558696 0.04774782218833344 0.03804544000636332
0 0.7839204051102431 0.028658279439813285 0.03659211664124999 0.028543170671545225
0 0.8237440116835067 0.1307116754455403 0.02576371941479181 0.03310340133672711
0 0.8949078840243402 0.26282528878894895 0.03815461664124982 0.02856135200509069
0 0.7653671608098263 0.18786055677113156 0.034956881458888846 0.025399989337999786
0 0.16914547103031233 0.2199959686903171 0.035247822188333354 0.03789998933799978
0 0.2027554451947567 0.3204141393618623 0.044622822188333355 0.0380090773392725
0 0.7520956028704509 0.6237616941040407 0.036883057370694416 0.04104317067154532
0 0.4247090592705556 0.01744532272436098 0.03321254350298623 0.01756930800445434
0 0.3983601923449651 0.24298112472149747 0.02896145459715278 0.03626476400381797
0 0.9482925767505549 0.9237815174649484 0.03212282218833309 0.0378636266709087