0 0.7015158056198433 0.9527800752184739 0.040081344499482086 0.02301160266556721
0 0.6602486426757272 0.856192231724107 0.045787688998963995 0.04502299498543536
0 0.7146578527671404 0.7646435777257563 0.042080492142117086 0.03243206677218957
0 0.7436325692686945 0.6980865635399913 0.03583049214211727 0.03225021034569906
0 0.6929540190210254 0.6009902546853605 0.0346318651776464 0.04001724623907634
0 0.6816954954473768 0.6951948957515873 0.04258991439185813 0.04336956677218975
0 0.6367661391610706 0.7215360868969565 0.03804796360606986 0.0463581744523216
0 0.5758307932138464 0.7569484011618636 0.04466183664159899 0.05435253087881229
0 0.5669951406088126 0.6680222934817317 0.029871590570540542 0.038318353919208195
0 0.5298975550006707 0.7113463961472988 0.035141287427387445 0.050954746239076344
0 0.5002742133966729 0.579215857746639 0.052765435070022626 0.06082985141192587
0 0.5588593471855692 0.4429540973217977 0.04386131596343468 0.03716503087881229
0 0.7823139638109577 0.42002374802144293 0.03128854135632899 0.03523881802583091
0 0.9423954009478948 0.6657046578922883 0.04407963978475209 0.041852530878812286
0 0.9600580899468589 0.7090000168260614 0.024529119106588126 0.024119461599340218
0 0.9757066687305752 0.7930340360263914 0.029653266749222952 0.03363085391920819
0 0.9130931987143646 0.7252304220780532 0.03434076674922295 0.03376724623907634
0 0.9012995200544827 0.6903696887711007 0.02765411910658777 0.024210389812585477
0 0.9323246182780185 0.2983125694124862 0.039974336641598995 0.05421613855894432
0 0.7441716850700226 0.0378022814075378 0.0356121683207995 0.02756271034569898
0 0.7888313676588459 0.056060536422102736 0.03255994292790554 0.029034282132453626
0 0.7439085893276862 0.4688620647936327 0.03121576674922295 0.03367631802583091
0 0.6720892473094036 0.4889448957515873 0.02943494292790554 0.028943353919208194
0 0.4984248072769823 0.3547470551602142 0.04080909057054072 0.03863660266556703
0 0.38723259615211186 0.35250625673042457 0.0408818651776464 0.04019910266556703
0 0.3431508023145836 0.2794695735026143 0.05410961124870504 0.056187815518548415
0 0.40779549917143043 0.29010554513108433 0.04720463978475227 0.041943459092057725
0 0.7118687231165826 0.3352372225529069 0.03604881596343468 0.03693771034569897
0 0.6706936054577367 0.2574221111118512 0.03255994292790554 0.029034282132453626
0 0.6588078815125847 0.20378864575158734 0.04705909057054072 0.03881845909205772
0 0.8315282899085868 0.06577050554329035 0.02809076674922295 0.03358538981258559
0 0.9168194346557378 0.1837643361055336 0.038955492142117264 0.03234113855894431
0 0.7842573376750565 0.12581910695521614 0.0356121683207995 0.02756271034569897
0 0.2214534307267964 0.21964359560593802 0.037756865177646405 0.0401081744523216
0 0.26722615715314785 0.312188796780437 0.04393409057054054 0.03872753087881238
0 0.8302870450758733 0.5430149671426305 0.039319365177646406 0.04015363855894431
0 0.4372645595532939 0.0047998456059380485 0.030633569892376044 0.009599691211876097
0 0.443510367244561 0.21709394246551733 0.03128854135632899 0.03523881802583091