0 0.466004975 0 0.467010034375 0.0073950578125 0.3736257203125 0.5808437984375 0.256298971875 0.9895867546874999 0.44906082812500003 0.9884639312499999 0.5670659015624999 0.9857173328125001 0.776048534375 0.8298211500000001 0.8330924312500001 0.6132983890625 0.8637228609375001 0.345584246875 0.8232173109375 0.1350344671875 0.8334843859375001 0 0.466004975 0
0 0.2952889212162837 0.08132012234083322 0.08129715756743261 0.16264024468166643
0 0.39198629280407093 0.01669327146715262 0.03165241439185813 0.03338654293430524
0 0.22480729321835566 0.16985659868947908 0.13476041356328866 0.33971319737895816
0 0.06539805996757869 0.36938447321451384 0.13079611993515738 0.18921058320625006
0 0.1864509987616549 0.48731424278180546 0.15172528163641918 0.2751117156150695
0 0.12265805666231902 0.8181291381084026 0.15514568817039448 0.34854921561506946
0 0.07558423511280382 0.5525054445291666 0.15116847022560764 0.15683449430041668
0 0.02562912283064151 0.8669504574469444 0.05125824566128302 0.18172408510611113
0 0.2980605868509961 0.4870577100123955 0.1059718258882322 0.1975672906531946
0 0.2036940409465533 0.7538107585493747 0.10415676881613764 0.22561955547083343