0 0.4261897875 0 0.1946502203125 0.047432665624999995 0.3365621453125 0.3935115515625 0.47937829218749994 0.9204219406249999 0.47683564062499995 0.9941129406250001 0.5190474984375 0.9936217609375 0.840099625 0.9278517578125 0.8044595140625 0.72790185625 0.82282311875 0.5195123109375 0.7684233640625 0.2709368453125 0.6938777890625001 0.07633359843750001 0.5416293750000001 0 0.4261897875 0
0 0.31593197842540166 0.8983620379535475 0.11505801332783516 0.19658519334818117
0 0.41043448469360777 0.9519313859405028 0.047813025864247474 0.08646475867281786
0 0.2244144166677769 0.9837733739656379 0.10389788981258556 0.027762468013999352
0 0.2330489337565357 0.8212279206317742 0.1836669239901033 0.3535806280235441
0 0.07110196978126174 0.6591926393220915 0.14220393956252347 0.1955135893539081
0 0.16838600633471318 0.5205199433084102 0.18470057508545992 0.2817419906906354
0 0.08734923581423504 0.22709775465468235 0.17469847162847008 0.3301794906906353
0 0.06922605845891949 0.4811585459898186 0.13845211691783899 0.17205790802036275
0 0.2744912538274307 0.49741770329409274 0.12925690564770315 0.20143632535009015
0 0.15948133392745553 0.2628983473106374 0.13159229546028878 0.22801700668363561