0 1 0.41381931562499996 0.9266316046874999 0.2818830671875 0.7227037734375 0.20656984843749998 0.464411740625 0.15224683125 0.2513148125 0.172331615625 0.0518586890625 0.13830659218750002 0.0026799781250000003 0.46064914687499997 0.0029655140625 0.5097286984375 0.0710072578125 0.5069834015625 0.6199924109375 0.6503492578125 0.96537883125 0.7868428921875 1 0.559917946875 1 0.41381931562499996
0 0.10236453512239488 0.675 0.19747496369925477 0.103125
0 0.04476059250037894 0.5765625 0.0830670300542293 0.04375
0 0.01774916148763211 0.76796875 0.027153373340175153 0.1015625
0 0.1848775741536146 0.7578125 0.3619010780624395 0.165625
0 0.36320308293421333 0.9265625 0.194559041958086 0.1390625
0 0.49854516441449837 0.82421875 0.2838215298578376 0.1734375
0 0.7951525197024967 0.9125 0.31508062021691713 0.175
0 0.545243423293293 0.928125 0.16802381303532493 0.14375
0 0.8417007876564776 0.990625 0.17823408430895532 0.01875
0 0.5166588392789251 0.71484375 0.20381586729005097 0.11875
0 0.7642110710303566 0.83125 0.23038745764913066 0.1203125