0 0 0.7295526531250001 0.365617053125 0.6386408390625 0.910350971875 0.571789534375 0.9870549140625 0.5852706984375 0.9886671125 0.5160040625 0.9800419171874999 0.2194849921875 0.776536053125 0.22667823281250002 0.57403613125 0.179803746875 0.31929526406250003 0.198632003125 0.1143408015625 0.2446751515625 0 0.400509425 0 0.7295526531250001
0 0.8749862825819786 0.7314060228282396 0.21904224715020817 0.08600701082055266
0 0.9348717352792704 0.6440256947732788 0.09451371941479181 0.03554034639736088
0 0.9507655729508327 0.8344604781593736 0.06311955547083344 0.09552310015828454
0 0.7725684909788535 0.7987860879510766 0.35134690729444457 0.13513849577685805
0 0.5806868494519783 0.9379362295127753 0.18136171561506947 0.12412754097444925
0 0.4616848891552424 0.8210114627864744 0.26737195079743065 0.1498709340192331
0 0.1579592237379337 0.8691544799417403 0.3159184474758674 0.15146217775102713
0 0.402798238794652 0.926162997888429 0.1551992591180557 0.14767400422314197
0 0.10406914485482557 0.9669745513327836 0.1765638064207639 0.06605089733443278
0 0.4571448191511105 0.7137756243066724 0.19131729065319458 0.10237615690134447
0 0.20588948404499935 0.7940240993003547 0.21940592306201392 0.10163201082055266