0 0 0.5875 0.0875 0.5700000000000001 0.6174999999999999 0.6224999999999999 0.9974999999999999 0.7075 0.9974999999999999 0.425 0.85 0.23500000000000001 0.65 0.195 0.4025 0.1825 0.20750000000000002 0.2325 0 0.22999999999999998 0 0.5875
0 0.11875 0.7265625 0.225 0.065625
0 0.06640625 0.640625 0.0890625 0.028125
0 0.04140625 0.8265625 0.0828125 0.0875
0 0.22734375 0.78671875 0.3328125 0.1046875
0 0.4203125 0.92890625 0.16875 0.1265625
0 0.5296875 0.8015625 0.25 0.125
0 0.83828125 0.840625 0.3234375 0.121875
0 0.58984375 0.9078125 0.1390625 0.14375
0 0.8796875 0.9546875 0.16484375 0.08984375
0 0.53046875 0.69765625 0.1796875 0.0859375
0 0.7765625 0.76953125 0.20625 0.0828125