0 0.37227033125000003 0 0.3950118671875 0.3603147921875 0.36161255625 0.932866440625 0.34924067812500004 0.96652036875 0.47371073125 0.9840672015624999 0.7228400749999999 0.9753674125 0.740290609375 0.85554918125 0.8262059921875 0.6552727515625001 0.854566684375 0.3897012828125 0.8457259374999999 0.17062101093749998 0.6837241953125 0.000745315625 0.67843723125 0 0.37227033125000003 0
0 0.20637942288373665 0.8511284464644702 0.10499896590774283 0.20042164065150558
0 0.287457873370204 0.9280331976455966 0.04018071509696401 0.06542659255827132
0 0.08632206736384956 0.9147321333951115 0.09766593262955985 0.04869544954451328
0 0.15460664285196454 0.7513119849390575 0.17992860227018093 0.37793157095872515
0 0.06470084293469008 0.5269692385672546 0.11434669236879251 0.1991865228654907
0 0.19038090705871932 0.4272097968272899 0.18470583116686257 0.2937748257680484
0 0.19776711850553058 0.1388516796742472 0.1924092370110612 0.2777033593484944
0 0.09600756980277683 0.3499875871159758 0.16700804220663673 0.17447918874473983
0 0.10503810186643911 0.06380703965571374 0.09132620373287823 0.1276140793114275
0 0.3008644395261234 0.44211305581296456 0.12860010714144482 0.2106150961864685
0 0.26560918344033874 0.16895829800841622 0.13065353084255094 0.23879465988879933