0 0.33727640000000003 1 0.4582582109375 0.5247950046875001 0.53053831875 0.23002004375000001 0.57921300625 0.023601121875 0.4562556671875 0.01859099375 0.26287429218749997 0.045026765625 0.1683347953125 0.3912567734375 0.1269478328125 0.6184981828125 0.0759120265625 0.77232018125 0.1263004484375 1 0.33727640000000003 1
0 0.5566334911041506 0.888108789543327 0.2923845148871962 0.22378242091334605
0 0.6197733841986718 0.6833774575652857 0.32926808477957226 0.2722994002274614
0 0.6553683200972639 0.4430999674511173 0.2551413800648426 0.2879933844101307
0 0.696468393299409 0.20382656182362946 0.2410403387085136 0.2531090484405755
0 0.8083411929279055 0.06100900353440321 0.1479323858558111 0.06217103064607841
0 0.664809516749223 0.05983913988451919 0.1264940334984459 0.07065469269935694
0 0.8332256846557378 0.24370875699444433 0.08449062406898662 0.10637201680591399
0 0.8010639638109577 0.4739891645990985 0.08954199710451576 0.11437551779449713
0 0.41684970719141984 0.9723418680985084 0.08757708271265781 0.0553162638029832
0 0.5296106488809802 0.5221906067669828 0.10029971463952717 0.1444450197716634