0 0.5638448406250001 1 0.5092995499999999 0.8130189953125001 0.41958734687500004 0.5149163203125 0.2636943171875 0.0122817609375 0.0576373671875 0.0026845031250000003 0.017961996875 0.243913196875 0.08176738125 0.40935352343750003 0.1365476921875 0.6386581125 0.25249225000000003 0.9918756703125 0.3002229328125 1 0.5638448406250001 1
0 0.496069892281615 0.1389492615774273 0.2828602154367699 0.24398555624352505
0 0.5723127628144002 0.36166547766469653 0.3178082184025195 0.2596490975998539
0 0.6227279623966584 0.6035298000382721 0.24226439034162972 0.2810831418516669
0 0.6770494119789164 0.8455760589296123 0.22986254942915885 0.24463621960192583
0 0.7982174633480604 0.9819286660444881 0.14355368182494194 0.03614266791102381
0 0.655344213842352 0.976491995242489 0.12343218281352505 0.04701600951502201
0 0.812362170876165 0.809610787837163 0.07913835475263546 0.10505568114108108
0 0.7662206358186433 0.5781210392849051 0.08408052273741298 0.11152400496239885
0 0.3493487425856262 0.05149414929526499 0.08255251482874763 0.07402400496239872
0 0.4922538952101835 0.5207450711307212 0.09310269566510651 0.141575377997928