0 0 0.9540853171875 0.28466033749999997 0.9940671562500001 0.39369600781249997 0.9488491203124999 0.6243759171875001 0.8878359921874999 0.9566024390625 0.7696435890625 0.98468903125 0.56112465625 0.9881639609375 0.44169904375 0.7880523968750001 0.50540870625 0.48881705468750003 0.60349949375 0 0.7683404234375 0 0.9540853171875
0 0.11145902256554219 0.5345610276748142 0.22291804513108437 0.2816220553496283
0 0.32782685398571526 0.45173863710812656 0.25431439311129084 0.3179415012659444
0 0.5719011144105565 0.39535226096940923 0.27704118778015674 0.24068952050323808
0 0.8145492671552658 0.334223821128361 0.2407399749271754 0.2269345553496283
0 0.9645529303248164 0.20495052729629606 0.0649838054894186 0.14119048439090331
0 0.959543518408907 0.3502357454451306 0.06600073620994636 0.12249504809323426
0 0.7739279303248164 0.19829375561193163 0.10218227711788863 0.07849207694917477
0 0.5409275622198433 0.25037457766696497 0.1101766335443795 0.08501489546082901
0 0.02969689403572769 0.6849578425582714 0.05939378807145538 0.08241568511654282
0 0.4921190230277606 0.5302059214063627 0.14000052586424747 0.09073910580511538