0 0.5446424999999999 0.9071425 0.698215 0.9974999999999999 0.9974999999999999 0.9974999999999999 0.9974999999999999 0.8142849999999999 0.49821499999999996 0.564285 0.225 0.43035750000000006 0.005357499999999999 0.325 0 0.6446425 0.3321425 0.8178575 0.5446424999999999 0.9071425
0 0.8875 0.5515625 0.225 0.24296875
0 0.67109375 0.44140625 0.20703125 0.27890625
0 0.4453125 0.3546875 0.24140625 0.1984375
0 0.22109375 0.26328125 0.20703125 0.19140625
0 0.05859375 0.11796875 0.1171875 0.1234375
0 0.05546875 0.25859375 0.10390625 0.10703125
0 0.27734375 0.13828125 0.09140625 0.0625
0 0.49375 0.21953125 0.0984375 0.06796875
0 0.9515625 0.70703125 0.09609375 0.06796875
0 0.5046875 0.49375 0.1265625 0.06953125