0 0.9386016343750001 1 0.9485869890625 0.8775995765625 0.46558895156249996 0.5930037078125 0.1780103953125 0.426860978125 0 0.3260599125 0 0.6999133796875 0.26080425625000003 0.859526140625 0.4858077203125 0.972422228125 0.5260209 1 0.9386016343750001 1
0 0.8683858953708328 0.6041759330947963 0.22203778163641913 0.27796719028743927
0 0.666540913153513 0.4700042069139797 0.25369019602827725 0.32101850831327017
0 0.42684917452605264 0.3589828242275301 0.28406259263745515 0.23608121865896922
0 0.18893825971990968 0.24331940564770319 0.24605317038771418 0.22405258010002482
0 0.04974098076957763 0.07420202962517117 0.08779971463952717 0.14298913354437942
0 0.03325232082338956 0.2269633167721897 0.06650464164677912 0.12226745658477531
0 0.26242076323456637 0.11011811223247847 0.10491013192686945 0.07483016693047428
0 0.49146610029045024 0.21457124617256929 0.11457623035529281 0.08135295157021041
0 0.9259329139820827 0.7795229255729488 0.06606595574818712 0.07838106426490725
0 0.47898310111901976 0.5161792102791919 0.14597177956950452 0.08538723370266403