0 0 0 0 0.3931161203125 0.0302449578125 0.4477928125 0.1151515375 0.6717308859375 0.2686245265625 0.9889929640625 0.61457885625 0.976911971875 0.524252884375 0.7718492828125 0.39462474687500004 0.4846427078125 0.17061202656250002 0 0 0
0 0.42730090053811925 0.0962834617994897 0.2688356989237615 0.1925669235989794
0 0.5353723039717228 0.2948560767795388 0.30720899420903186 0.23224210344286256
0 0.6163161271738676 0.5330430683420182 0.22450781017246654 0.2652331635169965
0 0.7028014749831185 0.7694765869463398 0.2150214942090317 0.22902284500534228
0 0.851701239665427 0.9218327167132543 0.13874147642635143 0.09844247840045384
0 0.7005925039334506 0.9341293639881819 0.11933650496239885 0.0837252139724832
0 0.8391970473566941 0.7046551403970517 0.07177230024766885 0.10078373920022692
0 0.763248939208361 0.4764334258764141 0.07675089867609267 0.10719743030721922
0 0.26484159594722406 0.029569676953099384 0.07500430810555185 0.05913935390619877
0 0.4700447487616549 0.474972651914615 0.08133139081820957 0.1385565577118811