0 0.6599999999999999 0.13 0.6950000000000001 0.12 0.76 0.1275 0.7625 0.095 0.7275 0.06 0.675 0.03 0.63 0 0.62 0.025 0.64 0.05 0.6224999999999999 0.0775 0.6 0.12250000000000001 0.6599999999999999 0.13
0 0.53 0.135 0.5775 0.1 0.585 0.05 0.5974999999999999 0 0.5425 0.025 0.53 0.065 0.49000000000000005 0.08 0.4875 0.125 0.53 0.135
0 0.315 0.195 0.3325 0.22999999999999998 0.34750000000000003 0.2225 0.375 0.305 0.4025 0.28250000000000003 0.43 0.2975 0.45499999999999996 0.27 0.4325 0.24 0.41500000000000004 0.2125 0.4325 0.205 0.47750000000000004 0.24 0.5349999999999999 0.26749999999999996 0.5974999999999999 0.2325 0.53 0.195 0.5125 0.21749999999999997 0.4625 0.19 0.44000000000000006 0.175 0.475 0.1525 0.41 0.13 0.3875 0.1525 0.3875 0.18 0.35 0.16999999999999998 0.315 0.195
0 0.6359375 0.2109375 0.05234375 0.0375
0 0.1953125 0.1859375 0.0453125 0.07265625
0 0.23515625 0.2234375 0.03515625 0.0421875
0 0.26875 0.18984375 0.0375 0.05
0 0.2875 0.27890625 0.06484375 0.0921875
0 0.1765625 0.3140625 0.04765625 0.09765625
0 0.30859375 0.16484375 0.0625 0.0296875
0 0.75390625 0.2203125 0.0421875 0.0453125
0 0.80625 0.22265625 0.0328125 0.03984375
0 0.9453125 0.0859375 0.1 0.07734375
0 0.88984375 0.19375 0.0546875 0.05234375
0 0.86640625 0.44765625 0.07734375 0.05
0 0.6825 0.6799999999999999 0.74 0.665 0.7275 0.615 0.795 0.62 0.8074999999999999 0.5775 0.7424999999999999 0.5675 0.6950000000000001 0.58 0.665 0.615 0.6825 0.6799999999999999
0 0.86953125 0.56171875 0.0390625 0.0421875
0 0.37421875 0.4328125 0.0359375 0.0375
0 0.63046875 0.51640625 0.0328125 0.0484375
0 0.79921875 0.51015625 0.0296875 0.0671875
0 0.74296875 0.3703125 0.0359375 0.046875