0 0.3368425640625 0 0.3028948953125 0.015526271875 0.2630329640625 0.048501618749999996 0.2620890578125 0.08228315625 0.32988997656249996 0.08041101875 0.364877521875 0.093897421875 0.427525478125 0.091573634375 0.409211528125 0.0430794421875 0.3941549484375 0.013105365625 0.40688600625 0 0.3368425640625 0
0 0.44827950781250003 0 0.4508375421875 0.018073546875 0.45315100468749997 0.0703751953125 0.4983129671875 0.11080281562500001 0.54319635 0.1043170328125 0.545494253125 0.057629454687500005 0.50589534375 0.03852898125 0.49813149375 0 0.44827950781250003 0
0 0.47880765 0.24715520937500002 0.5410455171875 0.223955925 0.5912133734375 0.1918838859375 0.6084363484375 0.2012082953125 0.5874221859375 0.2280208015625 0.5609842609375 0.2569628640625 0.5837702874999999 0.28761442187499997 0.6137363796875 0.2746112625 0.6396404859375 0.3003262296875 0.6769181546875 0.2176304421875 0.6915646468750001 0.2267290265625 0.7133912046875001 0.19217289531249998 0.6800284546875 0.1631992390625 0.640298034375 0.1701366765625 0.6432768249999999 0.141743384375 0.6225256828125 0.1164800703125 0.55309996875 0.1338394578125 0.58673351875 0.16023190468749998 0.5619203890625 0.173686715625 0.5074119671874999 0.197563478125 0.4918137890625 0.1727518171875 0.41818679843749995 0.20537262968749997 0.47880765 0.24715520937500002
0 0.38046875 0.18007764326559222 0.0578125 0.046321620941162586
0 0.8375 0.19397513312261777 0.0546875 0.08064207386326191
0 0.7921875 0.22914106575217766 0.040625 0.047584112012708776
0 0.7609375 0.19140528653118444 0.04375 0.055451159090609534
0 0.7328125 0.28173996023229053 0.0765625 0.10446140340856669
0 0.84375 0.3274597889668164 0.0609375 0.10575116801906326
0 0.72265625 0.16238598823546777 0.06875 0.03870003571381497
0 0.25859375 0.17829872930371873 0.0484375 0.052407979707460584
0 0.2046875 0.17611466639750545 0.0390625 0.04443183847375849
0 0.08828125 0.03399317045469524 0.0890625 0.06798634090939049
0 0.1203125 0.13930618750082382 0.0609375 0.06200116801906326
0 0.11796875 0.4026283478092493 0.0859375 0.0608750446422686
0 0.23246378281250002 0.5381566203125 0.1643920640625 0.5426099671875 0.17267088749999998 0.587619640625 0.2427774890625 0.5885545390625 0.22447909843749997 0.6390495765625 0.2821133796875 0.6597308328125 0.307189528125 0.5942002015625001 0.2800629375 0.555353365625 0.23246378281250002 0.5381566203125
0 0.10234375 0.5208698331987527 0.0453125 0.04922843262955982
0 0.6265625 0.4328133108809137 0.040625 0.04289661201270896
0 0.35390625 0.495385043427748 0.0390625 0.053806838473758486
0 0.18046875 0.47341240625123576 0.0375 0.0725295649348082
0 0.253125 0.3346441866900449 0.0421875 0.05229888555165916