0 0.8936536421874999 0.81480746875 0.9305295765625001 0.7810522718749999 0.9316644390625 0.776390425 0.911706971875 0.762051678125 0.8823644640625 0.775562990625 0.859524975 0.7516584859375001 0.8206851734375 0.7185645046875 0.7989808390625 0.7756157531250001 0.800444359375 0.8124132218750001 0.7775454328125 0.8743716765625 0.8088815265625 0.8847780593750001 0.8516334640625001 0.8589921328125 0.8936536421874999 0.81480746875
0 0.9302231328125 0.6859899453125 0.8939069796875 0.6639338875 0.8887252218749999 0.621005703125 0.8451070578125 0.6075405609375 0.8251273749999999 0.6468048234375 0.8481685625000001 0.7019878390625001 0.8955049640625001 0.721583696875 0.9393396859375001 0.7448616078125 0.9405044124999999 0.7400770796875 0.9302231328125 0.6859899453125
0 0.74824676875 0.6094417703125 0.7872132374999999 0.5670989578125 0.80732738125 0.5486870328125 0.8210729765625 0.5885432625 0.8587103890625001 0.5302553203125 0.8419783187500001 0.5026671109375 0.8149577593749999 0.4959378359375 0.8337428484375 0.4615807828125 0.8175408421875 0.42111279843749994 0.778969971875 0.429723496875 0.7827554421875 0.4462803796875 0.695123515625 0.45308220312499997 0.7106609953125 0.485577621875 0.6893522578125 0.5088967546875 0.7103998625 0.540162071875 0.74525249375 0.525420659375 0.7764541203124999 0.5149747046875001 0.7796422953125 0.5339851921875 0.734501175 0.5695855375 0.6937428203125 0.6192891609375 0.713200234375 0.689193803125 0.7661734296875 0.6321227687500001 0.74824676875 0.6094417703125
0 0.7247920990521052 0.7318618266603648 0.04964043507002262 0.06183161465389268
0 0.8542892779168747 0.30556267751944743 0.08394266046291676 0.06207063206674714
0 0.8082297611676518 0.33604139359824947 0.05196491439185813 0.04480788896415202
0 0.8337541459900052 0.3765369188130202 0.058433238213175545 0.049822937584671045
0 0.7422751213828994 0.37330902023792967 0.1085445541766104 0.0882989393936934
0 0.7344155796122859 0.25620672941932676 0.10923375889134021 0.06963082654882306
0 0.8488311823839354 0.42275017751944743 0.04531680810555159 0.06939845318850324
0 0.6881931654298247 0.8450678335577699 0.05552656203449331 0.05434666327441136
0 0.6732552160917784 0.8967564863167319 0.048767139784752264 0.04308161465389233
0 0.6816434507902975 0.9756212952275873 0.06555653349844608 0.048757409544825235
0 0.43811608271716695 0.900879663047269 0.06806510339082213 0.08929487336031983
0 0.34846410625 0.69985080625 0.32124185 0.661843021875 0.25319400625 0.6631126953125001 0.254194696875 0.7232161078125 0.3063094625 0.7231831296875 0.28526965625 0.7882069421875 0.3240422234375 0.8108747515625 0.3493975640625 0.7495280484375 0.34846410625 0.69985080625
0 0.3249632653059901 0.8753706507227971 0.05225601282028158 0.0510578889641522
0 0.5700875982235356 0.4214555139063516 0.04571491439185813 0.044480340343633
0 0.42699460794344535 0.6520360492978876 0.05665241439185813 0.04505355042954129
0 0.39257245037601274 0.8193939676606817 0.07540241439185813 0.04603619629109836
0 0.543173917911024 0.797526690975573 0.055162688998963996 0.04653416327441153