0 0.0828133125 0.6188969765625 0.0544922609375 0.6366888265624999 0.0289602046875 0.6160184359375 0.018049159375000002 0.620309390625 0.018910771875 0.649921075 0.033762175 0.6724814593749999 0.0642305125 0.726528575 0.099933603125 0.7626495249999999 0.133295403125 0.7602783859375 0.1259879828125 0.6935398640625 0.136457490625 0.6576875375 0.129120225 0.5960793015625 0.0828133125 0.6188969765625
0 0.016429585937499998 0.5646482296875 0.017150968750000002 0.589440540625 0.054820578125 0.5802556515624999 0.1061682359375 0.572858690625 0.1423638046875 0.524329878125 0.132356928125 0.480662728125 0.0861694078125 0.48295924843750004 0.0705397625 0.5239120171875 0.029422835937500003 0.5364989609374999 0.016429585937499998 0.5646482296875
0 0.278286609375 0.5302511171875001 0.2504132640625 0.4710886375 0.21476986718750002 0.4247071078125 0.2225697640625 0.40679586875 0.2506818875 0.42491603749999995 0.2813293078125 0.44818141875000006 0.3096951328125 0.4226941375 0.2944684234375 0.39438800625 0.317718884375 0.36630573125 0.233233278125 0.3375966640625 0.24101825312499997 0.32225056875 0.205210696875 0.30408562968749997 0.1793503234375 0.3398484140625 0.1893870484375 0.3783852734375 0.1611704609375 0.378221115625 0.1379498484375 0.4011731 0.160648134375 0.46800116562499994 0.1839433640625 0.43222345625 0.19919991718750002 0.45539929843750004 0.22711803281249998 0.50686634375 0.20392726875 0.5246880421875 0.2420014984375 0.5941707953125 0.278286609375 0.5302511171875001
0 0.22018005166198792 0.6339788802456742 0.04065374373179385 0.05582410266556703
0 0.1968392107414104 0.18114939693872156 0.07801735141192578 0.05222774122451139
0 0.23556674162022279 0.22224575837977723 0.04640363855894432 0.03881845909205772
0 0.19982546991261044 0.2569079148854102 0.05426160266556703 0.04060827962517113
0 0.29108696740532797 0.27614599670129475 0.09731292069139794 0.0715233105039836
0 0.32843855172849495 0.16246392992910502 0.10306281551854841 0.05451766693047429
0 0.1744223046314888 0.2975245546979958 0.034721992478152594 0.06657974623907634
0 0.22836828787193436 0.754154987925806 0.049755959092057725 0.046721887305303154
0 0.23071804955041686 0.8080385058724948 0.043233174452321686 0.03716503087881229
0 0.08993758834678807 0.9411501857350928 0.08535848997087014 0.08990959765100222
0 0.20038334336135297 0.894149502111571 0.05636967194503919 0.05940374373179367
0 0.4608662022951261 0.8709319963055833 0.0570516335443795 0.08284124373179366
0 0.5848652750000001 0.7449489265625 0.594737840625 0.8117023718749999 0.6384199109375001 0.7991303515625 0.633692559375 0.7298416078125001 0.684920828125 0.7429658 0.7006549375 0.684057021875 0.6340656484375 0.665713 0.59797454375 0.6962858015625 0.5848652750000001 0.7449489265625
0 0.5782810228282396 0.8753346883088822 0.04654003087881229 0.04350595909205772
0 0.4485250458560001 0.3661763001456493 0.04019910266556685 0.04019910266556703
0 0.533597693981856 0.6295508268678265 0.05260817445232178 0.03743781551854859
0 0.5261214777636622 0.8025707897208079 0.07131271034569905 0.03642088479802084
0 0.382896663498755 0.7441852913701605 0.051136602665567035 0.040517351411925875