0 0 0.763428428125 0.000647275 0.7676697078125 0.0069187625 0.7745094828125 0.0457147625 0.8231953843750001 0.086892015625 0.85323024375 0.119681709375 0.8454326078125 0.10191047187499999 0.78036768125 0.1066729828125 0.7430655953125 0.08967979375 0.6830988328125 0.0472412421875 0.7133078 0.02189010625 0.73559245625 0 0.7230892812499999 0 0.763428428125
0 0 0.6851658203125 0.0133315921875 0.6795126546875 0.0632087015625 0.663790709375 0.0915481828125 0.6097058640624999 0.0747259484375 0.5679864125 0.0291752109375 0.577802721875 0.0200863328125 0.6210104421875 0 0.6309296796874999 0 0.6851658203125
0 0.2275933046875 0.5934060765625 0.1905714671875 0.539218278125 0.14783812031250002 0.498987090625 0.152771584375 0.4799323125 0.1835690453125 0.49333480312500005 0.2176967640625 0.5114317203125001 0.241880828125 0.48149981718749996 0.2222883171875 0.455882325 0.24097894062499997 0.42420881093749996 0.1524767875 0.40949216093749996 0.1577992734375 0.3929864640625 0.11934518281249999 0.3807951796875 0.0992694234375 0.420519675 0.11531360937499999 0.457140965625 0.08723931093750001 0.4615820484375 0.0677706421875 0.4881574015625 0.10085512968749999 0.55079991875 0.1183786828125 0.51147915625 0.137193146875 0.5319984843750001 0.1730479140625 0.5785390390625 0.152801196875 0.6000162265625 0.2015879640625 0.6627854140625 0.2275933046875 0.5934060765625
0 0.186156163817699 0.7056236374938141 0.05189569994353027 0.06191350180902226
0 0.09219739234748861 0.260296770126388 0.0863617052052021 0.0652775192218769
0 0.1356897871140516 0.2939214976251508 0.05254814732681177 0.04637038896415202
0 0.1074513950489117 0.3347578595655099 0.06054265785015547 0.049904824739800804
0 0.20042014504891167 0.3396301452957301 0.11281778939195171 0.09158771370395283
0 0.21914630019764408 0.21993179895920328 0.11190773677523325 0.07596271370395283
0 0.08762474246042808 0.3791696008590827 0.047754231513561354 0.07104284034363299
0 0.2129245191923103 0.8245717113291038 0.05778167889684287 0.05599105042954129
0 0.22398384555713932 0.8768711957252716 0.049332142065139896 0.04464411465389233
0 0.10898192988506325 0.9890082683173655 0.10007559471009327 0.021983463365268817
0 0.20772253774933613 0.9666065244796016 0.06788472099021767 0.0667869510407968
0 0.46309955346376447 0.9019408740376884 0.07237479991529554 0.09258364767057933
0 0.566147321875 0.7565316875 0.586470765625 0.8211928796875 0.627913203125 0.8015839765624999 0.612305153125 0.7335662328125 0.6652944484375001 0.7382369453125001 0.6716601625 0.6771856515625 0.6025795671874999 0.6698391859374999 0.571516921875 0.70608045625 0.566147321875 0.7565316875
0 0.5799531244963345 0.88690677351729 0.054383663111827296 0.05113977611928178
0 0.3714992135212329 0.4026668130926975 0.04629814732681172 0.046042840343633
0 0.49654690322376815 0.6505797698992454 0.058798147326811726 0.04669793758467104
0 0.5162238244398647 0.8240106258467106 0.07607665258848365 0.049161196291098365
0 0.3654726665191221 0.7886828782215598 0.05741765785015547 0.049741050429541286