0 0.58363694375 0 0.5760469953125 0.014573739062499999 0.555924165625 0.0644992671875 0.6188552265625 0.0628028671875 0.6545198453125 0.0469942734375 0.7226497203125 0.0445122015625 0.7228861390625 0.0106154734375 0.7093704484375001 0 0.58363694375 0
0 0.4827486828125 0 0.4789601125 0.016222562500000003 0.43846021874999996 0.037971275 0.4391326390625 0.0847541140625 0.484049621875 0.088384790625 0.53089359375 0.0448397890625 0.534434015625 0 0.4827486828125 0
0 0.4718521296875 0.1761829828125 0.417864546875 0.1556902578125 0.393379278125 0.1437624484375 0.4281350578125 0.115067740625 0.35891457187500003 0.102086478125 0.337155828125 0.1288170046875 0.339155278125 0.157166453125 0.29943710625 0.15275010312499998 0.2648630984375 0.184022034375 0.2856037 0.21735329375 0.300654834375 0.207264609375 0.33524665625 0.28799175312499997 0.36220421406250003 0.260475553125 0.39188829687500004 0.27161769062499996 0.41588290937499994 0.239339884375 0.39030703437500003 0.21194874062500002 0.3701117390625 0.1863491453125 0.38776227812499997 0.175867625 0.43709635 0.204877690625 0.498882153125 0.2241919046875 0.561322559375 0.1782898890625 0.48841206093749995 0.15023812812499998 0.4718521296875 0.1761829828125
0 0.600002456083117 0.15066970244292732 0.05939484736759475 0.048005160462916766
0 0.13986356425048502 0.19394043693204938 0.05747024881887364 0.08223461124870504
0 0.18319441279920617 0.22624136062953246 0.0438244110699257 0.04883991439185813
0 0.21578122350631218 0.18650461848741534 0.045714293283910835 0.05828768899896399
0 0.24233131062228797 0.27496565095240405 0.08172620435383653 0.10676373035529281
0 0.12892108585003142 0.32860653536047285 0.0646478317584982 0.10908820967712848
0 0.2567162475529293 0.15339886600621594 0.07005952885594055 0.04070208271265772
0 0.722795115338944 0.14105064578511753 0.050238102176918174 0.053818512820281585
0 0.7775917427436059 0.13537853453641252 0.04059028366526398 0.045569365177646405
0 0.9036507896557137 0.009783644956548002 0.10207342068857272 0.019567289913096003
0 0.8625495853018773 0.09242259305624914 0.0630654843909035 0.06377570967712845
0 0.8563987559056319 0.35790204384203744 0.08806548439090349 0.06494010339082212
0 0.687965196875 0.5212031953125 0.659317071875 0.56199834375 0.6822388921875 0.626256271875 0.7409346328125 0.6017577078125 0.7243022375 0.552177440625 0.7948497484375 0.546725309375 0.804756721875 0.5009483484375 0.7364450796875001 0.5008531984375 0.687965196875 0.5212031953125
0 0.8679314782308175 0.4743617977709788 0.04700397477225664 0.050547963606069855
0 0.3433704770496912 0.4192357276692057 0.04209821996293313 0.04407963978475227
0 0.6162970563611188 0.4658023968185748 0.04091766587924894 0.054944365177646406
0 0.7913615437472469 0.43346927812627173 0.04162699400955035 0.0752568651776464
0 0.7228074951058586 0.29704593466024704 0.043988102176918176 0.05352741439185813