0 0.07115165625 0.24585313125 0.0381497859375 0.2824382890625 0.0375587328125 0.28721231875000003 0.059240782812500004 0.300245278125 0.08706491562499999 0.2845745734375 0.11275639062500001 0.3070366296875 0.15556054375 0.337625309375 0.170627125 0.278650915625 0.164848059375 0.2417016609375 0.1805368046875 0.1777019734375 0.14791175 0.16942970625 0.1080869359375 0.1984041046875 0.07115165625 0.24585313125
0 0.04959728125 0.378137346875 0.08857865937500001 0.39778934375 0.0988026625 0.4406499859375 0.1440954609375 0.45113748749999993 0.159518028125 0.4101946734375 0.1299588765625 0.3562517078125 0.08022114218750001 0.33985281562499997 0.033561346874999995 0.3194998375 0.0329547390625 0.3243995 0.04959728125 0.378137346875
0 0.240947575 0.442403775 0.206856925 0.48778319843749995 0.188855903125 0.5077387390625 0.17040909531249998 0.468574246875 0.1395190578125 0.5299156515625 0.159521271875 0.5565169062499999 0.1873903078125 0.5613904296875 0.1725899015625 0.5973079484375 0.1935702625 0.6369154859374999 0.2312175109375 0.6255296218749999 0.225483346875 0.6091245953125 0.312512346875 0.5961060406249999 0.2931322953125 0.5644794921875 0.3117554765625 0.5394986578125 0.2869972453125 0.5094986609375 0.2537949328125 0.5267959171875 0.22374832968749997 0.539510925 0.21832525 0.5205932515625 0.25939438593749997 0.4815682625 0.29441827656249997 0.42865089687499996 0.26672561250000004 0.3596320484375 0.2203232 0.42082781406249997 0.240947575 0.442403775
0 0.2500025223173366 0.317454101459402 0.04733135698624169 0.058603432629559825
0 0.17007698637463792 0.7564154155834313 0.08326885698624165 0.059230724025417736
0 0.21262658492335912 0.7228040746740408 0.04991071996293313 0.04303297970746058
0 0.1831374923650877 0.6832506509729347 0.05626984736759484 0.046267073863261746
0 0.2751340194069297 0.6793910397710048 0.10590774881887359 0.0814875535707225
0 0.2971950470817439 0.7968921854689336 0.10848711179556503 0.06591710064862326
0 0.1620238949974929 0.6375972317360554 0.04302580290255768 0.06945911201270896
0 0.27322671279135696 0.19996263839103298 0.05487103847458741 0.050927300324311545
0 0.2823363287632733 0.14780980316368536 0.04667659255827132 0.03985343262955987
0 0.16081101442797027 0.021545537742409845 0.09349702885594055 0.039109138798070056
0 0.2643824477304145 0.05848820454365712 0.06317461179556502 0.06512616801906326
0 0.5182093413771451 0.12772299431466186 0.06388393992586608 0.08543866801906326
0 0.6310210484375001 0.32322240625 0.6627577640625 0.359576840625 0.7308076015625 0.35350754375000004 0.7227611625 0.2930583703125 0.6705347828125 0.2967606546875 0.684001059375 0.2298052734375 0.64248613125 0.209710228125 0.6242638390625 0.27326686875 0.6310210484375001 0.32322240625
0 0.6335714465492882 0.14457134942751185 0.0516369110699257 0.047747753246410875
0 0.44170147131369547 0.6198365819776415 0.04366071996293304 0.04292388555165907
0 0.5581349700477511 0.37670596509366866 0.05616071996293322 0.04314207386326192
0 0.5732539946425224 0.20598040786949828 0.07491071996293322 0.04346935633066593
0 0.4244543960938012 0.2377371481302656 0.053090283665263985 0.04465002678536125