0 0.9065200859375 0.3600322546875 0.9263952015625 0.326196671875 0.933359940625 0.2733334 0.9008366609375 0.2420122984375 0.869258140625 0.2353413359375 0.8307297515625001 0.25165276875 0.8005460640625 0.326778325 0.8026829265625001 0.35983048125 0.8852203968750001 0.3718330671875 0.9065200859375 0.3600322546875
0 1 0.094523378125 0.984131328125 0.09117112031249999 0.9736345921874999 0.11340424375 0.980322253125 0.136550840625 0.9556638656249999 0.166659228125 1 0.2089756703125 1 0.094523378125
0 0.9203995218750001 0.8356750765625 0.8773203328125 0.8618920671874999 0.8553083562499999 0.8626754953125 0.8289631843749999 0.9168781078125001 0.8595820765625 0.92877980625 0.911268184375 0.915247940625 0.9555543453125 0.8675520921875 0.960824865625 0.85372348125 0.9634073953125 0.8396466484375 0.9203995218750001 0.8356750765625
0 0.398948471875 0.5788151765625 0.43365321718749994 0.5535458125 0.4406030890625 0.5305634140625 0.46286240625 0.5135318671875 0.4803533203125 0.46289225 0.4655236875 0.45432603125000004 0.47176127343749996 0.4203262484375 0.48589348593750004 0.38799420625000003 0.431110890625 0.3737046515625 0.35117522343749996 0.422019728125 0.31261709375 0.4980929109375 0.3073094 0.5866237062499999 0.33241786093750003 0.6136617 0.385296071875 0.6085318515625 0.398948471875 0.5788151765625
0 0.7623393609375 0.177437265625 0.7503588765625 0.212940590625 0.74079233125 0.2054862 0.7247557312499999 0.21839883906250002 0.70370338125 0.2139515296875 0.6950815953125 0.231147278125 0.6845554234375 0.22892362500000002 0.6680241390625 0.27433250625 0.6565383359375 0.2773395875 0.6459824249999999 0.33487768125 0.6239704484375 0.33566110937500004 0.583987746875 0.3896995203125 0.5808615203125 0.42163985000000004 0.6076418968749999 0.4544644921875 0.5721951265625 0.528478221875 0.5403692640625 0.5380553781249999 0.377213578125 0.503588734375 0.363328703125 0.5196726546875 0.31907228125 0.50760675625 0.29153500781249997 0.5534073515625 0.304183171875 0.6185640359375 0.36470866874999996 0.6313500484375 0.385033859375 0.6546608468749999 0.417572009375 0.656101075 0.46110127500000003 0.6870304625 0.51489450625 0.7663125015625 0.51080865 0.8034835656249999 0.5251584671875 0.8146651515625001 0.5213199546875 0.83558809375 0.54881261875 0.879430121875 0.5894927390625 0.86628996875 0.6579426046875 0.8209819734374999 0.7096287125 0.8074501078124999 0.8338505406250001 0.7114391828125 0.8879357203125 0.6848304765625 0.89801181875 0.62990775 0.8800708281249999 0.6234009875 0.8585535375 0.5916881734375 0.8585684062500001 0.561807296875 0.8875451234374999 0.5081605984374999 0.90669308125 0.49318850625 0.9146025796874999 0.46497537187500004 0.9021314734375 0.4286534140625 0.927617040625 0.274836940625 0.92213635 0.23021148593750002 0.9068269046875 0.22426063593749998 0.9070742453125 0.2080125140625 0.8764553546875 0.196110815625 0.7623393609375 0.177437265625
0 0.799690521875 0.1228429421875 0.878651690625 0.109639475 0.9159879828124999 0.0849260234375 0.9165964125 0.07690436875 0.76191574375 0.044228071875000004 0.759055009375 0.0463404703125 0.7552016265625 0.0971442890625 0.799690521875 0.1228429421875
0 0.6625434484375 0.22970705156250001 0.7290591875 0.2247414015625 0.7393528890625001 0.21333230468750003 0.7252652828125 0.1560217234375 0.7202495375 0.13866177500000001 0.700636634375 0.1263683625 0.70351551875 0.1106761546875 0.6185789749999999 0.11175040781250001 0.6015827453125 0.12989378437500002 0.5996337484375001 0.200117003125 0.6625434484375 0.22970705156250001
0 1 0.448139109375 0.981598134375 0.4573943546875 0.94232771875 0.522450153125 0.930812178125 0.5852189828125 0.9482584828125 0.6242219875 0.9953937921874999 0.62059568125 1 0.6183295281250001 1 0.448139109375
0 1 0.24020893906250002 0.9675848734375 0.25067940312500003 0.9404976765624999 0.3536263796875 0.9416749078125 0.3919092703125 0.9847392296875 0.3955731515625 1 0.408536178125 1 0.24020893906250002
0 0.403335709375 0.8975992375 0.4375457734375 0.9048261140625 0.44615269062499996 0.9175112390625 0.47127602187499995 0.914668359375 0.48468108125000003 0.9011998046875 0.50026760625 0.831140784375 0.4907010625 0.8236863953125001 0.490963271875 0.7775573984374999 0.441458634375 0.7344987984375 0.42257288437499996 0.703341896875 0.38836282031249997 0.6961150203125 0.35675456250000004 0.7492058046875 0.3519118125 0.8650021078125001 0.38612187656249997 0.872228984375 0.403335709375 0.8975992375
0 0.6994789031249999 1 0.70164486875 0.9850676125 0.6796477609375 0.955970165625 0.6054847343749999 0.9430199531250001 0.576755359375 0.98041853125 0.573162953125 1 0.6994789031249999 1
0 0.3480732984375 0.8859250515625 0.28873990312500003 0.88154105625 0.2736629296875 0.8892229578125 0.26719287187499996 0.9095899875000001 0.2863259640625 0.92449876875 0.337284915625 0.9298303921875 0.356432875 0.9148582984375 0.3480732984375 0.8859250515625
0 0.11720977343750001 0.8480220375 0.07222619218750001 0.854819628125 0.05786150625000001 0.8735189171875 0.05114410781249999 0.9101340671875 0.1748266453125 0.9362620078124999 0.1786651578125 0.9153390625 0.15643558125 0.8726088624999999 0.11720977343750001 0.8480220375
0 0.28975900781249997 0.756786821875 0.2818792484375 0.7252382078124999 0.26752942968750004 0.714056621875 0.20867584843749998 0.7070572578125 0.18686660625 0.7812351859375 0.1954735234375 0.7939203125 0.2512157484375 0.8029791312500001 0.266292721875 0.7952972265625 0.28975900781249997 0.756786821875
0 0.530164778125 0.37017923124999996 0.5854420578124999 0.3519725421875 0.6041102031250001 0.3396158171875 0.59623044375 0.3080672015625 0.6084434015625 0.28619663281249996 0.6091705562499999 0.2673331421875 0.5938611109374999 0.26138229218750003 0.58598135 0.22983367812500002 0.569712275 0.2291135640625 0.505798340625 0.294396875 0.496681871875 0.34408886562499996 0.530164778125 0.37017923124999996
0 0.1064957328125 0.7425230078125 0.10675794375 0.6963940109375 0.0950396703125 0.6857683406249999 0.0195650125 0.6724058875 0.0240327296875 0.825951346875 0.04905185625 0.7874392875 0.1064957328125 0.7425230078125
0 0.8208806890625 0.811934990625 0.787877596875 0.7832292578125 0.7280495171875 0.811341503125 0.6861624265625 0.8459605124999999 0.6859002140625 0.8920895078125 0.738283740625 0.9194559015625 0.7746604015624999 0.8999731859375 0.8208806890625 0.811934990625
0 0.8965277687500001 0.7273964765625001 0.9032005578125 0.7804239484375 0.925677478125 0.8069060296874999 0.96851331875 0.811815321875 0.9904533921875001 0.6922245124999999 0.9635381921875 0.6899345859375 0.923337884375 0.700459371875 0.8965277687500001 0.7273964765625001