0 0.1349162109375 0.23486140937500002 0.1310392125 0.287632815625 0.14340468125 0.325363078125 0.16155375 0.3422066078125 0.2434411828125 0.35179560625 0.2521165875 0.3204655078125 0.2380908140625 0.24026856093750001 0.20425345312499998 0.2146566515625 0.1725074203125 0.2129929125 0.1349162109375 0.23486140937500002
0 0 0.1763702015625 0.07573216875 0.160244003125 0.1347952734375 0.1262571546875 0.1170772265625 0.09089510625 0.12815183593749999 0.07028566562500001 0.1136950390625 0.008607234375 0.10714285781249999 0.00561511875 0.035052909375 0.0018370453124999999 0.034329959375 0.0044478875 0.021164021875 0.001109159375 0 0 0 0.1763702015625
0 0 0.8116898125 0.027668825 0.859638465625 0.0747337015625 0.8859435984375 0.10660288124999999 0.88231633125 0.0920845109375 0.823283403125 0.071043640625 0.8168832390625 0.034807075 0.7805506765625 0 0.7746153109375 0 0.8116898125
0 0.5399177796875 0.5871778453125 0.5579437 0.6093123828125 0.560035028125 0.6332605499999999 0.5883966609375 0.6665316765625 0.595594271875 0.69869364375 0.6454893734375 0.7172009125 0.6750825015624999 0.6975619843749999 0.6876964796875 0.6108149765625 0.6657957718749999 0.5275565906249999 0.598490496875 0.46045975937500006 0.5428733671875 0.46019371875 0.550009403125 0.4950011890625 0.54920893125 0.5293927234375 0.5332127671875 0.5338518578125 0.5399177796875 0.5871778453125
0 0.5549881109375 0.736296509375 0.58661099375 0.7432512531250001 0.6108515406249999 0.7259805390625 0.6716981015625 0.7291693718750001 0.6969238437499999 0.669570615625 0.679575246875 0.6183355500000001 0.6345401265625 0.6186240890625 0.6243891390625 0.599550990625 0.46036797500000004 0.59095500625 0.43163689375000003 0.573556896875 0.41232011718750006 0.4930826578125 0.44468189531249996 0.4682913703125 0.4480662953125 0.43668398281250004 0.4203819859375 0.374312328125 0.3993411140625 0.3679121640625 0.400695759375 0.30971110625 0.3902368984375 0.30386552031249997 0.38340873593749997 0.25583053906250003 0.372826725 0.255275959375 0.36796674375 0.23648015 0.346802721875 0.23537099062500003 0.3339446578125 0.2188047515625 0.323239496875 0.2235411765625 0.3188105390625 0.18622684843749998 0.20517707500000001 0.1749741125 0.1733078921875 0.17860137812500002 0.1702929421875 0.19433575 0.1543583515625 0.1961493828125 0.1401456421875 0.23778419999999997 0.1338918578125 0.39267201093750004 0.1146098140625 0.4245057296875 0.1165779921875 0.45374490312500004 0.132019984375 0.473095290625 0.149183859375 0.5322668640625 0.14321553125 0.561090103125 0.1161447578125 0.5861586812499999 0.0975646640625 0.5878336671875 0.09627159375 0.6433892234374999 0.143028596875 0.6829218703125 0.2434323359375 0.807376640625 0.290497209375 0.8336817734374999 0.347343621875 0.89493301875 0.38388806249999996 0.9180380687499999 0.4191416421875 0.882803415625 0.41963424062500004 0.8616393953125 0.43569198125 0.8545347578125 0.43919953125 0.8176363640625001 0.506876465625 0.754964921875 0.5549881109375 0.736296509375
0 0.1893678453125 0.057601481249999996 0.2203749796875 0.091011253125 0.29377173125 0.12399383906250001 0.3417602265625 0.11061643125000001 0.3482211515625 0.060629171875 0.31090955 0.016294079687499997 0.195488721875 0.0102451296875 0.1893678453125 0.057601481249999996
0 0.3884556546875 0.15279458125 0.3671069078125 0.1596219296875 0.3588009515625 0.175079009375 0.3337599328125 0.226741259375 0.3413885671875 0.24038470625000002 0.40444960625000004 0.262230703125 0.470956621875 0.2498238109375 0.48313957656250006 0.181595321875 0.4704046609375 0.15973807499999998 0.38882510312499996 0.1369215640625 0.3884556546875 0.15279458125
0 0 0.549104053125 0.00564939375 0.5538805671875 0.050315065625 0.56946504375 0.0749250609375 0.5363213140624999 0.0764028546875 0.4728292515625 0.051610346875000004 0.40001422968749994 0 0.35563348437500003 0 0.549104053125
0 0 0.3522629828125 0.0368456765625 0.3515633125 0.060963075 0.339583603125 0.10316796718750001 0.3470929265625 0.111966521875 0.3104718265625 0.1064930046875 0.204235784375 0.051676346875 0.1695782109375 0 0.186406978125 0 0.3522629828125
0 0.4515012109375 0.9719073874999999 0.475126009375 0.9810917 0.48595431875 0.97106426875 0.520345853125 0.9728666515625 0.5420024734375 0.952811790625 0.5763940078124999 0.954614175 0.5949147375 0.8416894312500001 0.5751053609375 0.7823792140625 0.5407138265625 0.7805768296875 0.5162885562499999 0.8057840515624999 0.45999410156250004 0.8346185390624999 0.4510108234375 0.8791761499999999 0.44030566406249994 0.8839125749999999 0.4412886484375 0.9554797921875 0.4515012109375 0.9719073874999999
0 0.3329158390625 1 0.3165805765625 0.9648364968750001 0.24256807500000002 0.9583089359375 0.2155588765625 0.9807320109375001 0.214394521875 1 0.3329158390625 1
0 0.6470970265625 1 0.64689895625 0.9980401265625 0.63391774375 0.98676489375 0.575901409375 0.9757781953125001 0.562885675 1 0.6470970265625 1
0 0.6728020234375001 0.9093408421875001 0.6857832375 0.920616078125 0.74127721875 0.926173121875 0.7521055265625 0.9161456906250001 0.7459546875 0.8390101796874999 0.6878767796874999 0.8306689875 0.6718190390625 0.837773625 0.657914203125 0.8661809296874999 0.6728020234375001 0.9093408421875001
0 0.49396567343750003 0.2854631484375 0.4781542328125 0.2819857765625 0.464249396875 0.31039308125 0.44831480625 0.312206715625 0.44523828125 0.3305865875 0.452620615625 0.354812046875 0.4387157796875 0.38321934999999996 0.454219346875 0.39992423593750004 0.503806575 0.43165901875 0.5412746359375 0.4150815296875 0.54244455625 0.3648169796875 0.49396567343750003 0.2854631484375
0 0.9779445453125 1 0.98047200625 0.891410046875 0.9779584484375 0.8856024671875 0.9808810375 0.8738363515625001 0.9811375999999999 0.8628134218750001 0.959809378125 0.8687589375 0.93895323125 0.854422265625 0.8596497265625 0.8476174140625 0.8462374890625 0.8548606984375 0.8372542109375001 0.8994183078125 0.8835801875 0.9574694718750001 0.899576 1 0.9779445453125 1
0 0.25832015468749997 0.850536553125 0.22491381718749998 0.8064061265625 0.172927384375 0.7639506890625001 0.13539774843750002 0.7831736796875 0.1622815875 0.8799368703124999 0.193411871875 0.9080556359375 0.2493368765625 0.8950941625000001 0.25832015468749997 0.850536553125
0 0 0.7461993828125 0.035484396875000004 0.751450146875 0.062432021875 0.7316725749999999 0.0794749578125 0.68223989375 0.0590498328125 0.649384703125 0.0224438203125 0.6289251546875 0 0.624931828125 0 0.7461993828125