0 0.2425 0.3325 0.25 0.3025 0.23500000000000001 0.22749999999999998 0.20249999999999999 0.205 0.17250000000000001 0.205 0.1375 0.22749999999999998 0.135 0.27749999999999997 0.14750000000000002 0.3125 0.16499999999999998 0.3275 0.2425 0.3325
0 0.135 0.125 0.11750000000000001 0.0925 0.1275 0.0725 0.1125 0.015 0.075 0 0.04 0.005 0.0375 0.015 0.0125 0.01 0 0.0125 0.005 0.18 0.08 0.16 0.135 0.125
0 0.095 0.845 0.125 0.8400000000000001 0.11000000000000001 0.7849999999999999 0.09 0.78 0.05500000000000001 0.7474999999999999 0.0125 0.7424999999999999 0.017499999999999998 0.77 0.05 0.8225 0.095 0.845
0 0.5275000000000001 0.54 0.545 0.5599999999999999 0.5475 0.5825 0.575 0.6125 0.5825 0.6425 0.63 0.6575 0.6575 0.6375 0.6675 0.5549999999999999 0.645 0.47750000000000004 0.58 0.4175 0.5275000000000001 0.42000000000000004 0.5349999999999999 0.4525 0.5349999999999999 0.485 0.52 0.49000000000000005 0.5275000000000001 0.54
0 0.1525 0.5349999999999999 0.1275 0.5599999999999999 0.11000000000000001 0.5625 0.11000000000000001 0.615 0.155 0.65 0.2525 0.7625 0.2975 0.7849999999999999 0.3525 0.8400000000000001 0.3875 0.86 0.42000000000000004 0.825 0.42000000000000004 0.805 0.43499999999999994 0.7975 0.4375 0.7625 0.5 0.7 0.545 0.6799999999999999 0.575 0.6849999999999999 0.5974999999999999 0.6675 0.655 0.6675 0.6775 0.61 0.6599999999999999 0.5625 0.6174999999999999 0.5650000000000001 0.6075 0.5475 0.4525 0.5475 0.425 0.5325 0.40499999999999997 0.4575 0.43499999999999994 0.4325 0.4375 0.4025 0.41 0.34500000000000003 0.39 0.33999999999999997 0.39 0.28500000000000003 0.38 0.27999999999999997 0.3725 0.23500000000000001 0.3625 0.23500000000000001 0.35750000000000004 0.21749999999999997 0.3375 0.21749999999999997 0.325 0.20249999999999999 0.315 0.20750000000000002 0.31 0.17250000000000001 0.20249999999999999 0.1675 0.17250000000000001 0.17250000000000001 0.16999999999999998 0.1875 0.155 0.19 0.14250000000000002 0.22999999999999998 0.13999999999999999 0.3765 0.12250000000000001 0.40750000000000003 0.125 0.43499999999999994 0.13999999999999999 0.4525 0.1575 0.5075000000000001 0.1525 0.5349999999999999
0 0.20750000000000002 0 0.19 0.01 0.185 0.057499999999999996 0.215 0.0875 0.28500000000000003 0.11499999999999999 0.32999999999999996 0.1 0.335 0.052500000000000005 0.2875 0 0.20750000000000002 0
0 0.45499999999999996 0.225 0.465 0.16 0.4525 0.13999999999999999 0.375 0.12250000000000001 0.375 0.1375 0.355 0.145 0.34750000000000003 0.16 0.325 0.21000000000000002 0.3325 0.2225 0.39249999999999996 0.24 0.45499999999999996 0.225
0 0.0875 0.515 0.0875 0.45499999999999996 0.0625 0.3875 0.0025 0.33999999999999997 0 0.5175 0.0225 0.5349999999999999 0.065 0.5475 0.0875 0.515
0 0.06999999999999999 0.32999999999999996 0.11000000000000001 0.335 0.11750000000000001 0.3 0.11000000000000001 0.2 0.057499999999999996 0.16999999999999998 0.005 0.19 0 0.3375 0.0125 0.34500000000000003 0.0475 0.34249999999999997 0.06999999999999999 0.32999999999999996
0 0.4525 0.9075 0.475 0.915 0.485 0.905 0.5175 0.905 0.5375 0.885 0.5700000000000001 0.885 0.585 0.7775000000000001 0.5650000000000001 0.7224999999999999 0.5325 0.7224999999999999 0.51 0.7474999999999999 0.4575 0.7775000000000001 0.45 0.82 0.44000000000000006 0.825 0.4425 0.8925000000000001 0.4525 0.9075
0 0.325 0.9075 0.255 0.905 0.22999999999999998 0.9275 0.22749999999999998 0.9949999999999999 0.34500000000000003 0.9949999999999999 0.34500000000000003 0.9475 0.325 0.9075
0 0.64 0.9425000000000001 0.6375 0.9225 0.625 0.9125 0.5700000000000001 0.905 0.5575 0.93 0.5725 0.9475 0.62 0.9525 0.64 0.9425000000000001
0 0.8275 0.93 0.7875 0.915 0.7474999999999999 0.93 0.72 0.9650000000000001 0.72 0.9974999999999999 0.8375 0.9974999999999999 0.8375 0.95 0.8275 0.93
0 0.725 0.85 0.735 0.8400000000000001 0.7275 0.7675 0.6725 0.7625 0.6575 0.77 0.645 0.7975 0.6599999999999999 0.8375 0.6725 0.8474999999999999 0.725 0.85
0 0.49000000000000005 0.395 0.525 0.3775 0.525 0.32999999999999996 0.47750000000000004 0.2575 0.4625 0.255 0.45 0.28250000000000003 0.43499999999999994 0.28500000000000003 0.4325 0.3025 0.44000000000000006 0.325 0.42750000000000005 0.3525 0.4425 0.3675 0.49000000000000005 0.395
0 0.9199999999999999 0.9625 0.9425000000000001 0.9625 0.9650000000000001 0.8925000000000001 0.9650000000000001 0.8375 0.9475 0.8 0.9525 0.7775000000000001 0.93 0.7849999999999999 0.9099999999999999 0.7725 0.835 0.77 0.8225 0.7775000000000001 0.8150000000000001 0.82 0.86 0.8724999999999999 0.8875 0.9400000000000001 0.9199999999999999 0.9625
0 0.26749999999999996 0.8025 0.23500000000000001 0.7625 0.185 0.725 0.15 0.745 0.1775 0.835 0.20750000000000002 0.86 0.26 0.845 0.26749999999999996 0.8025
0 0.08 0.7 0.095 0.6525000000000001 0.075 0.6224999999999999 0.04 0.605 0 0.6 0.0025 0.7150000000000001 0.05500000000000001 0.72 0.08 0.7