0 0.3002155375 0.16396059062499999 0.2617720421875 0.1524063140625 0.20911786718749997 0.1575391484375 0.1891927 0.1958568828125 0.19253075 0.22774584999999997 0.21996652343749998 0.26117829375 0.3010340671875 0.27340964687499997 0.3319589609375 0.26395215156249996 0.3180424359375 0.1818198609375 0.3002155375 0.16396059062499999
0 0.0439149125 0.15458329843750002 0.06397516875 0.1429634734375 0.10032838749999999 0.159956346875 0.1312612734375 0.0997604453125 0.142806309375 0.027119117187500003 0.0011783125 0.0337424578125 0.0051144078125 0.1464574671875 0.0439149125 0.15458329843750002
0 0.7444625140625 0.017327557812499998 0.7504346296875 0.0441001109375 0.78873504375 0.07969488125 0.7962536453125 0.100706653125 0.8561482484375 0.11392817343749999 0.8581034359374999 0.0817916640625 0.8292768078125 0.0350721515625 0.7987384718749999 0.01859084375 0.7444625140625 0.017327557812499998
0 0.6653767984375001 0.6035258515625 0.6305575140624999 0.57577955 0.6064597859374999 0.574236075 0.5833396546875 0.556624346875 0.5295727968749999 0.551127525 0.5259485875000001 0.5673195515625 0.49154256093750004 0.5689285749999999 0.456302025 0.56256535625 0.4594969921875 0.6184948203125 0.5302482453125 0.684617078125 0.6147969171875001 0.704696903125 0.7010226046875 0.6899828015625 0.719135665625 0.6597610796875 0.6979707187499999 0.6100128406249999 0.6653767984375001 0.6035258515625
0 0.1700860640625 0.343623675 0.2076950453125 0.347205709375 0.20351449531250002 0.35808290625 0.2207850515625 0.37062735 0.22301041718749998 0.39188666250000004 0.24209308125 0.3963350921875 0.2432057640625 0.4069647484375 0.2916793875 0.41270911093749996 0.2980853046875 0.423091225 0.3563108828125 0.4203682625 0.36382948437499996 0.44138003281250004 0.42776155937500004 0.46776485156250003 0.459242796875 0.46362218437499997 0.48237092031250006 0.43049550625000005 0.5639948046875001 0.44804168750000006 0.5829343859375 0.47653061562500004 0.6001809671875 0.6412902796875 0.6198199718749999 0.6510535390625 0.6219022578125 0.696353346875 0.6741351812499999 0.71260359375 0.7325038421875 0.6858401359374999 0.726105915625 0.6247196140625 0.7421287000000001 0.599936490625 0.7334974171875001 0.5682950640625 0.7496632828124999 0.519471446875 0.8088744484375001 0.44994182031249996 0.84564891875 0.4455516109375 0.851919746875 0.42923581562499996 0.8730926859375 0.42824564687500005 0.906529109375 0.3919664703125 0.8814617796875 0.35575284375 0.817116446875 0.3000127 0.78828981875 0.2532931875 0.6583433828125 0.155223740625 0.61628366875 0.109123084375 0.5607047046875 0.1117222765625 0.5600052828125001 0.13044794375 0.5363208171875 0.15825979375000002 0.50776436875 0.164936103125 0.44759159375 0.14905717031250001 0.427396246875 0.13397908281249998 0.3980052875 0.13268315 0.3671344265625 0.15281980781249999 0.21232082343749997 0.1627302046875 0.1713658015625 0.17799761249999999 0.1703882078125 0.19406586718750002 0.154786675 0.19746590625 0.1528314890625 0.22960241718750002 0.1700860640625 0.343623675
0 0.045830140625 0.376138825 0.095559528125 0.3684723484375 0.10643215937499999 0.3198962703125 0.069530590625 0.24685015937500002 0.034433134375 0.21644644531249999 0.0077023828125 0.22056736406250002 0.0122112859375 0.3496854578125 0.045830140625 0.376138825
0 0.2507243640625 0.42797651718749996 0.2255219453125 0.36506497968749996 0.211454346875 0.3577115921875 0.16102553749999998 0.3841037390625 0.145980346875 0.39281860625 0.140265859375 0.41444923281249996 0.12438615625 0.41519185937499997 0.15153576875000002 0.4967052953125 0.174099559375 0.5090021953125 0.24179892656250002 0.49515449375 0.2507243640625 0.42797651718749996
0 0.4825396171875 0.011231234375 0.322688065625 0.0187068125 0.3701562515625 0.06989538281249999 0.4443966265625 0.09312770468750001 0.5079154406249999 0.0901571984375 0.5398179296875 0.0646314515625 0.5218559421875 0.02007426875 0.5144660015625 0.0119743296875 0.4825396171875 0.011231234375
0 0.1769451984375 0.12966907656249999 0.283644403125 0.1326904765625 0.31986253124999997 0.12298544062500001 0.3101185671875 0.080714359375 0.3208481171875 0.0561787765625 0.3196003453125 0.018851210937499998 0.1524853671875 0.02666646875 0.1393442078125 0.07534863593749999 0.1769451984375 0.12966907656249999
0 0.9686330953125 0.5279241171875 0.9650168765625 0.4933777375 0.9744906625 0.48225299687499995 0.9640472750000001 0.45870758437500003 0.9470548875 0.448820553125 0.8753180515625001 0.449504959375 0.8711374984375 0.46038215625 0.82697951875 0.47045850624999996 0.8010616953125 0.5277494515625001 0.7770990578125 0.5529038875000001 0.7807152765625001 0.5874502703125 0.8411662234374999 0.60598661875 0.9533017421875 0.5847199796875 0.949685521875 0.5501735984375 0.9686330953125 0.5279241171875
0 0.9944318125 0.3424584484375 0.999725046875 0.34221090625 0.9868261703125001 0.21898563593749998 0.960463021875 0.2212075734375 0.9394251734375001 0.248895653125 0.9498605703124999 0.32317947187499996 0.9944318125 0.3424584484375
0 1 0.5695410078124999 0.9995499984375 0.56920503125 0.97447468125 0.5837298109375 0.9885342874999999 0.64182160625 1 0.6540671828125 1 0.5695410078124999
0 0.8690152578125 0.668774384375 0.8412933203125 0.6834229359374999 0.83502249375 0.6997387328125 0.8464354828125 0.7579543 0.9240218953125 0.7623371796875 0.9334956828125 0.751212440625 0.92500748125 0.6955305187499999 0.913030159375 0.6827385328125 0.8690152578125 0.668774384375
0 0.4256632921875 0.5239418578125 0.391265259375 0.4748124734375 0.37371653125000004 0.45961061562500005 0.34599459375 0.47425916875 0.3213405265625 0.4674008640625 0.30309237499999997 0.470924675 0.30211478125 0.48699293125 0.274392846875 0.5016414828125 0.2787084875 0.5174621968750001 0.36074563125000003 0.5643637 0.4110313609375 0.56201205 0.4256632921875 0.5239418578125
0 1 0.903209909375 0.9723364562500001 0.8935988546875 0.9117504203125 0.8483645953125001 0.8675924390624999 0.8584409453124999 0.8610434390625 0.8720993265624999 0.8720351781250001 0.9516979765625001 0.8874936296874999 0.9723384328125 0.8820573140624999 0.9966264703125001 0.905320528125 0.9901977046875 0.9172195140625 0.994982084375 1 0.9911107921875001 1 0.903209909375
0 0.758358496875 0.1452056125 0.74107995 0.1833995765625 0.7863426234374999 0.234691290625 0.8323047171875 0.26725733281249997 0.8764627 0.25718098437500003 0.8865008203125001 0.200632665625 0.8566965984375001 0.169981409375 0.758358496875 0.1452056125
0 0.59790841875 0.0352105765625 0.62032913125 0.071547975 0.6543139046875 0.091322034375 0.7029306078124999 0.0730259 0.7213218390625 0.0454615921875 0.7155484125 0.0166545734375 0.592973409375 0.013801609375000001 0.59790841875 0.0352105765625