0 0.13382679375 0.8071356453125 0.18428279218750002 0.822065803125 0.222960634375 0.8180022062500001 0.24239885781249998 0.8038922390625001 0.2657697015625 0.726190971875 0.23691026874999999 0.7111214203125 0.15680699843749998 0.7078244828125 0.12617657499999999 0.7353555296875001 0.11910574375 0.7659128109375 0.13382679375 0.8071356453125
0 0 0.918896759375 0.054104309375000006 0.9303324359375 0.051363296875 0.8489857484375 0.028594825 0.7842954625 0 0.791788840625 0 0.918896759375
0 0.75442646875 1 0.756184740625 0.9715683921875 0.696499565625 0.97322494375 0.686681153125 0.9923580937500001 0.675210653125 1 0.75442646875 1
0 0.5447803343750001 0.48728923125 0.5693230828125 0.4744176390625 0.592882675 0.4774438703125 0.6299914109375 0.45686326250000003 0.6623862593750001 0.4566541734375 0.6888953156250001 0.411986925 0.67495881875 0.379022596875 0.593091125 0.3484037015625 0.5086678859375 0.3521269 0.43209346875000004 0.4034738796875 0.42227177187500003 0.45756830624999995 0.4572188828125 0.457978403125 0.49039828593749996 0.4660278203125 0.49196739218749996 0.4825448328125 0.5447803343750001 0.48728923125
0 0.6918316453125 0.5041385609375 0.704007 0.47481965156249994 0.6914442937499999 0.447567390625 0.7049967234375 0.3889992671875 0.651597828125 0.3518400296875 0.5989802015625 0.3579005796875 0.5915154499999999 0.40180924687499997 0.5712926734375 0.40766070625 0.5347600375 0.565539990625 0.5129648718750001 0.5898357171875 0.4316831296875 0.5916316609375001 0.41323134687499996 0.5548825203125001 0.3831934421875 0.5449058484375 0.31800982499999997 0.5586754140625 0.3081914125 0.5778085625 0.252041653125 0.564186471875 0.2445801875 0.5731338609375001 0.1968717671875 0.5696278359375 0.19451482343749998 0.5798135953125 0.17547051875 0.5805721734375 0.17075663125 0.6009436953125 0.1524968796875 0.6099607812500001 0.155244459375 0.6213849125 0.118334321875 0.617809190625 0.08789265 0.726067740625 0.085926340625 0.75786339375 0.100650675 0.76412495 0.09966752031250001 0.7800227750000001 0.1375575265625 0.8026619515625001 0.28653082812499997 0.8414926859375 0.3140542234375 0.866995671875 0.34271833749999997 0.871260275 0.3641195859375 0.8603159359375001 0.424393996875 0.8561129453125 0.4512904046875 0.8680168703125 0.4709206609375 0.8996731312499999 0.46934826875 0.9181173984375001 0.5229457671875 0.9311203015625 0.5692836796875 0.8939529828125 0.7071156640625 0.8225051859375 0.7406922687499999 0.7822419375 0.809805221875 0.7398423453125 0.83847261875 0.709145671875 0.810401025 0.6673733484375 0.7899829281249999 0.6624198609375 0.785861559375 0.6452836625 0.7507191328125 0.6340686203125 0.701643490625 0.5549279703125001 0.6918316453125 0.5041385609375
0 0 0.6991450515625 0.009166453125 0.6935215921875 0.053739940625 0.6290323140625 0.04903261875 0.5794812765625 0.0017181203125 0.562623865625 0 0.563562025 0 0.6991450515625
0 0.097922796875 0.5429331453125 0.1008656921875 0.5651622234375 0.1144115546875 0.576516659375 0.1601536640625 0.6118183390625 0.1746826796875 0.6072749484375 0.20669017968749998 0.5504946859375 0.206107509375 0.48311856875 0.1421056484375 0.456833975 0.118741375 0.46461268906250003 0.082609225 0.539218028125 0.097922796875 0.5429331453125
0 0.42089481093750003 1 0.44342845000000003 0.9602382046875 0.41555217187500004 0.9292708265625 0.3542978921875 0.9144103640625 0.2794944640625 0.9231567453125 0.216859825 0.9725067749999999 0.3301858953125 1 0.42089481093750003 1
0 0.21583892031250002 0.9722591015625 0.22432129218750002 0.9635593874999999 0.2300183359375 0.9272900390625001 0.22256015156250003 0.9012761499999999 0.23709245 0.8617714796874999 0.20312849531250002 0.8454635578125 0.09927031562500001 0.828335440625 0.05626921875 0.8743804515625 0.06431335625 0.9328091796875 0.139015840625 0.9536216046874999 0.21583892031250002 0.9722591015625
0 0.9022857296875 0.6547027609375 0.9152456390625 0.6336423578125 0.9073935375 0.6209798546874999 0.9150536062500001 0.587876134375 0.8993494 0.5625511249999999 0.9070094687499999 0.5294474046875 0.8007976296875 0.48754377031249996 0.7399339828125 0.4942932 0.7322739140625 0.527396921875 0.7524934078125 0.5565067406249999 0.7707465921875001 0.6174122140625 0.8123673328125 0.6355776953125 0.8151149125 0.647001828125 0.884615215625 0.6611734078125 0.9022857296875 0.6547027609375
0 0.8702618140625 0.8862894156250001 0.910748825 0.8977053921874999 0.9382028609375 0.779060146875 0.91778476875 0.774106659375 0.8722346906249999 0.78457120625 0.8531838203125 0.855252340625 0.8702618140625 0.8862894156250001
0 0.9847600515625 0.4829907828125 0.9822100984375 0.4723883578125 0.9612027671875 0.4699813125 0.948047540625 0.4802367671875 0.9274275609375 0.5344008921875 0.9500040000000001 0.5533249515625001 0.9714052499999999 0.5423806124999999 0.9839534875 0.50608774375 0.9847600515625 0.4829907828125
0 0.87972899375 0.42601102968750004 0.892884221875 0.415755571875 0.907810440625 0.3628995171875 0.8999583375 0.3502370140625 0.8241750359375001 0.3399199421875 0.806107321875 0.3947032515625 0.810228690625 0.41183945 0.8353573890625 0.4313826953125 0.87972899375 0.42601102968750004
0 0.2445900375 0.468250025 0.2385023578125 0.48290947968750003 0.26363105781249996 0.502452725 0.262647903125 0.51835055 0.2799245 0.52523129375 0.3046625640625 0.523164646875 0.3297912625 0.542707890625 0.34864025 0.531144365625 0.3879106140625 0.4895730484375 0.3782940859375 0.44958858749999997 0.3298011125 0.4378240546875 0.2445900375 0.468250025
0 0.8983957953124999 0.2637974421875 0.9625995421875 0.2309644265625 0.99372380625 0.2263024234375 0.9969328453124999 0.13440755625 0.9334406875000001 0.11900417968749999 0.9092072124999999 0.1238826328125 0.8874153296875 0.11321707656249999 0.8897689906249999 0.13799259531250002 0.8722937937499999 0.1552681890625 0.85206445 0.23104220468749997 0.8567750562500001 0.2456319625 0.8983957953124999 0.2637974421875
0 0.7514872687499999 0.8171335203125001 0.7029910109374999 0.840330265625 0.6529223656250001 0.8819712796875001 0.6650911546875 0.9225749265625 0.7634541734375 0.916854778125 0.7960476234375 0.8924893562499999 0.7931080109375 0.835299 0.7514872687499999 0.8171335203125001
0 0.61089898125 1 0.6026518328125 0.982729903125 0.5576942781249999 0.9556867312499999 0.5223532484375 0.968628021875 0.49623811093750003 0.9999438812499999 0.49621746718750004 1 0.61089898125 1