0 0.786018996875 0.8057180718750001 0.825739315625 0.8101176140625 0.87743449375 0.7951029453125 0.8922970625 0.7529028484375 0.884857715625 0.721513771875 0.8532566156250001 0.6930884515625 0.771064253125 0.69599228125 0.7415350140625 0.7112788984375 0.765984840625 0.7911274515625 0.786018996875 0.8057180718750001
0 1 0.7762307078124999 0.9853004484375001 0.77230093125 0.9623186640625001 0.838526809375 0.9605341093750001 0.9024915359374999 1 0.893137946875 1 0.7762307078124999
0 0.30094024375 0.9621241406250001 0.23967393124999997 0.9600684062499999 0.24188176718749999 0.9926973718750001 0.24681510625 0.99859791875 0.3354493203125 0.9980822593750001 0.311131321875 0.9818102984375001 0.30094024375 0.9621241406250001
0 0.3661175421875 0.432817221875 0.4043260203125 0.45415119375 0.428487771875 0.45118744062499994 0.453753440625 0.46453816875 0.507928403125 0.45998652656249994 0.5094402421875001 0.44305209687499997 0.5434450734375 0.434992803125 0.5793097421875 0.43478077812500004 0.5689066421875 0.3792299515625 0.490009903125 0.3260989828125 0.4033419484375 0.321775490625 0.319501771875 0.352696721875 0.30539512343749997 0.38642960625 0.3328686296875 0.4324093015625 0.3661175421875 0.432817221875
0 0.892204884375 0.600976959375 0.8543444062500001 0.604424684375 0.857096134375 0.5927217687499999 0.83830186875 0.5833626609375 0.833342303125 0.5624366109375 0.81379211875 0.5615447171875 0.8113123359375001 0.5510816921874999 0.7623688875 0.55439344375 0.754657590625 0.5451703109375 0.6971109531249999 0.5588091140625 0.686919875 0.5391229546874999 0.619938078125 0.5246083859375 0.5891689484375 0.5346634890625 0.5704507343749999 0.572252021875 0.4870184796875 0.569924340625 0.464504540625 0.5448706953125 0.4260679109375 0.3826938046875 0.405277834375 0.3765703984375 0.3973545140625 0.33148259687500004 0.3433155265625 0.32495126875 0.28873264375 0.3627518265625 0.3029913921875 0.4229142203125 0.290260609375 0.4507956453125 0.30293146875 0.48094483125 0.29316444218750004 0.5329880078125 0.243269175 0.61388055625 0.20726853125 0.62517555 0.2031409359375 0.6427299265624999 0.1822148859375 0.647689490625 0.15365359218750002 0.690373559375 0.18325887968750001 0.722034584375 0.2544443234375 0.76594241875 0.2891451515625 0.807446521875 0.4310320640625 0.8815634625 0.47881167187499996 0.9199678359375 0.533742553125 0.9069489781250001 0.532018690625 0.8880187390625001 0.551976796875 0.8556617203125001 0.5795102265625001 0.8436108046875 0.6413964828125 0.848282296875 0.66342645 0.8596372140625 0.6928197140625 0.8554335703125 0.7209154734375 0.82943595 0.873578846875 0.790491378125 0.9123312171875 0.7674934671875 0.9112273015625 0.751178984375 0.92630189375 0.7448435546875001 0.9240940578125001 0.7122145875 0.892204884375 0.600976959375
0 1 0.549120459375 0.96310225 0.5620724859374999 0.9585667359375 0.6128757734375 1 0.6725324765625 1 0.549120459375
0 0.8011212578125001 0.5313955328125 0.8343102484375 0.5898340656250001 0.8492488671875 0.5945816046875 0.8959844828125 0.5586408859375 0.9098191812499999 0.54707394375 0.9127068859374999 0.52428805625 0.9284014234375 0.5205683828125001 0.890872815625 0.4438195578125 0.8668470375 0.43570034062499996 0.8013171546875 0.4622819515625 0.8011212578125001 0.5313955328125
0 0.5605961125000001 0.9503129187500001 0.5842139703125 0.991681046875 0.7716765031249999 0.9472516093750001 0.7286244609375 0.9132521546874999 0.651799584375 0.9038331234375001 0.5890214328125001 0.91871181875 0.5605961125000001 0.9503129187500001
0 0.9130272156249999 0.8170568625 0.8065371265625 0.8340074187500001 0.771776375 0.8505339265625 0.7869270171875 0.8911461359375 0.7794277484375 0.917787671875 0.78375880625 0.9443880515625 0.9521636890625 0.9044753609375 0.9574351484375001 0.864548396875 0.9130272156249999 0.8170568625
0 0.07433280625000001 0.56551325625 0.0823920984375 0.5995180875 0.0744088546875 0.6124608953124999 0.0878356359375 0.634142865625 0.1060099546875 0.6408862156249999 0.17725532187499998 0.626763440625 0.18000705156250002 0.615060525 0.2226150703125 0.596674178125 0.24098528749999998 0.53430395 0.2615633421875 0.5045626875 0.2535040484375 0.47055785625 0.19099784375 0.46327060937500003 0.08223999843749999 0.5056228093749999 0.0902992921875 0.539627640625 0.07433280625000001 0.56551325625
0 0.07264119687500001 0.756539515625 0.05171514687499999 0.7614990796875001 0.08060002187500001 0.8833739484375001 0.12208474531249999 0.8719047390625001 0.139427096875 0.840167665625 0.1194528640625 0.767546434375 0.07264119687500001 0.756539515625
0 0.0027939546875 0.48024005000000003 0.016226145312500002 0.5185056921875 0.0382561140625 0.5298606109375 0.0613139484375 0.5105823734375 0.039827875 0.454895571875 0.026265121875000002 0.44429657499999997 0.004719124999999999 0.44664038125000005 0.00264968125 0.45544157968750004 0.0027939546875 0.48024005000000003
0 0.1551930984375 0.40545202343750003 0.1808666890625 0.385553840625 0.184994284375 0.36799946562499997 0.16612396875 0.31169271875 0.0884071984375 0.321823871875 0.08042395625 0.3347666796875 0.096058571875 0.3890776171875 0.10962132656250001 0.399676615625 0.1551930984375 0.40545202343750003
0 0.6147664890625 0.46781766718749995 0.6553187765625 0.510697634375 0.6747329859375 0.5226725 0.700406578125 0.5027743140625 0.725808221875 0.5050420718749999 0.74349856875 0.498086696875 0.7423946531250001 0.48177221562500006 0.7680682437499999 0.46187403125 0.7617328140625 0.4467994375 0.6740969125 0.41507849218750004 0.62439754375 0.42685745781250006 0.6147664890625 0.46781766718749995
0 0.077563921875 0.089565459375 0.065113646875 0.08699085625 0.000595059375 0.1022820421875 0.001138171875 0.1956351125 0.0234050859375 0.1990953515625 0.0894949890625 0.23316010625 0.132103009375 0.2147737625 0.13685055 0.19983514375 0.115636425 0.1219824015625 0.09759807968749999 0.1041560796875 0.09986583593750001 0.0787544359375 0.077563921875 0.089565459375
0 0.332873215625 0.9103529109374999 0.345120025 0.8687727578125 0.2934847703125 0.825756815625 0.24357337499999998 0.8016711125 0.20096535625 0.8200574578125 0.198289678125 0.8787080140624999 0.23188658750000002 0.9038976328125001 0.332873215625 0.9103529109374999
0 0.4796436421875 0.9584482624999999 0.443295003125 0.944961559375 0.39731530625 0.9724350640624999 0.385314728125 0.9977921515625001 0.5089996 0.9970725734375 0.5066331749999999 0.9907292296874999 0.4796436421875 0.9584482624999999