0 0.379159790625 0.1300923984375 0.3463197609375 0.11037962812499999 0.2960703765625 0.1023442125 0.267908509375 0.1322181203125 0.2629936953125 0.161877025 0.280097228125 0.19873564999999999 0.3523995421875 0.22932558749999998 0.383532134375 0.2282150578125 0.39124475937500003 0.1505455234375 0.379159790625 0.1300923984375
0 0.08834684375 0.032973746875 0.1432052234375 0.059886237499999995 0.16477942031249998 0.05420273437499999 0.194308325 0.07833330468750001 0.2382066890625 0.031313540625000004 0.24863269062499999 0.0086824453125 0.08175155625 0.0028548265625 0.08834684375 0.032973746875
0 0.8298988656249999 0.086987453125 0.82792019375 0.130054934375 0.8545821218749999 0.17148653281249998 0.856289559375 0.1923098328125 0.9086559484375 0.21869697656249998 0.9185547453125 0.190088771875 0.90349905 0.14087226875 0.8564916281249999 0.09770945 0.8298988656249999 0.086987453125
0 0.6081625625 0.615773721875 0.582763921875 0.5822822000000001 0.560745571875 0.5750824796875 0.5436766203125 0.5535786546875 0.4950655109375 0.5356569375 0.487624121875 0.5494356921875 0.45522824218749997 0.5426061484375 0.42406106718750003 0.528361878125 0.4129681484375 0.579739609375 0.46212716093750006 0.65660895625 0.5356927609375 0.69513896875 0.619566728125 0.7025892046875 0.6440079015625 0.6796046734375001 0.6368377484375001 0.62949264375 0.6081625625 0.615773721875
0 0.21298639375 0.26132521875000003 0.24705512812500002 0.2736232625 0.2404328734375 0.2824588671875 0.2533369796875 0.2979688390625 0.2500604359375 0.3177414421875 0.2666852359375 0.3263620390625 0.2650469640625 0.3362483421875 0.3086740921875 0.3531193578125 0.3120198046875 0.3640563578125 0.3668436 0.37561405 0.3685510359375 0.39643735156250004 0.42136157812499997 0.43570771875 0.451675034375 0.4395403390625 0.48150975625000003 0.4151349296875 0.5529929359375 0.4506680203125 0.56343963125 0.4810074453125 0.5380464203125 0.6342451140625001 0.553852084375 0.6478088625 0.5443974390624999 0.6893002921875 0.5888782859374999 0.7165829625 0.649880184375 0.706421825 0.659300246875 0.649575590625 0.68043029375 0.631008859375 0.6803611265625 0.6002992578125 0.7076692765625 0.5600136984375 0.78020824375 0.5113580546875001 0.81550568125 0.5162413734375 0.8254390609375 0.5029879687500001 0.8453749875 0.507190765625 0.885587240625 0.48241517968750003 0.871385265625 0.44361033125000005 0.8255719656249999 0.3776779828125 0.8105162703125 0.32846148125 0.7143498375 0.20842931406249998 0.6868341890624999 0.1565860640625 0.634502384375 0.1455537234375 0.6291434171875 0.1623294015625 0.6001278296875 0.1817916578125 0.5718967968750001 0.1809559640625 0.5199399765625 0.15209724687499998 0.5049534484375 0.13359035 0.47795111874999996 0.125339928125 0.4441834578125 0.1361266203125 0.2977432328125 0.10781271249999999 0.255823540625 0.111764996875 0.2508741421875 0.1260690984375 0.23551263125 0.1253885765625 0.2256138328125 0.1539967828125 0.21298639375 0.26132521875000003
0 0.13744211875 0.265862684375 0.1597662859375 0.224526425 0.14382229062500002 0.149543471875 0.11883321718749999 0.113580375 0.07066625625 0.10854188281249999 0.06104005312500001 0.1199416046875 0.0468465734375 0.205593459375 0.089275159375 0.26082419375 0.13744211875 0.265862684375
0 0.26675440156249997 0.35707164375 0.259140096875 0.2940763875 0.247908846875 0.2840349140625 0.194382921875 0.2957721015625 0.17820227187499998 0.3000347296875 0.16744975625 0.3182312828125 0.15249781406250001 0.3150791859375 0.15724514218750002 0.3953754671875 0.175133228125 0.41193614062500006 0.24156325937499998 0.41570892812500004 0.26675440156249997 0.35707164375
0 0.4427468109375 0.015461059374999999 0.467844821875 0.0618193234375 0.53103289375 0.10071951406249999 0.5908406703125 0.113327903125 0.6269226625 0.0979132703125 0.6214253624999999 0.053269742187500004 0.610724834375 0.0331084796875 0.5437443296875 0.018987970312499998 0.4427468109375 0.015461059374999999
0 0.2532528859375 0.0088437859375 0.2518607640625 0.0111707625 0.2731637265625 0.0693780390625 0.3716146515625 0.09780674687499999 0.40773122656250005 0.097746915625 0.40930033281249995 0.0571510109375 0.42544639687499997 0.0375335796875 0.43087466875 0.015046475 0.2532528859375 0.0088437859375
0 0.9091455406250001 0.6203933890625 0.914469925 0.5882629078125 0.9260761593750001 0.58047800625 0.9222862984375 0.5566577796875001 0.908972625 0.54361938125 0.84209844375 0.5269633671875 0.8354761890625 0.5357989703125 0.7918836453125 0.5342827546875 0.7533788296874999 0.579881640625 0.724772809375 0.5968723234375 0.7194484265625001 0.6290028015625 0.7709956796874999 0.6603330953125 0.880608690625 0.6680936734375 0.8859330734374999 0.6359631953125 0.9091455406250001 0.6203933890625
0 1 0.34458041562499997 0.9786737703125 0.3408903734375 0.9521501734375001 0.36087798125 0.9431742640625 0.4306074390625 0.9797695703124999 0.45878563437500003 1 0.463050515625 1 0.34458041562499997
0 0.9005446140625001 0.6722964703125001 0.8990100921874999 0.7282471765625 0.906930215625 0.74270645 0.9264565734374999 0.7493808234375 0.9397010796874999 0.73170961875 0.9424988890625 0.6836989890625 0.9275123625000001 0.6651920890625 0.9005446140625001 0.6722964703125001
0 0.8748801671875001 0.8894249203125 0.883279025 0.9321222234375 0.9015766796875001 0.9462113203125 0.943940521875 0.9551422640625 0.9631902140624999 0.8389782234375 0.9357783171875 0.833199378125 0.8963851999999999 0.8530318125 0.8748801671875001 0.8894249203125
0 0.781101975 0.7238537 0.7516422359375 0.73043273125 0.7417088578125 0.7436861343750001 0.7376823453125 0.799111490625 0.808721371875 0.8217613531250001 0.82032760625 0.81397645 0.8264365421875001 0.76154801875 0.8185164203124999 0.74708874375 0.781101975 0.7238537
0 0.405284678125 0.4860347515625 0.3856545703125 0.43329597656249996 0.3731600328125 0.41531442500000004 0.3437002953125 0.42189345781250004 0.32250108437499997 0.40975058593749997 0.3046475796875 0.4085447140625 0.29969818125000003 0.4228488171875 0.27023844375 0.4294278484375 0.270273028125 0.4447826484375 0.3347589671875 0.5069777171875 0.3821067921875 0.516959359375 0.405284678125 0.4860347515625
0 0.8864143328124999 1 0.8834173578125 0.9935414296875 0.8206388546875001 0.9521696640625 0.775679271875 0.8966489671875 0.7320867265625 0.8951327499999999 0.7225629140625001 0.9059145796875001 0.7127678671875 0.9805871859374999 0.7207268390625 1 0.8864143328124999 1
0 0.8098646203125 0.22344944687499999 0.78419474375 0.25384870312499996 0.8133832468750001 0.31116045312499996 0.8479307140625 0.3516965265625 0.8915232609375 0.3532127421875 0.91507613125 0.3044617578125 0.8950710390625 0.2695493578125 0.8098646203125 0.22344944687499999
0 0.7266714578125 0.14963685625 0.7764766890625 0.14478904374999998 0.8005082953124999 0.12427608906250001 0.8039530046875001 0.073843915625 0.6897070953125 0.049759140624999997 0.6883341281249999 0.0852805578125 0.7000441125 0.123560059375 0.7266714578125 0.14963685625