0 0.625833324502104 0.08024477165458385 0.09702382213985139 0.09593205547083343
0 0.44397568929289405 0.04864601348645871 0.0556349303072194 0.07311149810013892
0 0.5543328359348495 0.023066744869097686 0.03810020072563951 0.01806032218833336
0 0.3941542493670278 0.131929985751042 0.03126984736759475 0.04600348423243057
0 0.4959895678786821 0.12648137917777819 0.04042659255827132 0.03997168977951393
0 0.37575393503172483 0.255821427430417 0.05122024881887368 0.0808148953265972
0 0.7591883546875 1 0.77362669375 0.8888754015625 0.753405553125 0.7742621140625 0.7113834859375 0.672329934375 0.5821161312500001 0.4395538390625 0.480226271875 0.4397917515625 0.5111797921875 0.5408846921875 0.5956582984375001 0.7033723734375 0.6318106375 0.85423249375 0.633430565625 0.781092165625 0.6270253984374999 0.6723044625 0.6780215796875 0.835438809375 0.6894650046875 0.7773774125 0.7133216640625 0.777593590625 0.7152404906250001 0.9194873515624999 0.7126206859375 1 0.7591883546875 1
0 0.5091558328125 1 0.43287278125000006 0.7993317359375001 0.3779034765625 0.6088206265625 0.334280834375 0.5433986671875 0.35045000625 0.649741340625 0.375968165625 0.7583855484375001 0.434870453125 0.9221193515625 0.47302602499999996 1 0.5091558328125 1
0 0.544172165625 1 0.513812534375 0.89306598125 0.490152271875 0.7813772890624999 0.46153116250000004 0.690017259375 0.43121127968749995 0.6909037046875001 0.44882333125 0.798948459375 0.470902371875 0.9105172609375 0.51066914375 1 0.544172165625 1
0 0.49922458281250004 0.7868432000000001 0.5540333265624999 0.7607380296875 0.550554065625 0.7095085546875 0.5091642015625 0.5821414734375 0.4276517390625 0.5313660890625 0.4081832203125 0.5537801109375 0.49922458281250004 0.7868432000000001
0 0.8703916796875 1 0.8780869328125 0.9684662390625001 0.8757337359375 0.86794915 0.8545442234375 0.7644111796875 0.783724003125 0.6459613796875 0.6915178671875 0.5354461234375 0.6112296703125 0.379646865625 0.59779000625 0.4423349359375 0.7270573578125 0.675111034375 0.7761956390625 0.8412898656250001 0.7834766171875 1 0.8703916796875 1