0 0.93359375 0.6015625 0.0875 0.0875
0 0.9515625 0.41953125 0.06875 0.0484375
0 0.9859375 0.52734375 0.015625 0.0359375
0 0.86640625 0.378125 0.0421875 0.028125
0 0.87890625 0.47734375 0.0359375 0.0359375
0 0.74296875 0.3703125 0.0765625 0.04375
0 0.2625 0.7859375 0.359375 0.7359375 0.578125 0.5890625 0.5703125 0.4890625 0.4734375 0.528125 0.3203125 0.625 0.175 0.6734375 0.246875 0.66875 0.353125 0.653125 0.196875 0.7171875 0.2546875 0.7234375 0.25625 0.746875 0.1171875 0.7609375 0.003125 0.7671875 0.003125 0.809375 0.1515625 0.815625 0.2625 0.7859375
0 0 0.5765625 0.2140625 0.4734375 0.396875 0.403125 0.4578125 0.3546875 0.3546875 0.3796875 0.25 0.4140625 0.09375 0.4859375 0 0.5421875 0 0.5765625
0 0.3203125 0.4625 0.215625 0.4890625 0.1078125 0.5203125 0 0.5796875 0.0046875 0.6078125 0.128125 0.5609375 0.2359375 0.528125 0.3234375 0.4921875 0.3203125 0.4625
0 0.4765625 0.4453125 0.453125 0.428125 0.23125 0.5375 0.2609375 0.5890625 0.3109375 0.58125 0.4328125 0.5296875 0.4765625 0.4453125
0 0 0.9125 0.08125 0.925 0.1796875 0.9140625 0.2796875 0.884375 0.390625 0.8046875 0.4921875 0.7046875 0.6390625 0.6125 0.5765625 0.6046875 0.3578125 0.7515625 0.1984375 0.8140625 0 0.840625 0 0.9125