0 0.9211911395456402 0.6762171139788896 0.09901019262201594 0.10072865824437507
0 0.9574245970965748 0.4918791347804522 0.07688975292686635 0.0580320119678472
0 0.981756455704223 0.6073047662393412 0.01897725897699054 0.03949891109416672
0 0.8733359434075829 0.4406965348567022 0.04549430718159257 0.03230466014423605
0 0.8766467748878679 0.5431312038346535 0.040861349336070066 0.041570557370694414
0 0.7468916180756178 0.417438259971077 0.08154998184962743 0.053453614741388836
0 0 0.7921669875 0.097718428125 0.8071632937500001 0.2144386265625 0.7893558781250001 0.3186703921875 0.749130225 0.557287828125 0.6234799734375 0.5588510578125 0.5200999093750001 0.45566739375000004 0.549115571875 0.2892041546875 0.630985321875 0.1354018921875 0.664099534375 0.2096294796875 0.6674713999999999 0.3201904875 0.6635436046875001 0.153663790625 0.7114278953125 0.21240837343750002 0.7244100703125 0.211766325 0.7486092234374999 0.06767360156249999 0.747203003125 0 0.74342519375 0 0.7921669875
0 0 0.532522653125 0.19466409375 0.46356038593750004 0.38905563593750003 0.41229200625000006 0.45624847031250004 0.36957970625000003 0.3479968484375 0.3834715515625 0.23724297499999997 0.40679421875 0.0699676375 0.4626856484375 0 0.495036209375 0 0.532522653125
0 0 0.5688791609375 0.09806599375 0.5434644937499999 0.21187789375000002 0.522098740625 0.30513883124999996 0.4952194796875 0.3047759171875 0.4644368734375 0.19477068749999998 0.4797524046875 0.081108515625 0.49951673124999996 0 0.5333871046875001 0 0.5688791609375
0 0.2061678875 0.5311740765625 0.2317005359375 0.5873982828125001 0.2837732828125 0.5850789 0.413816828125 0.5460956984374999 0.46681075781250003 0.464595403125 0.44439959843750004 0.4443135671875 0.2061678875 0.5311740765625
0 0 0.9072236609375001 0.015062910937499998 0.9112648078125 0.11715534375 0.91125258125 0.22264839531249997 0.8922009687499999 0.344159903125 0.8231478781250001 0.457994615625 0.7322097750000001 0.617593153125 0.6544333359375 0.5541866640625 0.6393165062499999 0.3155692296875 0.7649667578125 0.1459845046875 0.8108941359375 0 0.8141863171875 0 0.9072236609375001