0 0.16249100625 0.5141400140625 0.4599996984375 0.5569455359375 0.79596495 0.5891632640625 0.830665534375 0.5005491 0.3884911109375 0.34835999375000004 0.006810903124999999 0.23407557968749998 0.012832731250000002 0.4410323640625 0.16249100625 0.5141400140625
0 0.405755665625 0.323723040625 0.84635050625 0.46290564375 0.9016467921875 0.399561028125 0.5563018125 0.1963729671875 0.406448053125 0.1386055421875 0.27180099375 0.11841039375 0.2866450765625 0.20420137343749997 0.1471008484375 0.15155003125 0.1051896515625 0.20245994375 0.405755665625 0.323723040625
0 0.4172687640625 0.030718410937500003 0.450756446875 0.14151943125 0.9124019921875 0.39500758125 0.9790418656250001 0.2981122984375 0.9719272953125 0.25093444374999996 0.676357534375 0.039393340625 0.46941868906249995 0.027340524999999997 0.4172687640625 0.030718410937500003
0 0.24027593982522086 0.5381047576807463 0.0686878155185485 0.055475726251889415
0 0.40240987846330756 0.6154015470021108 0.11579013605166182 0.06601838410204497
0 0.16055734758449508 0.559199236704646 0.055869566772189704 0.04381018415851479
0 0.08122257092882482 0.1646155078219206 0.05559678213245363 0.034435184158514695
0 0.0903104144231918 0.1284882920227876 0.048102530878812375 0.04491765785015547
0 0.20154577962517117 0.06477367349399668 0.06542642319868044 0.0506062157285458
0 0.03036373073316311 0.4806430552475544 0.034267351411925794 0.05191111049510884
0 0.532870268275893 0.6495174837208743 0.1357054824490227 0.16076944198043536
0 0.2769923413162889 0.6205756234375269 0.07493781551854842 0.0558397472985769
0 0.42080818896729105 0.7116240996188293 0.1297449874635877 0.11674642619541978
0 0.06857443606429717 0.560861176266007 0.04069920783841652 0.058525131541796324
0 0.3529494360642972 0.5774241338902835 0.08444920783841656 0.06107327886860805
0 0.2557104423990103 0.0499901076525114 0.031841033386094876 0.022132605233436985
0 0.3550799565847753 0.08775468913783789 0.0385456744523216 0.03812162628012439
0 0.0884490153728992 0.49338524992941285 0.0464945667721897 0.04326415258848364