0 0.3431997515625 0.411265121875 0.5111717609374999 0.817913615625 0.594185803125 0.7724815375 0.5463581515625 0.4522941125 0.49034869218750005 0.1706765109375 0.3947985 0.0045938968750000005 0.19427154062500002 0.0022605546875 0.3431997515625 0.411265121875
0 0.41815711875000006 0.9000539 0.4759550390625 0.8381251796875 0.3205053578125 0.431253790625 0.189286528125 0.1572312671875 0.1427063921875 0.20455914218750001 0.20013810625 0.3322703921875 0.11731673437500001 0.3294662234375 0.1434520890625 0.4568107296875 0.2062998765625 0.593792434375 0.41815711875000006 0.9000539
0 0.31169888437500004 1 0.4143456203125 0.9110548578125 0.14848258125 0.49921778124999994 0 0.4751577328125 0 0.591692178125 0.006620871875000001 0.6651155265625001 0.28974591250000004 1 0.31169888437500004 1
0 0.5167767779678651 0.24276404340386035 0.04289657200827239 0.06142839600572696
0 0.5986796639481387 0.3890492447485417 0.044968149347544895 0.1051965773392725
0 0.5333381166454555 0.16247710673931484 0.033394302673454314 0.05038180800445433
0 0.15152504264800087 0.13928177068745357 0.025581802673454224 0.05029090133672716
0 0.11776766064609186 0.15295337201622652 0.03797271467218155 0.04106135200509069
0 0.05545746996341078 0.27021305000795415 0.052253390674726896 0.059974984006999674
0 0.013270517305864902 0.43455681333545443 0.026541034611729804 0.05973862667090888
0 0.4503994419955456 0.038057814727860816 0.044331802673454136 0.05050907733927246
0 0.6378956105983667 0.5106157094207232 0.13721019334818116 0.11095677601845359
0 0.5977540579646835 0.2671469727482235 0.04295111600890884 0.06611589600572695
0 0.6931654606142752 0.3940554654280411 0.09349655601527189 0.11357269867918127
0 0.13005057932845476 0.03745564135104464 0.06958634134309047 0.07267497867599956
0 0.026388682646410023 0.149546014003818 0.03826361600890869 0.0660613520050907
0 0.5312494526575459 0.07337824407222396 0.05192612667090888 0.031849984006999676
0 0.5608893099538658 0.3464163020766783 0.04462270401018138 0.0755090773392725
0 0.0399773732893202 0.32472782733927247 0.03315794533736345 0.030069308004454332
0 0.09207512794400259 0.41362724267981754 0.030069308004454332 0.03315794533736351
0 0.4668415073201825 0.10232030939686072 0.03481135200509069 0.03789998933799978