0 0.7594379734375 0.605539646875 0.8112903781249999 0.5267055125 0.41638072187499997 0.3206108359375 0.032803603125000004 0.1404656640625 0.019697278125000002 0.3446753 0.16400959843750001 0.445396984375 0.442079671875 0.527760678125 0.7594379734375 0.605539646875
0 0.438143590625 0.299766240625 0.8342279687499999 0.493349659375 0.900702884375 0.4412925203125 0.609766153125 0.200657259375 0.47721470468750005 0.12496276718749999 0.35153576875 0.086909678125 0.348055390625 0.1700575421875 0.22438624218749997 0.10064944843750001 0.173401009375 0.14284417968750002 0.438143590625 0.299766240625
0 0.507942746875 0 0.5193461140625 0.13395913125 0.9120210156249999 0.4385058375 1 0.35283989843749997 1 0.3114500046875 0.7004696499999999 0.011524040624999999 0.559078803125 0 0.507942746875 0
0 0.23460235049243097 0.47838757865161463 0.06515352773541672 0.04724770472226432
0 0.37513839114562547 0.5744580818730685 0.11061149810013893 0.0537613251355733
0 0.15200805603951428 0.4882443676828344 0.05403418977951393 0.03937157220870695
0 0.1579053786090973 0.10378300927157805 0.05225348423243057 0.029987481849627386
0 0.17431097539871532 0.07008926532170225 0.04469555737069451 0.040879530054229285
0 0.2950949476632986 0.023455159837312112 0.0651898953265972 0.046910319674624223
0 0.46340853656913195 0.004209735267472945 0.061192073138263935 0.00841947053494589
0 0.03732600056868089 0.3951488735365669 0.044841027735416705 0.047129530054229284
0 0.49350783785899355 0.6245575549420972 0.12529355357097244 0.14758404800821018
0 0.25295426662059073 0.5618858798812787 0.06987739532659729 0.04883747579950324
0 0.37265113041204917 0.6690166029503073 0.12267639342673622 0.10226245764913067
0 0.06499052678548617 0.07306934045727549 0.06424564437666673 0.0753636143631847
0 0.06345404910566013 0.4770392229708328 0.037210365691319504 0.05489657825883114
0 0.33507578238816016 0.531716590850059 0.07928876291777787 0.050454517953980905
0 0.3526892421162153 0.013866536398941096 0.03350348423243057 0.027733072797882192
0 0.43762859298989587 0.07012003981678665 0.03826371941479163 0.03303066861791084
0 0.09719196304961841 0.41589718989154145 0.043060322188333354 0.03774543969514958