0 0.7039548375 0.637099025 0.7726944265625 0.56570173125 0.42049624375 0.29742775625 0.09009901875000001 0.06809641562499999 0.032508474999999995 0.2755405 0.14093335468749998 0.3842395078125 0.402259821875 0.5099547953125 0.7039548375 0.637099025
0 0.4467460671875 0.2797885625 0.8027799312499999 0.5356460843749999 0.8804933734375 0.49345964374999995 0.6398871265625 0.2064058171875 0.5230565765625 0.1097960640625 0.4051209671875 0.052143732812499996 0.38396801875 0.1353272515625 0.27470839687500004 0.046413770312500005 0.21462165625 0.0810534015625 0.4467460671875 0.2797885625
0 0.5790062703125 0 0.56339096875 0.125336859375 0.8924341296874999 0.49239530781249996 0.9872187921875 0.4276255796875 0.9894416296875 0.3512316109375 0.78216039375 0.046325884375 0.5886754890625 0 0.5790062703125 0
0 0.20463940657214003 0.4287227946371831 0.07355717194503919 0.05864884134309047
0 0.3245989024155049 0.5468177192870931 0.11767088479802065 0.07165791868236297
0 0.12040079889200805 0.42501708664863713 0.05756845909205777 0.04596702800763595
0 0.20814746912118762 0.0397512013049104 0.0557331744523216 0.03657384667409056
0 0.22996864482715051 0.015987531986000645 0.04943771034569897 0.03197506397200129
0 0.032981018408907076 0.315915353994273 0.035829851411925795 0.05039998933799979
0 0.43349051761748425 0.6158393446053665 0.14852373119538154 0.16573518268618095
0 0.20524114865458118 0.5154051819700923 0.07829013605166182 0.06026588534372692
0 0.3023170739648327 0.6415762359564111 0.13783027210332371 0.12031359468490824
0 0.12838341277383916 0.017377856659773046 0.05573317445232169 0.03475571331954609
0 0.03362822459797095 0.40103524132718216 0.04547763605166187 0.059884077339272326
0 0.29399977177411935 0.4979716866247747 0.08931856426490725 0.063518154678545
0 0.4953064883215175 0.04812458593254856 0.041761602665567034 0.03953521467218157
0 0.08060016448969881 0.3434767326543642 0.049755959092057746 0.045876121339908774