0 0.3561313640625 0.38936263125 0.44944865156249997 0.8242621187499999 0.5402504015625 0.7941307375 0.550745784375 0.46700971874999997 0.546109509375 0.176765278125 0.4893159609375 0.017087290625 0.2914905203125 0.0101790734375 0.3561313640625 0.38936263125
0 0.34204391875 0.8890887515625 0.4107580640625 0.83797763125 0.329935496875 0.4051272734375 0.24912115156249998 0.1087980875 0.19421158125 0.147421934375 0.22817195781250002 0.28485408749999996 0.1463090546875 0.2670462203125 0.149209603125 0.39843830156250004 0.1868755125 0.5460726984375001 0.34204391875 0.8890887515625
0 0 0.6237062640625 0.20025867968750002 0.972259353125 0.20972474531250002 0.9740993703124999 0.336258203125 0.8993387609375001 0.14652261875 0.44152719687499997 0 0.3895328265625 0 0.6237062640625
0 0.5590302265015371 0.25340037394610065 0.05552580290255769 0.07060516587924912
0 0.6144295107149552 0.414122108337004 0.06330358656782167 0.11457342068857254
0 0.59066466161808 0.17628480243922148 0.044097229581580064 0.05616071996293313
0 0.21451387858578802 0.08414685462398896 0.03466766587924912 0.05427083774894799
0 0.17827627822296838 0.09148563947037927 0.04533234736759484 0.04684028366526396
0 0.0956051327621393 0.19654267250267105 0.06484623920022678 0.06937004809323426
0 0.020997002362252708 0.351927087748948 0.041994004724505415 0.06548115626060227
0 0.5320213263162026 0.04126247249482183 0.05158234736759475 0.04705853847458739
0 0.6318848508261559 0.5414485001696361 0.1577629146981227 0.13815974282842394
0 0.6351190113479273 0.292038777211478 0.055689494009550346 0.07529266587924913
0 0.706743496286985 0.43611864862568994 0.11530259618646851 0.1288740228654907
0 0.08822419709744235 0.07191469473518965 0.05094743030721938 0.07356647477225653
0 0.6039037607997733 0.08835821650437206 0.059176592558271325 0.04108135698624167
0 0.5840897354872118 0.36456605243922147 0.0575793762235353 0.08472222958157997
0 0.07031246688289021 0.2488492169677082 0.040262901451278844 0.035739092558271415
0 0.10680054918954256 0.346334341377145 0.035739092558271415 0.040262901451278844
0 0.534498996371803 0.10470741360181442 0.04215278366526398 0.04516865626060227