0 0.805 0.0025 0.6125 0 0.515 0.16499999999999998 0.4575 0.4375 0.40750000000000003 0.7474999999999999 0.4875 0.7925 0.655 0.4 0.805 0.0025
0 0.848215 0.4464275 0.875 0.323215 0.7946424999999999 0.325 0.8517849999999999 0.20178500000000002 0.8071425 0.15535749999999998 0.676785 0.4196425 0.5214274999999999 0.8125 0.576785 0.8732150000000001 0.7857149999999999 0.5785725 0.848215 0.4464275
0 0.9785725 0.65 0.9974999999999999 0.464285 0.8428575 0.4875 0.5803575000000001 0.8839275000000001 0.6910725 0.9821424999999999 0.9785725 0.65
0 0.48828125 0.23515625 0.04140625 0.05859375
0 0.40703125 0.37578125 0.04296875 0.1015625
0 0.4734375 0.15625 0.03203125 0.0484375
0 0.84375 0.13828125 0.0234375 0.0484375
0 0.8765625 0.1515625 0.0359375 0.0390625
0 0.9359375 0.26640625 0.05 0.05703125
0 0.98125 0.42734375 0.0375 0.05859375
0 0.55546875 0.03671875 0.04296875 0.0484375
0 0.36796875 0.49296875 0.13203125 0.10703125
0 0.41015625 0.25703125 0.04140625 0.0640625
0 0.31640625 0.3796875 0.0890625 0.10859375
0 0.86796875 0.03828125 0.06796875 0.0765625
0 0.96484375 0.15 0.0375 0.0640625
0 0.4765625 0.0703125 0.05 0.03046875
0 0.44453125 0.33515625 0.04296875 0.0734375
0 0.95 0.31953125 0.03203125 0.02890625
0 0.8984375 0.40546875 0.02890625 0.03203125
0 0.53828125 0.09921875 0.03359375 0.0375