0 0.5048731156249999 0.1212117546875 0.45618101875 0.420667028125 0.41753701249999997 0.760357221875 0.50674903125 0.8041499671875 0.668902425 0.36747043437500004 0.7806030703125 0.0227132296875 0.5601370593749999 0.0162983234375 0.5048731156249999 0.1212117546875
0 0.6935699234375 0.3874164640625 0.5446296421875 0.8237163484375 0.6078585234375 0.8861270187500001 0.8199859421875001 0.5530598 0.8812152234375 0.405654521875 0.9040858093749999 0.27020433593750004 0.8168532296875 0.27722290625 0.8727125906250001 0.139850575 0.8218506250000001 0.09227259531250001 0.6935699234375 0.3874164640625
0 0.8774721328125 0.45058061718750003 0.6122828796875 0.8975303796875 0.7375656562499999 0.9971500578124999 0.9728374859375 0.6957128515625 0.980516084375 0.507266559375 0.976901484375 0.429738453125 0.8774721328125 0.45058061718750003
0 0.4799872944490618 0.1985598012662765 0.05117518083635879 0.06859688730530315
0 0.3984295938410395 0.35731502414838784 0.060897690722190576 0.11569920783841656
0 0.45917472874546184 0.11426135761362495 0.04135451186299797 0.057386602665567034
0 0.8606218236122654 0.07118993685571998 0.031915844866803766 0.05555131802583093
0 0.8976443211408075 0.08399982541466433 0.0440975098858317 0.048102530878812375
0 0.9522442964262282 0.2029149614663262 0.03535917984777583 0.06345474623907635
0 0.36189523315690497 0.4860932420159342 0.15834569368794008 0.1325804824490227
0 0.39512020452517393 0.22737747156196306 0.052928681824942106 0.07332985141192579
0 0.2994827578714844 0.36695078543115894 0.1114070266917457 0.12965405925034235
0 0.4557406640304449 0.025775519133822887 0.05726867193911023 0.02663670783841652
0 0.4371220207230656 0.3099459306540208 0.05649935079830275 0.08435827962517113
0 0.9334094303048861 0.35801999861334477 0.035903007908665074 0.03850021034569897
0 0.5267879930799177 0.048179368038466217 0.042407675893442943 0.04493206677218971