0 0.15441479820209267 0.8825410300208827 0.04299113680346807 0.04180706677218993
0 0.16781787456692165 0.9345809031404209 0.045479099971765136 0.03096049498543536
0 0.3808099692064278 0.838261147267926 0.05429265785015547 0.04837531551854859
0 0.543039555529903 0.2967449001709198 0.060633663111827295 0.05011967194503919
0 0.5840293056004903 0.3722821092629776 0.06330363680346807 0.04239810015828453
0 0.6523004344408634 0.2615779414745735 0.050712631541796324 0.040471887305303156
0 0.7667115449359722 0.23203885715140654 0.050515210466873836 0.06386392319868044
0 0.5299472923051363 0.22593229499807035 0.06577618942018652 0.05806856426490725
0 0.12384223449733311 0.3056770016493527 0.03950211575678066 0.035466138558944316
0 0.17202910551578565 0.27108069279472174 0.04491765785015547 0.048102530878812465
0 0.2984488503952881 0.4250133380175837 0.1265162683452643 0.08323370031656907
0 0.5065714345114506 0.33168218982522085 0.042718121018452494 0.03711956677218975
0 0.07900714760916046 0.5550715963973609 0.15801429521832092 0.09764319279472175
0 0.789108090625 0.724737790625 0.6139075703125 0.8112653953125 0.3200873671875 0.9588084703125 0.651876359375 0.9176839234375 0.777087178125 0.7591873609374999 0.789108090625 0.724737790625
0 0.20012692953212738 0.6217088301000249 0.052366136803468064 0.04207985141192587
0 0.9295007002964661 0.3392927306666561 0.05263915258848364 0.046767351411925874
0 0.23622884243219316 0.3512061134861197 0.07487817363517095 0.05365384890464338