0 0.27265625 0.146875 0.0296875 0.03125
0 0.22421875 0.15078125 0.0203125 0.0359375
0 0.271875 0.35078125 0.034375 0.0390625
0 0.71875 0.57265625 0.034375 0.0453125
0 0.6453125 0.596875 0.025 0.05
0 0.73046875 0.6734375 0.0265625 0.0375
0 0.7359375 0.778125 0.05 0.03125
0 0.7828125 0.571875 0.040625 0.046875
0 0.784375 0.20625 0.025 0.028125
0 0.80546875 0.25390625 0.0359375 0.0296875
0 0.6484375 0.340625 0.05 0.1
0 0.69453125 0.5359375 0.0265625 0.03125
0 0.57734375 0.09921875 0.0484375 0.1921875
0 0.2546875 0.5578125 0.1765625 0.2796875 0.1546875 0.575 0.271875 0.7078125 0.3 0.7234375 0.2546875 0.5578125
0 0.49375 0.22578125 0.028125 0.0390625
0 0.61484375 0.92265625 0.0328125 0.0734375
0 0.72421875 0.29765625 0.0328125 0.0578125