0 0.17358897143535895 0.7602015948661889 0.03793635200509069 0.03946529172311415
0 0.18435429610913134 0.8130776113745322 0.04407726400381797 0.030417840343633172
0 0.3959361387650864 0.7453080144721784 0.04892839600572696 0.04472600180902227
0 0.5719493673615441 0.23766036804479454 0.0551965773392725 0.04661605042954129
0 0.608777752705271 0.31610627261277885 0.05821248933799979 0.0374048247398008
0 0.6802340346912716 0.21678902532631233 0.044131808004454244 0.035105340343632996
0 0.7932789273551808 0.2024133440732193 0.04129770934118149 0.059941566033373486
0 0.5617562073519992 0.16685654511401604 0.056831802673454314 0.05294793758467105
0 0.16309198802513522 0.19359062697836443 0.03473862667090888 0.033051517412854545
0 0.2119743833545445 0.16726382236495163 0.03800907733927241 0.04571529172311406
0 0.3294447887094071 0.3319172218445533 0.11640679734245421 0.0732471494796016
0 0.5355942440324531 0.2669860198992454 0.037881808004454245 0.03477779172311406
0 0.09400782272436098 0.42966756784239585 0.17899770401018136 0.08433513568479167
0 0.7975060421875 0.685706465625 0.6237587296875 0.7481607796875 0.3322926171875 0.8552698875000001 0.6571399171875 0.8566143187499999 0.7846115625000001 0.7177794703125 0.7975060421875 0.685706465625
0 0.2269026860677696 0.5108057824508598 0.04729317067154524 0.03839411465389251
0 0.9532271867043164 0.3271311403188891 0.058303396005727134 0.0452173247398008
0 0.27153174403245306 0.25314709068231733 0.0676965773392725 0.04727114767057934