0 0.7485530082721675 0.1776269710259252 0.03612159057054072 0.03769998789975162
0 0.7996788606295324 0.18670198917629782 0.028454639784752267 0.04077953610435352
0 0.7163804013666888 0.39884798605303984 0.04429796360606986 0.04555793969514967
0 0.19901731121043298 0.5900881479334554 0.04466183664159917 0.05337043969514976
0 0.27472363255055116 0.6247944251590144 0.03706766046291676 0.05801248789975162
0 0.16977711332012882 0.6980415484991894 0.03485018899896399 0.0439408975406721
0 0.14656859160850708 0.810646087628605 0.05970463978475231 0.040961343285945875
0 0.12984993424596225 0.5826801689124984 0.050984611248705035 0.05496930113146821
0 0.1889232971472971 0.18635006957642836 0.03285104135632881 0.034556807181592306
0 0.15846950971990967 0.23651369603986144 0.04386131596343472 0.03618293969514976
0 0.31267751261539384 0.34652397941374047 0.07093754631872766 0.11444429508134393
0 0.2311962644774206 0.5531921359314029 0.03299659057054054 0.0376818071815924
0 0.42808215053811927 0.10041256957642837 0.08446069892376151 0.20082513915285674
0 0.6248657140625 0.79838840625 0.6576820375 0.7845060421875 0.8055186140625 0.6534252625 0.8304087734375001 0.33164881875 0.7007657640625 0.6241012968749999 0.6248657140625 0.79838840625
0 0.4980949358985921 0.2392240429400446 0.03804796360606986 0.045521578258831144
0 0.25755097932634474 0.959959765518094 0.04110018899896399 0.04397725897699054
0 0.23866212386409882 0.2922819070086417 0.04524403349844599 0.06587043969514976