0 0.8579812806074711 0.76796875 0.03590326674922295 0.0328125
0 0.8516370812694248 0.8203125 0.04008134449948173 0.021875
0 0.6352886433039181 0.76875 0.045496590570540715 0.0375
0 0.4158795953280515 0.2796875 0.05174659057054054 0.0375
0 0.3855692030620999 0.36015625 0.05599744292790545 0.028125
0 0.30630554218489836 0.2671875 0.04193494292790536 0.028125
0 0.19175289061332182 0.2609375 0.036922111248705036 0.0546875
0 0.41989931534426217 0.21015625 0.053600188998963995 0.04375
0 0.8191908399513681 0.20859375 0.03255994292790554 0.028125
0 0.7687199590579559 0.18515625 0.0346318651776464 0.0390625
0 0.6654022522763116 0.35703125 0.11192211124870503 0.0546875
0 0.45448617700725197 0.30625 0.03568494292790536 0.028125
0 0.9007532473139129 0.43671875 0.16021406203449332 0.0515625
0 0.22964357343750003 0.73770491875 0.24528844374999997 0.7684426234374999 0.38447358593750003 0.89651639375 0.708332978125 0.8726092890625001 0.40834798437500003 0.7872267765625 0.22964357343750003 0.73770491875
0 0.783323844708879 0.52578125 0.04520549214211709 0.03125
0 0.03460822849552065 0.39375 0.0692164569910413 0.0359375
0 0.7169155564529219 0.27421875 0.06417381596343467 0.0359375