0 0.8791088423039872 0.7470037799792801 0.03769998789975162 0.03612159057054054
0 0.8809713241536146 0.7986390545863861 0.039207945745273774 0.026819365177646402
0 0.6644014476901814 0.7604347715022247 0.04399543969514959 0.044225188998963993
0 0.376640809813871 0.29949715570540575 0.05180793969514976 0.04458906203449331
0 0.35992146330647135 0.37916538502724134 0.056431807181592394 0.0338698858558109
0 0.2688237646343312 0.2936944578151016 0.04394089754067192 0.03485018899896399
0 0.15791353571157005 0.2932149607105857 0.039389752926866264 0.0580693651776464
0 0.36999537919390757 0.23123730727698236 0.05496930113146821 0.050984611248705035
0 0.7564686894987579 0.20706152253568205 0.032985216822512695 0.03121576674922304
0 0.7032391503693424 0.1866184358940829 0.03461134933607006 0.04222604135632886
0 0.6300476109453392 0.3597241420565547 0.11131020472226431 0.06922949710451584
0 0.4181743248409856 0.32330068279371094 0.0376818071815924 0.03299659057054054
0 0.892057252435887 0.4219138887467858 0.20509656615858277 0.0798459735308672
0 0.26663019375 0.75381133125 0.2864519984375 0.7827457546875001 0.4406345984375 0.8991131250000001 0.7503176109374999 0.8575693234375 0.4470723125 0.7917306921875 0.26663019375 0.75381133125
0 0.7699873305965224 0.516982332088976 0.043949987899751616 0.036412688998963993
0 0.031415189105974496 0.4325963302314584 0.05804884933607006 0.04331766046291676
0 0.6670521863755 0.27631448262709524 0.06586134933607006 0.04368153349844599