0 0.06670847015113192 0.7954265726880057 0.041109678878243794 0.04042659255827132
0 0.0780686940318501 0.8464979993670279 0.04522396879233552 0.02965278366526398
0 0.29137095545181085 0.7493699951058586 0.052292840343633 0.04549603847458741
0 0.4745585074632318 0.21503465672393843 0.058624727498762755 0.04727679328391084
0 0.5112529240170037 0.28861600046333613 0.06290279172311415 0.039627984390903405
0 0.5833093877209568 0.1784845431142748 0.04719590456798421 0.03751984736759484
0 0.6971605257805975 0.14877470654645317 0.04694359905006031 0.06246528366526398
0 0.4649621794440707 0.1451859481937507 0.06051477611928178 0.05358135698624169
0 0.0629216446183616 0.22784969228811894 0.03765713025772479 0.0340674651536097
0 0.11303783129852152 0.1941269675158624 0.041437227498762795 0.04667659255827141
0 0.22840944651824097 0.34372268503172476 0.12111808344622813 0.07909227767481415
0 0.4376826272055071 0.24907484002638264 0.04094590456798421 0.037301592558271326
0 0.04174268543696449 0.4676760841207509 0.08348537087392897 0.07402283175849825
0 0.6964444765625 0.6329098671875 0.5206585390625 0.71998798125 0.2257451375 0.8684134468750001 0.5530192656249999 0.8241854625 0.6830770312500001 0.666918453125 0.6964444765625 0.6329098671875
0 0.12388796359241123 0.5376487890227416 0.050484678878243816 0.04075397477225664
0 0.8729240863869041 0.24713281707607387 0.0885578889641522 0.05300100362819702
0 0.17214283638690417 0.2716046375714627 0.07120661465389255 0.04927580290255769