0 0.634548758584207 0.29714212383115446 0.37847251716841407 0.5942842476623089
0 0.8605198643631848 0.06029104274365289 0.20228972872636958 0.12058208548730578
0 0.8623737767345796 0.2418662121471306 0.17501922247985355 0.2728840298578376
0 0.11140565349260032 0.07982333450534713 0.19434996369925478 0.10425220452587261
0 0.2979113009350764 0.17639783177487262 0.0632272287263694 0.12536361436318472
0 0.23735507513557322 0.10799781059943792 0.07554542154477702 0.09418633723582163
0 0.20896697560311145 0.19722848224241082 0.0759090359079618 0.15668633723582165
0 0.17223913524403184 0.19587960568078186 0.053652240826617834 0.090934072208707
0 0.3484521773003137 0.2690756902843249 0.11078400565734067 0.2428238251355733
0 0.30671062577606206 0.4802631751590144 0.14230671642972928 0.28988063231716554
0 0.13302262002052548 0.30392390983731216 0.1369101684215191 0.16797836123992677
0 0.01177835821486464 0.14446761748644268 0.022374969749378977 0.08606476502711465
0 0.2164850806947181 0.4151608708060923 0.089871541958086 0.1395806504675381
0 0.12520609572183278 0.43756765681225007 0.08498405405833438 0.10517837939029935
0 0.19074525819142352 0.5567216569104458 0.08329428903121974 0.08329428903121965
0 0.1512292819991369 0.7475830062465159 0.08034200585373248 0.1129636083130606