0 0.29765625 0.3421875 0.58984375 0.3046875
0 0.0828125 0.09375 0.16484375 0.1875
0 0.28984375 0.11875 0.25 0.1421875
0 0.04765625 0.825 0.0953125 0.1796875
0 0.16640625 0.65546875 0.11640625 0.0484375
0 0.09453125 0.70703125 0.08515625 0.06328125
0 0.1765625 0.74453125 0.146875 0.05859375
0 0.171875 0.77890625 0.08359375 0.04140625
0 0.2609375 0.61640625 0.228125 0.08359375
0 0.46015625 0.6796875 0.2703125 0.11015625
0 0.271875 0.828125 0.15 0.11640625
0 0.10390625 0.9609375 0.07734375 0.07734375
0 0.3875 0.76015625 0.128125 0.0734375
0 0.4 0.85 0.09296875 0.0734375
0 0.521875 0.8 0.0734375 0.0734375
0 0.7015625 0.85859375 0.103125 0.06640625