0 0.6334138835937118 0.70234375 0.37221342680933456 0.5953125
0 0.8555060104499284 0.93359375 0.20077268052176755 0.1328125
0 0.856583218000863 0.7484375 0.17030445140261463 0.2671875
0 0.1212310043998042 0.91640625 0.1912795058537325 0.1125
0 0.30384403738089977 0.81640625 0.0616556383672898 0.1234375
0 0.24486394712001597 0.8828125 0.07397383118569749 0.0921875
0 0.21567641686939493 0.796875 0.07589085518980258 0.153125
0 0.18051562168985516 0.79765625 0.05051815046753823 0.0890625
0 0.3535900282075176 0.72578125 0.10920332493918154 0.2390625
0 0.3118302959651067 0.51796875 0.14069876463433123 0.28125
0 0.14206672092772937 0.6921875 0.13532039734428025 0.1625
0 0.016413777716538243 0.84609375 0.032827555433076486 0.0859375
0 0.22395304606330257 0.5828125 0.08829995159900639 0.1375
0 0.13423656109041723 0.5609375 0.08496587334017516 0.1015625
0 0.19819504284184877 0.44453125 0.08329428903121974 0.0828125
0 0.1602233859314029 0.25703125 0.07877041549465287 0.1109375