0 0.36738713393339667 0.7072789540774929 0.4134343977232285 0.5854420918450144
0 0.15622394278242016 0.9423609962390763 0.2161080154212755 0.11527800752184732
0 0.1474370982195817 0.7781203029821362 0.18753082223840883 0.2756318004748538
0 0.8829188563372565 0.9152043613080416 0.19593188311602744 0.13063754922121262
0 0.6969461745184755 0.8222486685133198 0.06931483603812652 0.1238299565847754
0 0.7591501197299372 0.8858087148315384 0.0782261858759707 0.09754024122451135
0 0.7833336879111562 0.7989679443775674 0.08707508035608366 0.15714256175762475
0 0.8185035746806314 0.7992096367765777 0.05624209172016954 0.09065374373179366
0 0.6437723559302195 0.7339386747815262 0.12761035145940197 0.2426541644231918
0 0.6747298498411395 0.527703046647423 0.1596785576279121 0.29043844655564544
0 0.8508405620987297 0.69306493685572 0.14354326866768616 0.1712792695960413
0 0.974153556823724 0.8381310474388458 0.02501936525911965 0.09130696159934004
0 0.765908228899977 0.5881979289381611 0.09773984496658024 0.14183581050398358
0 0.852336652601083 0.5625734548024086 0.09088982710967279 0.10727895407749273
0 0.7839605738665572 0.44959007000438794 0.0858477711033185 0.08683006175762494
0 0.813795898540598 0.26286295981697355 0.08477619480442442 0.11490959765100213