0 0.7347969289728166 0.6128674971749248 0.4538060275928448 0.6887990649017197
0 0.962577461036479 0.7701975610605919 0.07484507792704206 0.195210680687266
0 0.9314347808425509 0.5638999734304923 0.13713043831489813 0.295115505427067
0 0.297473801535537 0.9595200056542096 0.20558752678536116 0.06228971732199753
0 0.4446606728837367 0.8352935323393182 0.07726370373287814 0.13361808344622794
0 0.40944196752600537 0.9231553804848673 0.08458528003177204 0.1059025192218769
0 0.3518419273479635 0.8487595680695386 0.09661372158978576 0.168975729307785
0 0.3169038656595663 0.8631020290599579 0.0626011858759707 0.09850609905006032
0 0.46311857223511355 0.7279789993226314 0.1403558133099551 0.26024918249628826
0 0.350416200483172 0.5430861001817141 0.1771387930174156 0.31057008706427264
0 0.24341972686149616 0.7746813381959265 0.1546989569792891 0.18763055404758583
0 0.14896811768816112 0.9633930353915361 0.09322389448011292 0.06420634215265508
0 0.28560545251176694 0.6379725542747285 0.10727848620028232 0.15392393939369348
0 0.19042932020651865 0.6507801707376434 0.0988386948044245 0.11757700361804453
0 0.21304288554836387 0.5127512262555675 0.09379663879807013 0.09701884215265544
0 0.11002915949435133 0.34533575418387147 0.09431483603812651 0.12670634215265544