0 0.33965995929293874 0.6436677576615196 0.5042004941186479 0.7126644846769608
0 0.09595198213286023 0.8193521778706092 0.11705910447712724 0.21057935574121842
0 0.11483369968200033 0.5994999342963999 0.18315549525030161 0.3114998685927999
0 0.82301352837853 0.989310486691308 0.21816350180902228 0.0213790266173838
0 0.6604582174335392 0.8805535465005903 0.08689356965141819 0.14074701680591417
0 0.7042701724310648 0.9585247310069549 0.094712713703953 0.08295053798609012
0 0.7593460967867528 0.893158317260837 0.10744508706427265 0.1758860207602467
0 0.7968018311829206 0.908716991671405 0.07086577792830422 0.10267401384016424
0 0.6342907858417619 0.7680071255500631 0.1577527035271876 0.273044863649884
0 0.738530149252459 0.570342899770351 0.19795497964646955 0.32613537155854927
0 0.8690276339873112 0.8142122579830275 0.1709277329258299 0.19718270060802218
0 0.8139605964480685 0.6708641645990985 0.11764560266810484 0.16226918973360754
0 0.9151103386461525 0.6820019358536368 0.10770403663473119 0.12132585475263546
0 0.8802329703742153 0.537137763420235 0.10195200361804453 0.10082235376405216
0 0.9621834967206396 0.3592448681728704 0.0756330065587207 0.13175401878308027