0 0.1001478582877959 0.4161724734988542 0.1890008577936857 0.11050500816812522
0 0.28830030567107745 0.4361979520317016 0.1530787683452643 0.08314242116215276
0 0.5361007688393744 0.45291789902941026 0.16105786831702956 0.11297539152687505
0 0.5397920001411743 0.16120252450437547 0.2900466892790122 0.21116093123013915
0 0.330265081697088 0.13207414969500028 0.15893392619541977 0.13009015634451399
0 0.14909983973077012 0.27414928086954876 0.26196792093374793 0.13092791736243078
0 0.5700501055863729 0.3535725156706603 0.19497784200867016 0.10596297853284735
0 0.775300505755782 0.536716243253577 0.11171031570031094 0.09622299620027785
0 0.21948241623677345 0.476058579406528 0.06715667889684288 0.05461607123840295
0 0.519096008386618 0.5299707082999656 0.05125866311182729 0.04956489532659738
0 0.33602444510538143 0.3958463621759378 0.23467737884037304 0.11780966831236128