0 0.8988440178536121 0.5104480405041578 0.1860386858759707 0.09638516237139498
0 0.705920132301953 0.46937865467095075 0.15122730925276534 0.07118517447164337
0 0.45478828043551395 0.4059893621236895 0.15489778003177204 0.1024533551898024
0 0.5513869963465521 0.12102348878351436 0.27991714529089184 0.19379649355709233
0 0.7692836083592609 0.1603849288714475 0.15366256249917623 0.12119426483072293
0 0.8839364435866084 0.3558105374790956 0.23212711282678314 0.10763173458010193
0 0.45448254301741564 0.2989490217646099 0.19533186525911966 0.09175220452587265
0 0.18845021428288974 0.41144551834676435 0.10624209172016937 0.08967155405833438
0 0.7601224370904914 0.5307883324622437 0.06493525324641088 0.050372704722264315
0 0.4444877544609316 0.48730753981678665 0.046157979707460585 0.048701120413308985
0 0.6721530584386912 0.41488205221162267 0.23609323295387127 0.09980105386194271