0 0.9185808484445858 0.5076023858003926 0.16283830311082853 0.11106140999505118
0 0.7471359363658276 0.46315410221787906 0.15289675782192055 0.0843417797373263
0 0.5074294232822352 0.39735311906490667 0.15940436305535766 0.11583744120271575
0 0.608319276167185 0.12484627600774016 0.28499516823232474 0.21276775214770657
0 0.8153652076948636 0.16806625226330754 0.15728042093374803 0.13286116689245614
0 0.9030703340455751 0.35867024084334675 0.19385933190884969 0.12840604025277597
0 0.5100168260118931 0.293777739711693 0.19323333148532634 0.10826395861557021
0 0.2526586232963526 0.3958160317734914 0.1100568104386391 0.0976739393936934
0 0.7968243942018656 0.5224571811415514 0.06706567363517095 0.054919873360319824
0 0.4955279337349917 0.4755566841937691 0.0496961631118273 0.05089411465389269
0 0.7150900048381488 0.4107627645877795 0.23449536831702938 0.1213305246489437