0 0.4710727385800393 0.08734381663750133 0.10160452283992143 0.17468763327500267
0 0.5026115863869041 0.27210697859645777 0.07488489258219673 0.14765679734245413
0 0.5538587466090981 0.5158927939210946 0.10786116689245624 0.15116360534690845
0 0.8372245245374021 0.4126565165500054 0.20174836499257687 0.27405676002545326
0 0.8092577340574835 0.2013922998886415 0.1265292797373263 0.1498192813494538
0 0.621734479873612 0.10368588462763817 0.11590604025277607 0.20737176925527634
0 0.6586281337642277 0.5131121445735497 0.09740834577069997 0.190080654678545
0 0.5355370352799943 0.7761035879217308 0.09282266508343398 0.102580654678545
0 0.445938862506186 0.22123536927118467 0.05335737336031983 0.06464430267345422
0 0.47359803652318977 0.5277575419319123 0.050812227498762755 0.045876121339908774
0 0.5540578997067442 0.30352006325591263 0.10734991180407363 0.2307965613462722