0 0.09241343797656207 0.5261256006524552 0.17725479065319452 0.09891130935708983
0 0.2677595833031593 0.4756608819621381 0.14226154160312507 0.07194882001909005
0 0.4975756762930552 0.4003501572645032 0.14767639342673622 0.10325336401972632
0 0.3957638288378471 0.14379216927913885 0.26533797853284746 0.1920987827020893
0 0.19698018351124985 0.1945296079726376 0.1465139369297223 0.12042268268618095
0 0.10321265292604154 0.3823483286521371 0.20642530585208307 0.11342834269572588
0 0.4928537683330205 0.3012132232654577 0.18183318787965277 0.0942783533577261
0 0.7423251318401386 0.3881297785646411 0.10200021751493064 0.08710110534690844
0 0.22108329863388843 0.534781890634956 0.0636273953265973 0.04916475334181776
0 0.5106737819163885 0.4751774345958214 0.04480466014423605 0.0458215773392725
0 0.29712108140329824 0.4222086179583201 0.2211138934267362 0.10410788669636233