0 0.5828621619156152 0.8992113817506489 0.10357645861557038 0.19077382213985103
0 0.5327825175243962 0.7025075073412121 0.07669305404758582 0.1539633029025577
0 0.45779804839337646 0.4472272410991433 0.10966932835784533 0.1582341406515056
0 0.17385349558898588 0.5347892061679349 0.2020759136130958 0.2846726442797028
0 0.22211833446228094 0.7563839531727101 0.129818054047586 0.15581846878180663
0 0.4255443068726611 0.8807019068935744 0.11935194482076028 0.23859618621285109
0 0.3491633548158115 0.44265381378714885 0.09773589439121899 0.19836806733052798
0 0.4523072077110591 0.17877734146196306 0.09446705223856355 0.10623513103285878
0 0.5958457615315024 0.7600769598809501 0.05179487336031983 0.06575397477225664
0 0.540078281885033 0.4399628673226787 0.049167840343632994 0.04538691106992569
0 0.47633444368910655 0.6670040277596322 0.10775934757972223 0.24082838584218216