0 0.35390625 0.11875 0.0421875 0.0625
0 0.3125 0.1421875 0.03515625 0.05
0 0.22890625 0.38359375 0.0375 0.04765625
0 0.19765625 0.4296875 0.03984375 0.03984375
0 0.1703125 0.56640625 0.03515625 0.04765625
0 0.77109375 0.08984375 0.04765625 0.06015625
0 0.33984375 0.4703125 0.05 0.05
0 0.35625 0.40234375 0.0421875 0.0296875
0 0.5140625 0.03359375 0.0578125 0.0671875
0 0.6421875 0.0890625 0.0296875 0.0421875
0 0.43515625 0.446875 0.0234375 0.025
0 0.46953125 0.096875 0.0234375 0.028125
0 0.4328125 0.04375 0.025 0.028125
0 0.6015625 0 0.49375 0.359375 0.415625 0.6296875 0.3609375 0.853125 0.3859375 0.8578125 0.49375 0.4515625 0.6015625 0.13125 0.65 0 0.6015625 0
0 0.3953125 0.853125 0.421875 0.8109375 0.51875 0.5046875 0.6015625 0.2578125 0.709375 0 0.66875 0.0015625 0.584375 0.2171875 0.528125 0.4140625 0.453125 0.6375 0.3953125 0.853125
0 0.734375 0 0.621875 0.278125 0.5484375 0.4671875 0.45 0.759375 0.49375 0.7 0.553125 0.5125 0.6828125 0.1984375 0.765625 0 0.734375 0
0 0.5765625 0.540625 0.6828125 0.29375 0.821875 0.003125 0.7953125 0 0.734375 0.121875 0.61875 0.390625 0.5296875 0.603125 0.5765625 0.540625