0 0.8344598859007318 0.7655983444468741 0.07252952800763594 0.059178681824942105
0 0.8020195558959594 0.7994494210248891 0.05677725867281787 0.04760451186299797
0 0.543043997891505 0.8217250331547173 0.055232940006363404 0.04910334486680377
0 0.49044570922186875 0.8414671887822053 0.04900112133990877 0.05041117688202625
0 0.3482763905554142 0.8341109921285156 0.05521475867281787 0.047540844866803766
0 0.9572103266231838 0.3594677026595508 0.07100339067472702 0.062240014828747546
0 0.48204395790900423 0.6902721033069417 0.06006589067472703 0.0617943458553869
0 0.5531649799093223 0.6908252016337866 0.03964430267345413 0.05159167490485981
0 0.9525206372533674 0.6281540356633564 0.07583634134309065 0.07493101581733086
0 0.9299382072724572 0.4865421972223434 0.05045453333863605 0.04109984387822045
0 0.52684847525464 0.6014297792003847 0.030032945337363514 0.03089717292769336
0 0.8826348512492311 0.6557896043327058 0.03315794533736351 0.03102450692008212
0 0.9273928205760951 0.7052921972223434 0.03315794533736351 0.03102450692008212
0 0.9946021125 0.50464015 0.8779541203125 0.516793175 0.5349127359375 0.5424869921875 0.10630843906250001 0.5464536921875001 0.1053812859375 0.5723754375000001 0.3400822140625 0.5747545671875 0.6266984046874999 0.5657942640625 0.9940675593750001 0.5505796000000001 0.9946021125 0.50464015
0 0.9948133374999999 0.4864875796875 0.9952513843749999 0.4488418515625 0.7519432875 0.48479505625 0.4876135203125 0.5043190546874999 0.1610208109375 0.5227459421875 0.113073340625 0.538362571875 0.3406951015625 0.5356744328125 0.5799413328125 0.5179550515625 0.7885451828125001 0.5120724875 0.9948133374999999 0.4864875796875
0 0.9958788890625 0.39491435625000004 0.8292407 0.419412475 0.4875271296875 0.46833099687499996 0.2875581375 0.4796758703125 0.21865205781250002 0.50795350625 0.5315932015625 0.48442523125000003 0.7362646328125 0.45956104375000006 0.995536096875 0.424373778125 0.9958788890625 0.39491435625000004
0 0.7343436515625 0.3953151265625 0.4647693046875 0.43802971562500004 0.39205256718750003 0.468609353125 0.623555725 0.43421035 0.91700755625 0.38775006562500003 0.9961634328125 0.37046068125 0.9964845203125 0.342866403125 0.7343436515625 0.3953151265625