0 0.9251328627730089 0.36269655169992027 0.0749691788968427 0.056472631926869445
0 0.9053062101845253 0.3181845723780847 0.0587981473268119 0.0463698858558109
0 0.6652132892507774 0.20402798883685747 0.05898015785015538 0.0494948858558109
0 0.6199239050781452 0.16618554053226856 0.04960515785015538 0.04905823821317572
0 0.482636736704646 0.12244415674337228 0.0572356473268119 0.04629711124870499
0 0.9120145676252751 0.7965107795740138 0.07211719468185862 0.061014582712657625
0 0.5639608733669398 0.3082317994236087 0.06283319994353036 0.06214043507002263
0 0.632005218077033 0.3332638786216098 0.0403211631118273 0.05018409057054054
0 0.9784714234234094 0.5380561166298976 0.04305715315318111 0.07209763192686935
0 0.9270263756448397 0.6642055477709788 0.050621626280124586 0.039756012820281586
0 0.57846996537561 0.40939403908452654 0.029763094710093262 0.02943494292790554
0 0.936183025814249 0.4851708651821557 0.03297909997176518 0.031142992142117264
0 0.9894509379283007 0.4526451555050272 0.02109812414339842 0.031142992142117264
0 1 0.6224265171875001 0.66262185625 0.47977498125 0.39140922031250003 0.36828942656249997 0.166214015625 0.286333628125 0.1588096625 0.311573740625 0.5673965062499999 0.46922527968749994 0.8872139546875 0.6170423484375 1 0.6731389515624999 1 0.6224265171875001
0 1 0.6937045578125 0.8002062000000001 0.589486509375 0.602608959375 0.508959425 0.37949569375 0.406060190625 0.16269073125 0.32177636875000004 0.20354589843749998 0.3539917703125 0.5099584921875 0.48892232812499997 0.75648084375 0.602558859375 1 0.736754734375 1 0.6937045578125
0 1 0.76408109375 0.733417046875 0.621177784375 0.5456513921874999 0.5238233734375 0.25392485 0.3888910578125 0.31077225468749997 0.44079472500000005 0.4983652625 0.523471025 0.8094846671875 0.6931273328125 1 0.7979346984375 1 0.76408109375
0 0.4071561390625 0.488934628125 0.46691122187499995 0.544417978125 0.7110313359375 0.6822200140625 0.99513518125 0.8577207781249999 0.998022 0.8286805984375001 0.883285203125 0.7550530609375 0.6175301375 0.60508150625 0.4071561390625 0.488934628125