0 0.8515625 0.7059609128065965 0.071875 0.05948540919430556
0 0.81796875 0.7418990660169784 0.0578125 0.04822060087368065
0 0.55546875 0.776915071335312 0.0578125 0.04978310087368065
0 0.50234375 0.798464069435451 0.0484375 0.049564895326597205
0 0.359375 0.797885454028472 0.05625 0.04818423328249999
0 0.9703125 0.2899157258768742 0.059375 0.06388196846486113
0 0.4953125 0.6462839735957635 0.0625 0.06395470364722229
0 0.5671875 0.6438298144014578 0.040625 0.050945557370694415
0 0.965625 0.5603373286504159 0.065625 0.07183993882958344
0 0.9484375 0.420112372153402 0.05 0.04178876291777787
0 0.540625 0.5546043134515273 0.0296875 0.030378484232430482
0 0.9 0.5931147674799992 0.0328125 0.03201371941479181
0 0.9453125 0.6404976073357631 0.0328125 0.03201371941479181
0 1 0.43696953125000004 0.8962835703125 0.4525898421875 0.549525378125 0.49467581875000005 0.11644251718750001 0.5188414046875 0.115353428125 0.545066453125 0.35248005 0.536430403125 0.642128203125 0.5138995109375 1 0.4824321625 1 0.43696953125000004
0 1 0.3813908890625 0.7691508781249999 0.42619799374999995 0.5019587453125001 0.4583501859375 0.1718629046875 0.49232277812499997 0.12332527499999998 0.510351040625 0.3533289140625 0.4969299171875 0.595166171875 0.46778021093750005 0.805972978125 0.45202715781249997 1 0.418961359375 1 0.3813908890625
0 1 0.3270660109375 0.847635925 0.35652473906250004 0.5020828953125 0.42200564375000005 0.2999686125 0.44286959687499994 0.230180125 0.47467149218750004 0.5465124703125 0.4361884984375 0.7534575046875001 0.40144861093750006 1 0.356560071875 1 0.3270660109375
0 1 0.2755488640625 0.751894021875 0.336649396875 0.47926653750000003 0.3924711890625 0.40561425937499995 0.426777378125 0.6397259515625 0.3811451359375 0.936501128125 0.32041705781249996 1 0.30361810624999996 1 0.2755488640625