0 0.6543892654212755 0.1399678457231323 0.04640344155801372 0.06408234736759484
0 0.6954506420444809 0.16638650198373456 0.03681025324641087 0.0512549651536097
0 0.7802013376596844 0.4145090326537737 0.03988070616851012 0.04823909255827132
0 0.8122695438281944 0.4624753067003907 0.041334112012708604 0.04204365626060227
0 0.8389020020252996 0.601602294086519 0.036755706168510115 0.04812996515360979
0 0.23188697402541764 0.08929814609380124 0.049528441558013545 0.06419147477225653
0 0.6684064955324779 0.49570941423478665 0.05246252678536116 0.05336310217691818
0 0.6515814598186629 0.426413777211478 0.04429547077900686 0.03277778366526398
0 0.4911704707790069 0.04838300253188873 0.06046594155801373 0.06457342068857252
0 0.36236936079489285 0.0946354652384277 0.032013659090609534 0.04484127404661713
0 0.5718627321397973 0.46657249654143895 0.023873876623205347 0.025818455534962936
0 0.5367926623370204 0.11243806804831813 0.023928423701106104 0.028943455534962848
0 0.5741466120127089 0.06064987875542409 0.025490923701106106 0.028998019237293705
0 0.357474046875 0.01248326875 0.40359788593749996 0.139764796875 0.5125159874999999 0.4687692515625 0.6214340921875 0.8845131359374999 0.6466904625 0.8811043140624999 0.59144215 0.652689 0.5125159874999999 0.375721496875 0.40563028437500004 0.014164921875 0.357474046875 0.01248326875
0 0.3382151203125 0.011810732812499999 0.2982962953125 0.010416735937500001 0.403597884375 0.267508321875 0.48725961562500003 0.52106756875 0.5851280578125 0.8352997390624999 0.611962953125 0.8792859859375 0.55355759375 0.6585907718749999 0.4777884765625 0.42910098750000003 0.420961640625 0.227413390625 0.3382151203125 0.011810732812499999
0 0.2418730390625 0.0084463921875 0.3215146765625 0.20328139374999998 0.4525321046875 0.52713464375 0.5125159874999999 0.719525059375 0.5567146390625 0.7817683578125 0.45726767500000004 0.48164726093750004 0.38307708281249997 0.286935903125 0.27309945625 0.00953684375 0.2418730390625 0.0084463921875
0 0.321514675 0.2994833078125 0.42885425625 0.5542823234375 0.476209953125 0.6198450859375 0.3862341296875 0.40065100468750003 0.2694234078125 0.123276953125 0.21293013125 0.0074356843749999995 0.1846031734375 0.006446484375 0.321514675 0.2994833078125