0 0.06825402661738361 0.6679461867678579 0.06903384288963735 0.04805018083635879
0 0.09309751772013505 0.7112160257031626 0.056279174904859786 0.04129084486680377
0 0.3438204179104155 0.7996869125847511 0.053217841901054184 0.042726010874414834
0 0.3917658279865276 0.8329424229648744 0.043906508897248564 0.043906508897248384
0 0.5337795730436118 0.8622054531166613 0.05315417490485981 0.04116351087441501
0 0.04139036806132725 0.23253792737631773 0.06616351087441492 0.054172846843970036
0 0.4338153596211892 0.6844067638773454 0.05691584486680377 0.05691584486680377
0 0.3641076960850359 0.666697999048598 0.03465884288963732 0.046649506920082115
0 0.008418700570841276 0.5007321704562354 0.016837401141682553 0.06396434091247087
0 0.03904000638860959 0.3670402613687065 0.04664950692008222 0.03465884288963732
0 0.41048263038143595 0.5848550914439437 0.027644838935304606 0.027644838935304606
0 0.04659388532435176 0.5465513478325532 0.03233233893530466 0.02783583992388792
0 0.002802064696426357 0.5857929199619439 0.005604129392852714 0.027644838935304606
0 0 0.42533084062500004 0.3199689515625 0.5233541359375 0.601299515625 0.606439984375 0.8339044156250001 0.6648076234375 0.8389428265625 0.63877321875 0.41607565468749996 0.5239132671875 0.0827994796875 0.4095745421875 0 0.37846909375000004 0 0.42533084062500004
0 0 0.3594391703125 0.17228623125 0.4280139671875 0.37718989375 0.4878494265625 0.6096715953125 0.567393115625 0.83411290625 0.628971225 0.790292978125 0.6010235890625 0.4716108109375 0.49817264375 0.21474258281249997 0.41034216562500003 0 0.31906932656250003 0 0.3594391703125
0 0 0.2922100078125 0.2360418359375 0.389289309375 0.4326966171875 0.46699558437500005 0.7367089625000001 0.5713901640625 0.6750750812499999 0.5254200828125 0.4799639359375 0.46238363125 0.1533361453125 0.32527783125 0 0.2602371609375 0 0.2922100078125
0 0 0.23360465625 0.073831446875 0.27105886875 0.35330564062500003 0.393229496875 0.5742995625 0.4873671953125 0.509426778125 0.43812030625 0.2527007046875 0.3258559171875 0 0.20312816875 0 0.23360465625