0 0.14681923916276612 0.3445226805217675 0.07072367688202616 0.04883747579950315
0 0.17325706376361474 0.30328005698520066 0.05790534190105419 0.040952252926866176
0 0.4297670489348671 0.23447655659241712 0.05490767589344294 0.04405907220870695
0 0.47855737600717363 0.20507994808296495 0.047158842889637495 0.0455761204133089
0 0.623887122052841 0.1871798966569092 0.054780341901054186 0.04093407220870704
0 0.10367666459909855 0.7808869065176625 0.06785334486680372 0.05506929508134384
0 0.5168279916342241 0.3583913004440971 0.05854201186299797 0.05657725292686626
0 0.44543049410568203 0.3696918939264347 0.0362213428896375 0.04551248789975162
0 0.054971273268885644 0.5056687378997516 0.07136034684397005 0.06446247579950323
0 0.10595013593018647 0.6449948583130605 0.046713173916276586 0.034638620413308986
0 0.48955717889637357 0.45586574326250473 0.029207338935304604 0.026726126463433177
0 0.11965851437163708 0.4638675781606354 0.03233233893530465 0.02674430718159222
0 0.0655957554743885 0.4213755511314682 0.03239600593149905 0.02830680718159222
0 0.026158315625 0.6419710484375 0.15195024375 0.6055902265625 0.492561796875 0.5179025765625 0.923670640625 0.4370501375 0.919500446875 0.410436303125 0.68253181875 0.45006695937499996 0.39548288593750003 0.5105702625 0.0241564703125 0.59284225625 0.026158315625 0.6419710484375
0 0.026956440625 0.661558446875 0.028611865625 0.7021854796875 0.28522807031249997 0.615656625 0.547739553125 0.5483689859374999 0.8732073249999999 0.47104328906250004 0.9184471671875001 0.4465176875 0.6896098109375 0.49004985 0.45201878906250004 0.551001325 0.242974175 0.5943847437499999 0.026956440625 0.661558446875
0 0.030962435937499998 0.759872621875 0.22021309687500001 0.6962173859375 0.5549132984375 0.5850717515625 0.7541812359375 0.537662546875 0.818047175 0.49646329375000003 0.5073401750000001 0.5765475437500001 0.305995946875 0.6385930375 0.029666964062500002 0.7280794546875 0.030962435937499998 0.759872621875
0 0.3205828171875 0.703798253125 0.5838124484375 0.611909671875 0.6510649515625 0.5676788484374999 0.424560878125 0.6442608234375 0.1380083171875 0.7442499109375 0.032124053125 0.7883807296875001 0.03331174375 0.8175287453125 0.3205828171875 0.703798253125