0 0.3365106328125 0.46269947968749997 0.44457190312500006 0.8294978984375 0.5085352890625 0.9790273171875 0.590907965625 0.975190746875 0.5227346453124999 0.7869731437499999 0.425388659375 0.4823932375 0.3872371203125 0.326381165625 0.335713021875 0.14684799531249998 0.31284866875 0.0070524796875 0.231029075 0.0224886375 0.26692169374999997 0.2275405625 0.3365106328125 0.46269947968749997
0 0.3615665421875 0 0.3764524234375 0.0992288375 0.43769557031249995 0.35332319375 0.500617990625 0.6244642546875 0.5591775218749999 0.8564925890625 0.6010985625 0.9735948078125001 0.6590754515625 0.9626568359375 0.5851706109375 0.6918532015625 0.5573654359375 0.5095823312500001 0.53892863125 0.3567967890625 0.514789615625 0.1495248140625 0.4907010234375 0 0.3615665421875 0
0 0.2606996046875 0.5342988 0.3329529109375 0.748117271875 0.44024700625 0.9822078953125001 0.5006602499999999 0.979394103125 0.4820353125 0.9387606406250001 0.406457846875 0.7602937390625 0.3499227171875 0.58170595625 0.291376371875 0.38439956249999996 0.2111036890625 0.026247778125 0.134241225 0.0407487171875 0.193794278125 0.3212059015625 0.2606996046875 0.5342988
0 0.3520139890625 0.7914003468749999 0.2586878875 0.51557768125 0.24398973750000003 0.5200877796875 0.241346153125 0.5935096484375 0.2998899546875 0.782136065625 0.40209307031249997 0.9839849421875 0.44466353437499995 0.9820021921875 0.3520139890625 0.7914003468749999
0 0.173858789109603 0.3757533631107318 0.11281633134415214 0.251459800247669
0 0.0631719180911505 0.3448736983045889 0.041215805176967255 0.09229881596343467
0 0.20882938346676044 0.7744263035574379 0.05033319994353027 0.06155823821317554
0 0.25732633860137544 0.9076904137726857 0.0519867052052021 0.06319351282028159
0 0.07030333667641117 0.1714169276264245 0.028382605233436962 0.032487168320799585
0 0.11002161519208334 0.6247045934660248 0.07742632096198276 0.09866013192686936
0 0.5118283828125 0 0.5325038156249999 0.16875515000000002 0.5573198171875 0.3967319796875 0.5855025078125 0.6848446578125 0.6199686468750001 0.8224513703125 0.6620187328125 0.9621015546875 0.7298969171875 0.949295596875 0.7031637078124999 0.8310651625000001 0.66500406875 0.6576910984375 0.656592371875 0.5116972703125 0.6471651953124999 0.3346396484375 0.607629259375 0.059086476562500004 0.599617809375 0 0.5118283828125 0
0 0.7093376176817449 0.7464145419800106 0.04481124203690499 0.07376713978475227
0 0.7437111596339454 0.9061876482663169 0.053260778868607875 0.08506851282028158
0 0.7083009495200072 0.473066933212505 0.1018032366340588 0.22289815260503384
0 0.6983512839185183 0.2753379086053991 0.07888240514873246 0.12366013192686945