0 0 0.4683325 0.20833249999999998 0.4366675 0.5183325 0.4016675 0.675 0.395 0.8566675 0.38 0.9974999999999999 0.385 0.9974999999999999 0.3033325 0.7916675 0.2983325 0.5533325 0.32 0.1816675 0.3533325 0 0.3916675 0 0.4683325
0 0 0.5349999999999999 0.2883325 0.515 0.4683325 0.5233325 0.6183325 0.5349999999999999 0.8216675 0.5516675 0.9974999999999999 0.5583325 0.9974999999999999 0.4333325 0.8949999999999999 0.42833249999999995 0.64 0.4383325 0.3683325 0.44666750000000005 0.135 0.45833250000000003 0 0.47833249999999994 0 0.4816675 0 0.5349999999999999
0 0 0.385 0.06999999999999999 0.3683325 0.255 0.32999999999999996 0.4366675 0.31 0.6366674999999999 0.2916675 0.9974999999999999 0.2833325 0.9974999999999999 0.2066675 0.7150000000000001 0.21000000000000002 0.49833249999999996 0.2333325 0.27999999999999997 0.2616675 0 0.3283325 0 0.385
0 0.5166675 0.23500000000000001 0.515 0.22000000000000003 0.445 0.2033325 0.2533325 0.2233325 0.0033325 0.2933325 0 0.3333325 0.23500000000000001 0.2716675 0.5166675 0.23500000000000001
0 0.66640625 0.1796875 0.23671875 0.06328125
0 0.715625 0.0796875 0.08515625 0.0234375
0 0.2765625 0.1375 0.053125 0.03828125
0 0.140625 0.15859375 0.0546875 0.03984375
0 0.88046875 0.1203125 0.028125 0.0234375
0 0.4390625 0.071875 0.08515625 0.06015625
0 0 0.605 0.13333250000000002 0.6016675 0.3066675 0.5983324999999999 0.44833249999999997 0.6183325 0.62 0.6433325 0.8916675 0.6583325 0.9974999999999999 0.665 0.9974999999999999 0.58 0.8 0.5650000000000001 0.5766675 0.545 0.29500000000000004 0.5166675 0.15666750000000002 0.5233325 0 0.5383325 0 0.605
0 0.21328125 0.62421875 0.06640625 0.03203125
0 0.04765625 0.62734375 0.09140625 0.03828125
0 0.47578125 0.67578125 0.20859375 0.05859375
0 0.6671875 0.70390625 0.11171875 0.0546875