0 1 0.45141609843749997 0.8857653765625001 0.40023494375 0.511584259375 0.28300143437499997 0.2716977390625 0.20752458906250001 0.0672347140625 0.1680905515625 0.049955060937500004 0.2515523140625 0.18772553125 0.276533253125 0.3708966953125 0.33251377187500003 0.53018858125 0.3743779765625 0.8407627015625 0.479524228125 1 0.5402929390625 1 0.45141609843749997
0 1 0.5515262375 0.9113959125 0.5180909578125 0.67452221875 0.45396585937499995 0.3976205078125 0.384672703125 0.138168390625 0.317404378125 0.039739159375 0.3008957359375 0.013246448437499999 0.4288571359375 0.187267540625 0.45998192812500005 0.3993717609375 0.488412403125 0.5557077734375 0.510028090625 0.7421103812500001 0.5417659265625 0.9982482031250001 0.6164078546875 1 0.6079465703125 1 0.5515262375
0 1 0.3782107359375 0.8043142781249999 0.284464584375 0.5863578281249999 0.20664086250000002 0.36904973124999996 0.1343072421875 0.0876513703125 0.0694768625 0.0713955 0.1479936953125 0.4321030296875 0.2353763453125 0.633373203125 0.29886668125 0.8154853484375 0.35996232031250003 0.997132971875 0.44055795 1 0.4419315015625 1 0.3782107359375
0 1 0.33577621406249997 0.8397883609375001 0.2512119265625 0.6474185625 0.1878795 0.57208475625 0.1892732328125 0.567197240625 0.2042456046875 0.8483556828125 0.3047603671875 1 0.38168149375 1 0.33577621406249997
0 0.4246571207253126 0.11462228994272991 0.2574514369297223 0.12171355736790748
0 0.394858558320625 0.012035281309682906 0.09284211664125 0.024070562619365812
0 0.8335970160519098 0.1583144618873688 0.06526263050895835 0.05230793467536325
0 0.9674891656531944 0.20988495786923328 0.06502166869361119 0.05545111600890866
0 0.21746025693385418 0.010555144653091533 0.03492051386770836 0.021110289306183066
0 0.681124019851632 0.05380986990773151 0.10345361474138884 0.0824317866804539
0 0.875402915625 0.5797409359375 0.7349179078125 0.5419804390625 0.4399922390625 0.507962215625 0.20666944062499998 0.47846795000000003 0.010496696875 0.45098087812500004 0.0125952671875 0.5411440421875 0.09287195000000001 0.55344523125 0.3747160953125 0.59886613125 0.5561017484375 0.611688915625 0.7056528578125 0.6229158953125 0.8827475218749999 0.665099040625 0.9830930359375 0.6896082328124999 0.997737925 0.61887253125 0.875402915625 0.5797409359375
0 0.7962886521635422 0.6706059238940503 0.07609102773541672 0.04774770401018138
0 0.9487057905562853 0.7055610845401421 0.06838763050895835 0.05234429734245403
0 0.5156016966164589 0.6644944732654576 0.22907186379145833 0.1104487933640895
0 0.31287608690906304 0.6504427059595927 0.1284899823325695 0.08428518801718106