0 0.57678015625 0 0.5878891203125 0.1110239890625 0.5844693234375 0.2970559328125 0.5879033703125 0.45692971250000003 0.572491559375 0.7752137078125 0.55406509375 0.987262240625 0.6322861359374999 0.9804299203125 0.6590947453125 0.794911 0.6687843453125 0.41408175312499995 0.67529589375 0.1698440328125 0.6602295359375 0 0.57678015625 0
0 0.3987663375 0 0.4153578484375 0.1618772671875 0.44560020468749995 0.3671213625 0.4672703453125 0.5185855703125 0.48750206875 0.7008468203125 0.4859742140625 0.9914157375 0.5116425515625 0.9909676953125001 0.5438719375 0.9881525765625 0.555214828125 0.8516964546875 0.5518669187499999 0.6134343796875 0.5426262828125 0.3364940703125 0.5361688640625 0.076351178125 0.527500575 0 0.3987663375 0
0 0.678808403125 0 0.69219809375 0.3268366015625 0.6865810328124999 0.5318032515625 0.6780695531250001 0.71827993125 0.6511068921875001 0.9097753375 0.6391448625 0.979830834375 0.6968514046875 0.9747903796875 0.746023590625 0.68678489375 0.760630221875 0.46229025625000003 0.770251278125 0.2399333546875 0.7576985296875 0 0.678808403125 0
0 0.7868017921875 0.7104873859375 0.7946606921875 0.51384390625 0.7731195078125 0.444158840625 0.757735640625 0.4437977484375 0.7387768343750001 0.7334249734375 0.6918216234375001 0.9752297125 0.7217113234375 0.97261895625 0.731832721875 0.9708837593749999 0.7868017921875 0.7104873859375
0 0.8037188558771735 0.28672174067109973 0.0842396863754999 0.24675799756436803
0 0.9024926991631194 0.22719100771722833 0.030205650467538446 0.08958069724005649
0 0.87330308538911 0.6792171578793841 0.04252384328594587 0.05854888555165925
0 0.8599940434310239 0.8184978461909868 0.0440954336450254 0.06013865909060954
0 0.8511079820460191 0.0632609212720647 0.025172716822512698 0.030123876623205436
0 0.9297626845287883 0.507936447246647 0.0677238311856975 0.0933602621748646
0 0.3351724359375 0.3750620078125 0.371833525 0.54736923125 0.40144502812500005 0.68961825 0.4093603671875 0.8661411265625001 0.41430337812499995 0.9926667578125 0.482702115625 0.9914728531250001 0.48760897031250006 0.835449159375 0.48536888593749994 0.6942164281250001 0.4381358125 0.41037081718749996 0.40319485312500003 0.18509208125 0.377170353125 0.0007808593750000001 0.290413946875 0.0083587140625 0.302168915625 0.1001973015625 0.3351724359375 0.3750620078125
0 0.3813195975875542 0.787013435879266 0.03634656615858276 0.0709397913958579
0 0.3897446550637341 0.9501310446455641 0.044249969749379045 0.08670115909060953
0 0.3117575730924698 0.5249731319015065 0.07469196955298721 0.21690685633066592
0 0.2706972776183424 0.33195951745316565 0.06474427693097126 0.11830571509696393