0 0 0.5214914562499999 0.17701909375 0.4578714609375 0.5151919375 0.3500876765625 0.687521403125 0.307613403125 0.8864109328125 0.25044869687500004 0.9511632656250001 0.23959115312499998 0.9407304609375 0.1516934625 0.804003165625 0.1761548671875 0.543331015625 0.25331571875000003 0.1367739984375 0.373145375 0 0.43080016875 0 0.5214914562499999
0 0 0.6006336734375 0.27557796875 0.5251630328125 0.47563893906250004 0.49377329999999997 0.6429667718750001 0.47275754531249997 0.86990081875 0.4451961625 0.9733715999999999 0.42809493125 0.9734261343749999 0.42715863593750003 0.957266809375 0.29101427812499997 0.93503138125 0.2944478390625 0.6544290312500001 0.362653234375 0.355186153125 0.432792625 0.09875167812499999 0.4979401171875 0 0.5330344234375 0 0.6006336734375
0 0 0.421450953125 0.0152672625 0.41457539062500004 0.21482595624999998 0.33126145 0.41306943125 0.268653659375 0.6317943671874999 0.2037403359375 0.9386514296874999 0.1341773515625 0.9286250015625 0.049703421875 0.7078361578125001 0.09722804375 0.4713318796875 0.1713309953125 0.233633375 0.2512540109375 0 0.35646558125 0 0.421450953125
0 0 0.36046553124999997 0.18517940156249998 0.2722553390625 0.491816103125 0.16902489999999998 0.4880345734375 0.15307046875000002 0.4084981609375 0.1506606390625 0.1992000015625 0.2155162421875 0 0.31417533125 0 0.36046553124999997
0 0.6507441816688531 0.07543632521847392 0.27695588410204497 0.12192779044572384
0 0.21390433432792394 0.11700432891289063 0.06871917889684287 0.0550344924781526
0 0.06650641858526067 0.1704285087754886 0.07028167889684286 0.05507995658477531
0 0.3848531421357271 0.024777376484750438 0.10162268415851469 0.049554752969500876
0 0 0.680740746875 0.1154287296875 0.654351828125 0.3066141859375 0.6117588265625 0.465804590625 0.601687521875 0.6588078625 0.5903153015625 0.9610658750000001 0.5455787812499999 0.9665739437499999 0.5448062046875 0.9721704609374999 0.4487177046875 0.8476707843750001 0.46458059531250007 0.5981995359375001 0.49300922500000005 0.28316413749999997 0.5254795734375 0.1311031125 0.5638297609375 0 0.603290325 0 0.680740746875
0 0.20640775063528452 0.660830885260239 0.08241765785015547 0.049193669437756785
0 0.038982116109716525 0.6987126331486679 0.07796423221943305 0.05736988229073816
0 0.5036999795885972 0.6584199729486183 0.245159852532014 0.11164350831327034
0 0.7189077506352846 0.6459186582879997 0.13910727360693614 0.08515991316955063