0 1 0.361809665625 0.8695140015625 0.3432647578125 0.6096976171875 0.336580325 0.2046030859375 0.3256637234375 0.01711474375 0.3428605109375 0.005405625 0.4264477515625 0.220698203125 0.41902284375 0.559670115625 0.4203552265625 0.7293122453125 0.43292990312499996 0.927124334375 0.439661871875 1 0.4508593328125 1 0.361809665625
0 1 0.5032090453125 0.9610731015624999 0.4966945140625 0.685083875 0.475306865625 0.3914059859375 0.450017378125 0.1384873140625 0.433162678125 0.0038856046875 0.4372986390625 0 0.46503659218750004 0 0.49978563125 0.2949587125 0.5137118265625 0.4874463140625 0.5454300703125 0.6471380625 0.5769631125 0.8634820718749999 0.6206277109375 0.9821442453125 0.63915404375 1 0.511688146875 1 0.5032090453125
0 1 0.2592114390625 0.800353275 0.2381974171875 0.5636074453125001 0.23604593437500002 0.32431269375 0.23908648906250002 0.026746943750000002 0.27409965468749997 0.0181745953125 0.3352946046875 0.0821374828125 0.327767303125 0.2870662265625 0.30972315625 0.485634690625 0.3110556265625 0.7036836078125 0.3165028 1 0.344293184375 1 0.2592114390625
0 0.58356485625 0.22375198593749998 0.51073975 0.1969172140625 0.3014075046875 0.19432252187500001 0.03197966875 0.23674509062500002 0.026036546875 0.279170928125 0.2743629171875 0.2442054875 0.583090590625 0.24016095 0.58356485625 0.22375198593749998
0 0.75234375 0.19967650484656188 0.2640625 0.1092711229095141
0 0.82109375 0.09729508083461738 0.0953125 0.039718423062013966
0 0.33984375 0.1045900489182289 0.0625 0.049892203647222286
0 0.190625 0.10962565387597205 0.065625 0.05308993882958339
0 0.9875 0.16217193237388808 0.025 0.030269381458888932
0 0.525 0.05418673936333289 0.1 0.08045252583555565
0 0 0.577173971875 0.115009434375 0.58773956875 0.3020879765625 0.60601681875 0.4515476109375 0.6454960609375 0.6325449125 0.6941617796874999 0.9226927968749999 0.7446507203125 0.9662548640624999 0.7525826906249999 0.9792405734375 0.6598823234375 0.83814276875 0.6322905515625 0.6007780078125 0.5825030609375 0.30188321406249996 0.5163541453125 0.151976859375 0.5060910515625 0 0.5029106875 0 0.577173971875
0 0.19765625 0.6227432497156595 0.0765625 0.045532011967847195
0 0.03515625 0.6038692291984374 0.0703125 0.054761541603125075
0 0.47265625 0.7108738036678816 0.2328125 0.09916877108590291
0 0.67421875 0.7663386344055898 0.1296875 0.07801851006798621