0 0.280204859375 0.64053261875 0.3108815140625 0.8952835328125 0.3341360859375 0.99141010625 0.4245161015625 0.9893064875 0.41191292968750004 0.939717796875 0.3869262671875 0.745970928125 0.358745634375 0.5806787812499999 0.3260581984375 0.2473773421875 0.3128678734375 0.02377251875 0.23159239375000001 0.045737239062500004 0.2318841859375 0.24339874843749998 0.280204859375 0.64053261875
0 0.33248901875 0.16470511875 0.3726242390625 0.4113787828125 0.42490472187500006 0.6970790703125 0.4716748421875 0.9658732484374999 0.4776401265625 0.9880700125 0.526471509375 0.9869334500000001 0.61372994375 0.9633518343749999 0.5856828328125 0.8541282625 0.5223155828125 0.6468401625 0.47623422499999996 0.49374435781250003 0.4269344421875 0.3084084734375 0.383627425 0.00464973125 0.323459059375 0.0209102484375 0.33248901875 0.16470511875
0 0.176132 0.607956925 0.20017375781250002 0.8405873250000001 0.2312818734375 0.9938040640624999 0.317914721875 0.9917876625 0.268968775 0.7355428453124999 0.243385140625 0.5217244265625001 0.22368898593750003 0.3265477984375 0.22264097343749997 0.12265355 0.22446584375 0.047663190625000004 0.16450592656250002 0.0638673734375 0.157008928125 0.37215965156249997 0.176132 0.607956925
0 0.11044891718750001 0.35531060000000003 0.1323941359375 0.5609160390625 0.16577349218749998 0.6291516015624999 0.18202004375 0.6266013218750001 0.1574691546875 0.32237048437500004 0.16973211562499999 0.0624549953125 0.138675259375 0.07084811875 0.1282894171875 0.07457369375 0.11044891718750001 0.35531060000000003
0 0.15789175700194008 0.7987972566495138 0.13740082939624548 0.26860714247680556
0 0.06222210373656274 0.8783048783247569 0.0502033858421822 0.09640352773541672
0 0.026319419422628155 0.40377831022048605 0.05263883884525631 0.06686149810013901
0 0.022688477134509236 0.2556317509499305 0.04537695426901847 0.06998649810013893
0 0.016396293199092797 0.5861186847455209 0.032792586398185594 0.09963763050895835
0 0.400832703125 0 0.3870837671875 0.003715653125 0.4061387703125 0.1687148484375 0.4301983890625 0.31488505624999996 0.523525871875 0.600529003125 0.594916809375 0.82771918125 0.6338385484375 0.9579174796875 0.72473625625 0.93335235 0.71428866875 0.89662884375 0.6373173890625 0.61760125 0.5722557328125 0.445721278125 0.5192323390625 0.30370058437499997 0.48377695468750004 0.12197915625 0.46072231406249997 0 0.400832703125 0
0 0.5254191183341691 0.1993174014074301 0.05272818511654265 0.07928876291777787
0 0.489097216334736 0.038403964096458146 0.06555556733052796 0.07680792819291629
0 0.6397171981937506 0.4581631117041661 0.12375499164729753 0.2355037017473613
0 0.71266608095589 0.6492771145539578 0.09213791469812271 0.13484908510611113