0 0.6516675000000001 0.5583325 0.385 0.5366675 0.0066675 0.545 0 0.6566675 0.2933325 0.615 0.6516675000000001 0.5583325
0 0 0.985 0.21000000000000002 0.925 0.3583325 0.89 0.6083325 0.8633325 0.6849999999999999 0.8116675000000001 0.8383324999999999 0.8400000000000001 0.8283324999999999 0.6933325 0.6966675 0.6733325 0.5133325 0.6950000000000001 0.30166750000000003 0.7333325 0 0.7866675 0 0.985
0 0 0.8016675 0.3166675 0.7266675 0.3183325 0.7116675 0.2533325 0.6716675000000001 0.3216675 0.65 0.39 0.6 0 0.6566675 0 0.8016675
0 0.355 0.3516675 0.45499999999999996 0.3616675 0.4816675 0.3116675 0.3933325 0.2716675 0.2983325 0.1766675 0.20833249999999998 0.11333249999999999 0.005 0.0816675 0 0.2833325 0.25 0.305 0.355 0.3516675
0 0.4183325 0.36666750000000004 0.2433325 0.3083325 0 0.28500000000000003 0.0033325 0.4733325 0.5033325 0.45499999999999996 0.8066675 0.5133325 0.6166674999999999 0.4016675 0.4183325 0.36666750000000004
0 0.2 0.5425 0.12 0.5425 0.1025 0.5575 0.1025 0.5925 0.1575 0.5974999999999999 0.1975 0.5775 0.2 0.5425
0 0.28250000000000003 0.5425 0.215 0.5475 0.215 0.6 0.26 0.6025 0.29 0.5900000000000001 0.28250000000000003 0.5425
0 0.325 0.5625 0.315 0.545 0.305 0.545 0.29500000000000004 0.5549999999999999 0.3025 0.585 0.3175 0.58 0.325 0.5625
0 0.0675 0.5900000000000001 0.005 0.5875 0 0.65 0.015 0.6525000000000001 0.08 0.6125 0.0675 0.5900000000000001
0 0.06796875 0.90390625 0.03046875 0.03671875
0 0.0265625 0.43828125 0.05234375 0.0921875
0 0.33984375 0.4421875 0.04765625 0.04765625
0 0.0671875 0.23359375 0.08984375 0.0578125
0 0.12734375 0.6921875 0.0703125 0.0453125