0 0.351287734375 0.9697814296875 0.428061915625 0.597131271875 0.4565898546875 0.3113859625 0.32747653125 0.6772295875000001 0.23707860625000002 0.9469755234375 0.351287734375 0.9697814296875
0 0.1254536859375 0.2926238578125 0.0489927125 0.5505816609374999 0.018062546875 0.620769475 0.02632966875 0.904892015625 0.10060596562499999 0.9197239156249999 0.20385632031249998 0.643435071875 0.2852650625 0.42836173281249995 0.3435711390625 0.23963709375 0.34781135937499996 0.09658662500000001 0.19452615625 0.0550487546875 0.1949231171875 0.22270569375 0.1254536859375 0.2926238578125
0 0.25978834375000004 0.707429390625 0.22999951875 0.6304422468750001 0.2138040953125 0.629027940625 0.0866380140625 0.91693471875 0.23718187031250001 0.9469961437500001 0.362003403125 0.578475825 0.295904303125 0.6399576437500001 0.25978834375000004 0.707429390625
0 0.627871059375 0.9930326328125 0.8389303046875 0.9905767359375 0.841978103125 0.872864915625 0.792318334375 0.7645872359375 0.7101130265625 0.6443461671875 0.6848268671875 0.5427552312499999 0.6267673421875 0.5603065984375 0.6180543546874999 0.667857121875 0.6471809359375 0.788428178125 0.627871059375 0.9930326328125
0 0.6254861453125 0.9930603843749999 0.6423676859375 0.7947539765625 0.6144006906249999 0.5979112062499999 0.615631240625 0.3813958546875 0.5341207171875 0.1574676625 0.537321865625 0.489622859375 0.427622684375 0.9850244125 0.4765449109375 0.994793471875 0.6254861453125 0.9930603843749999
0 0.370755771875 0.8753075734375001 0.3861923734375 0.7909577359375 0.3486703 0.7861973812499999 0.31978646875 0.8241458500000001 0.3144651859375 0.883192975 0.351504865625 0.8905892640624999 0.370755771875 0.8753075734375001
0 0.3532904140625 0.6860263484375 0.3342732328125 0.7150160078125001 0.3282358359375 0.7629910984375 0.38379535468750003 0.774085528125 0.4021113703125 0.7039719640625 0.3532904140625 0.6860263484375
0 0.40573679843750005 0.6691765359375 0.3891465328125 0.6549346625 0.3691795109375 0.6591443156250001 0.360993765625 0.6739032984375 0.39129488281249997 0.688150771875 0.4038072234375 0.679720265625 0.40573679843750005 0.6691765359375
0 0.288958109375 0.9026899171875 0.24674787812500001 0.9489063375000001 0.304708871875 0.96048030625 0.31035736406250003 0.9206243359374999 0.288958109375 0.9026899171875
0 0.46763669101235517 0.97692229527373 0.10417067445232178 0.03713746801399935
0 0.5195268337944416 0.6652757232654577 0.061102636051661816 0.060065890674726855
0 0.6869406204792418 0.966555317910595 0.08118781551854859 0.05248974801081765
0 0.2134539932030684 0.8360813086410012 0.06490959765100204 0.08353975334181776