0 0.5749123515625 1 0.4787991015625 0.6283338921875 0.3750773875 0.345926915625 0.42378641874999995 0.7444894453125 0.45903363124999996 1 0.5749123515625 1
0 0.3209772109375 1 0.2961856796875 0.761829215625 0.2725501640625 0.52532143125 0.239886490625 0.323033971875 0.1788415828125 0.185666746875 0.0207868109375 0.2075149046875 0.0972060140625 0.36636685 0.0658339828125 0.4604351390625 0.1134177953125 0.7356389125 0.12138069062500001 0.90319064375 0.1213997625 0.9231517531250001 0.1430240921875 1 0.3209772109375 1
0 0.45925589999999994 1 0.410342790625 0.637033678125 0.37820442656250003 0.7217541109375001 0.3760135765625 0.80017604375 0.3140341765625 0.7390611578125 0.298684178125 0.7441905359375001 0.3106275703125 1 0.45925589999999994 1
0 1 0.7694987453125 0.979798671875 0.7244706171875 0.88557768125 0.6416181796875 0.756372146875 0.560422628125 0.687320309375 0.47417380624999994 0.642554 0.5140172203125 0.6834320375 0.619502359375 0.764582134375 0.722218046875 0.8563477625000001 0.9681602640625 1 0.9379339468750001 1 0.7694987453125
0 0.7050276625 1 0.8544147640625 0.9685669906250001 0.7630805656249999 0.7301407078125 0.6483824125 0.5546234828125 0.5512763406250001 0.3487825875 0.3756634453125 0.1689696625 0.529255090625 0.48271598437499996 0.65524780625 1 0.7050276625 1
0 0.5529512390625 0.915060303125 0.5287046156249999 0.8288929828124999 0.49246818125 0.8393697625 0.4834519859375 0.88690145625 0.5054064171875 0.94502948125 0.5424005578125 0.9372454265625001 0.5529512390625 0.915060303125
0 0.45122082812500003 0.742518815625 0.44710111875 0.7776115796874999 0.463382284375 0.8255246953125001 0.5188734937499999 0.813848615625 0.5037002828125 0.74003293125 0.45122082812500003 0.742518815625
0 0.4912076515625 0.705583459375 0.46967975156249997 0.698704571875 0.45345580312499995 0.7106747828125 0.45271716875 0.7279431656249999 0.48669955312499996 0.7293493062499999 0.49423847812500005 0.716354375 0.4912076515625 0.705583459375
0 0.5244208890625 1 0.51865675625 0.98217168125 0.491086271875 0.9737120703125001 0.48356418437500004 1 0.5244208890625 1
0 0.6911782039753184 0.9744130220145661 0.10999504809323427 0.05117395597086762
0 0.5924107994439967 0.6560509536109529 0.06629961179556502 0.06667284684397004
0 0.8951538866447905 0.9032084323935956 0.08830358656782167 0.11593801779449713
0 0.3917039936310321 0.94042465912471 0.07018850362819702 0.0886751808363588