0 0.278234421875 0.020592140624999998 0.35055504531250004 0.29008933125 0.4580070671875 0.666915821875 0.44618259687500006 0.3793123 0.3924690546875 0.008563528125 0.278234421875 0.020592140624999998
0 0.2939954234375 0.534344271875 0.225337384375 0.3123027234375 0.14086133125 0.035057171875 0.0008692265625000001 0.049797978124999996 0.0039161640625 0.2243568875 0.008734182812500001 0.235818178125 0.0655345546875 0.3905078796875 0.12676545156250002 0.65485515 0.191961740625 0.7310347687500001 0.18181526718750002 0.8981896953125 0.3370599546875 0.8710110406249999 0.3411519703125 0.7279634125000001 0.2939954234375 0.534344271875
0 0.2848247296875 0.25368340625 0.316909115625 0.324324034375 0.379235753125 0.3917775234375 0.2783646171875 0.02057843125 0.12725340624999998 0.03649005 0.2344176515625 0.32759427812499997 0.2506471171875 0.32768885000000003 0.2848247296875 0.25368340625
0 0.6683121171875 0 0.675774903125 0.20890767187499998 0.6397227828125 0.3264376515625 0.64215484375 0.4344994515625 0.699020771875 0.4573972890625 0.730140046875 0.3584379015625 0.8190936984375 0.2461693171875 0.8749029187499999 0.14280664999999998 0.87952350625 0 0.6683121171875 0
0 0.4737961125 0 0.46958049375 0.00044389375000000004 0.5488647609374999 0.4966754 0.5263554609375001 0.8276116437500001 0.6206466921875 0.6118790296875 0.6320120359375 0.3958500015625 0.67134388125 0.2021521515625 0.665970671875 0 0.4737961125 0
0 0.386920553125 0.0795544 0.34956097656249996 0.08348826718749999 0.3514323171875 0.14286605937500002 0.3780231390625 0.1833932703125 0.41571037187500004 0.18213284999999999 0.40522539062499996 0.0965825796875 0.386920553125 0.0795544
0 0.3768036921875 0.28371572343749996 0.426523009375 0.2703565671875 0.4123392234375 0.19873550625 0.3562998578125 0.20463630625 0.3595291171875 0.253039325 0.3768036921875 0.28371572343749996
0 0.42680336875 0.2946985703125 0.4148185796875 0.28512874843749997 0.38377905156250003 0.29652097187500004 0.39108207031250003 0.3119996671875 0.410744825 0.3180530703125 0.4281139921875 0.305392353125 0.42680336875 0.2946985703125
0 0.34764233906249997 0.045779032812499995 0.34499136875 0.01356280625 0.291776553125 0.0191661890625 0.3252637453125 0.061675178124999994 0.34764233906249997 0.045779032812499995
0 0.017824474025417678 0.08125 0.03346706493480816 0.0375
0 0.5087437544642268 0.00859375 0.10186250892845372 0.0171875
0 0.5407473254848197 0.3203125 0.05564207386326192 0.0546875
0 0.7294108104705813 0.02890625 0.07132162094116268 0.0578125
0 0.24665858603812651 0.121875 0.057640950486467356 0.0796875