0 0.761674990625 0.95436690625 0.661702446875 0.6679736171874999 0.5268377906249999 0.300599784375 0.5590482875 0.5888158421874999 0.6445336140625 0.979842671875 0.761674990625 0.95436690625
0 0.78630879375 0.6316468984375 0.8999111921875 0.9243034625 0.9686509984375 0.9093540109375 0.9788826953124999 0.6163565421875 0.94181318125 0.5350955374999999 0.8614601109375 0.27580165624999997 0.7903900578124999 0.20638114531250001 0.7888181578125 0.0369722875 0.634305865625 0.08164619375 0.6402772437500001 0.22611069218750002 0.7014573125 0.41577108125000006 0.78630879375 0.6316468984375
0 0.730503834375 0.697293809375 0.6931894296875 0.6297568703125 0.625626734375 0.5688010609374999 0.7616229015625 0.9543782343749999 0.9149642124999999 0.92102975 0.776080084375 0.6172652890625 0.75972000625 0.6189799781249999 0.730503834375 0.697293809375
0 0.36247378124999996 1 0.339727834375 0.7859686359375 0.367761371875 0.6636289671875 0.35768498437499996 0.555112778125 0.2987689234375 0.538402828125 0.2743954078125 0.6414971 0.192685059375 0.764439578125 0.143743778125 0.8747200984375001 0.14845153125 1 0.36247378124999996 1
0 0.5518472125 1 0.5677579859375 0.99653974375 0.44729983906250004 0.482115703125 0.4466273875 0.1464470859375 0.366839990625 0.3741435703125 0.3706326828125 0.5928906359375 0.3446694234375 0.7922753734375 0.3648161515625 1 0.5518472125 1
0 0.6399163437500001 0.8839776921875 0.6772836171875001 0.8758511015625 0.6712077890625 0.8162832906249999 0.641553959375 0.7784493359375 0.6036678656250001 0.78392106875 0.620270065625 0.8688765125 0.6399163437500001 0.8839776921875
0 0.6357031203125 0.6773172484375001 0.5865468453125 0.696310765625 0.605893134375 0.76683098125 0.6619440484375 0.7546410953125 0.6552744015624999 0.7062731859375 0.6357031203125 0.6773172484375001
0 0.58454656875 0.671836578125 0.5972982078125 0.680134125 0.6277708453125 0.665203903125 0.6193197500000001 0.6504356984374999 0.59907965625 0.6465344203125001 0.5824712921875 0.661217146875 0.58454656875 0.671836578125
0 0.681877990625 0.9135995781249999 0.690531146875 0.969839184375 0.7595004624999999 0.95483981875 0.7033057171875 0.8951010546875 0.681877990625 0.9135995781249999
0 0.5253818134478768 0.9763828760343621 0.10810516587924912 0.04723424793127577
0 0.46779009057453685 0.6596151887332697 0.06468254809323426 0.06322725334181775
0 0.3013267545548694 0.9704590453532719 0.08499504809323426 0.05908190929345629
0 0.7785217155321278 0.8257969087762224 0.06862600362819701 0.08670111600890848