0 0.002805234375 0.665009928125 0.2864203640625 0.6130585875000001 0.6547620546874999 0.5396269078125 0.3794991765625 0.5285000015625 0.0008365265625 0.5522685734375 0.002805234375 0.665009928125
0 0.5146293171874999 0.6862503531249999 0.2971408984375 0.7346327875 0.0051332750000000005 0.7983290765625 0.008651368750000001 0.9997986375 0.0116844875 0.9997280406250001 0.20610122656250002 0.9359663234375001 0.35836831406249997 0.8936764640625 0.6155812125 0.8557036437500001 0.69367826875 0.799251725 0.8522386984375 0.82200671875 0.8392921234375 0.671307396875 0.703215840625 0.65622813125 0.5146293171874999 0.6862503531249999
0 0.246209103125 0.67312540625 0.31625698125 0.647931303125 0.3857925203125 0.5935448546875 0.0028042109375 0.664951278125 0.005384253125 0.8127017499999999 0.3124825421875 0.7271357359375 0.31392889375 0.711610553125 0.246209103125 0.67312540625
0 0 0.284643509375 0.2361769140625 0.295468709375 0.34524750000000004 0.3391443796875 0.448504503125 0.3452495390625 0.47509297500000003 0.2926123375 0.3833201484375 0.2551068796875 0.2836876640625 0.16121188125000002 0.18977875625 0.099733059375 0 0.077979675 0 0.284643509375
0 0 0.47810095625000004 0.5000034875 0.43938569687499995 0.8137218828125 0.48675360312500005 0.61586633125 0.37967623125 0.410798675 0.351940734375 0.229364209375 0.29918228281250003 0 0.28656130156250004 0 0.47810095625000004
0 0.088681240625 0.5618251859375001 0.0893109671875 0.59788750625 0.14609332343749998 0.6007301671875 0.1869643140625 0.5784437812500001 0.1889115140625 0.5422765015625 0.10644984843750001 0.545635190625 0.088681240625 0.5618251859375001
0 0.282535515625 0.5874396953125001 0.27395010625 0.5388128515624999 0.2044630359375 0.5467985078125001 0.205407625 0.6008919890625 0.25183729375 0.6015786046875 0.282535515625 0.5874396953125001
0 0.29718743124999997 0.5404441 0.2870596453125 0.55116745625 0.295330190625 0.5817631421875 0.310701790625 0.5759816265625 0.318117709375 0.5576355875 0.3074951390625 0.5400242640624999 0.29718743124999997 0.5404441
0 0.053189009375 0.5967810546875 0.0016144828125 0.5968195296875 0.0027472984375 0.6616920796875 0.0664784671875 0.6194391796875001 0.053189009375 0.5967810546875
0 0.05859375 0.9205112153307292 0.03125 0.038227351823611144
0 0.01796875 0.4394255227014236 0.0359375 0.09614895459715278
0 0.33125 0.4329150706697219 0.0515625 0.05276263050895835
0 0.046875 0.22937772226458328 0.09375 0.06311955547083344
0 0.11640625 0.7004156144570486 0.0734375 0.05014677678548622