0 0.9603142015625 0.6434958125 0.586294025 0.58017384375 0.3123046515625 0.5625054890625 0.6666965390625 0.6733700687499999 0.9426859046875 0.7549336671875 0.9603142015625 0.6434958125
0 0.9039189859375 1 0.921883103125 0.8864392515624999 0.6392294984375 0.7923149390625001 0.43067442187499994 0.7218926796875 0.24817991250000002 0.672610990625 0.11140510781249999 0.6733360828125 0.07769661875 0.82081180625 0.237789765625 0.8148472828125 0.30726077812499997 0.8787269796875 0.5565771953125 0.9430047859374999 0.6998634874999999 1 0.9039189859375 1
0 0.6981681671875 0.7368754984375 0.6258052843749999 0.76783151875 0.625084278125 0.7833140328125 0.9196178140625 0.9007593500000001 0.9426937421874999 0.7548841125 0.571046640625 0.6437538968750001 0.6323301031249999 0.704702521875 0.6981681671875 0.7368754984375
0 0.9823216640625001 0.378069625 0.9929612796875 0.175053659375 0.8335216765625001 0.1764950140625 0.7320495593749999 0.2274320375 0.620417940625 0.3097858859375 0.524383940625 0.337270325 0.5434022656249999 0.3920203875 0.6464493140625 0.3967409890625 0.76045959375 0.364963953125 0.9823216640625001 0.378069625
0 0.9822155468749999 0.380094465625 0.7666877125 0.3693405515625 0.5797945921875 0.40255373437499997 0.37297949531249996 0.4085950484375 0.162302009375 0.4937414890625 0.47937825 0.4796234265625 0.9718679625 0.5704583296875 0.972422821875 0.5669507687500001 0.9822155468749999 0.380094465625
0 0.854173971875 0.6255220687499999 0.7730216624999999 0.61362035625 0.7699343671875 0.6495401765625 0.8072972078125 0.6758041125 0.8638927515624999 0.6789082703125 0.8695160546875 0.6433603796875 0.854173971875 0.6255220687499999
0 0.6740936859375 0.6484744953125 0.7025174796875 0.6656333156249999 0.7485673203125 0.6697888921875 0.757002275 0.6164670546875 0.689333340625 0.601346715625 0.6740936859375 0.6484744953125
0 0.65596355 0.5990507796875 0.6430078609375001 0.6153370109375 0.6478042359375 0.63422674375 0.662216965625 0.6415365828125 0.6746449703125 0.6121827484375 0.6661075890625 0.6005384953124999 0.65596355 0.5990507796875
0 0.883503521875 0.702568709375 0.94301314375 0.7528650125 0.953392153125 0.6872537624999999 0.899798553125 0.6815761359375 0.883503521875 0.702568709375
0 0.8494756252849431 0.9898609264249156 0.03650406603337366 0.020278147150168735
0 0.9547561832892579 0.5305760401119807 0.04413950361804453 0.09846667490485964
0 0.6475545149264637 0.4914393083635883 0.05590916327441171 0.05528967787060921
0 0.9462796992317746 0.3188427026595508 0.08172803482570927 0.07193334980971962
0 0.8220820448909327 0.7764867649031097 0.07942855042954129 0.05780718281352524