0 0.04257914412797848 0.12465385467340273 0.08496150496239872 0.08157861474138897
0 0.00824699358985921 0.06540679445291667 0.01649398717971842 0.034811411094166675
0 0.0895312268406362 0.05488556212034714 0.06439213978475229 0.042079703647222286
0 0.13920374110865985 0.06075304920256932 0.04033820967712844 0.06181032218833336
0 0.194090294251813 0.07196199971565956 0.067662688998964 0.04527743882958339
0 0.10151749648534333 0.13264688620854156 0.05469180810555185 0.0683876305089584
0 0.0010658862700956273 0.21471646343086803 0.0021317725401912547 0.05181707313826393
0 0.011074433003107977 0.29022495649701385 0.022148866006215955 0.05705008700597229
0 0.04882268196965068 0.22518053153513887 0.07224318114108116 0.0766001740119445
0 0.12276960421939168 0.21253375474965264 0.027945217535011314 0.030305749050069507
0 0.10363215240014609 0.305066746865868 0.04869436517764645 0.040153527735416715
0 0.0890259968996281 0.28355542277767354 0.03888271753501129 0.030560322188333357
0 0.16455468982753355 0.25370296219659705 0.0794007096771284 0.06271951196784728
0 0.31842024441842876 0.3180167692829511 0.06221320967712849 0.06231946846486114
0 0.22748702936461682 0.3099880233670137 0.08154540653397531 0.07525587955902786
0 0.2860573163777195 0.10806119424482614 0.07413101282028159 0.05011040919430561
0 0.172317994004144 0.17079954321864568 0.0960445541766104 0.08495818787965286
0 0.2427931598437442 0.18242606781993034 0.03583049214211718 0.03205008700597225
0 0.2321809915229446 0.20920677336701368 0.03888271753501131 0.030560322188333357
0 0.28221737882649756 0.20726176044923586 0.04022689371369372 0.02590918977951393
0 0.2522558970234626 0.2305908108860762 0.026164393713693723 0.025581881458888844
0 0.27162232713108647 0.2504305322007289 0.02958049214211709 0.031904616641249994
0 0.29787661207727456 0.2396742169462497 0.03397689371369372 0.02576371941479163
0 0.29857227895033206 0.15771570212861086 0.03626713978475227 0.04142508700597225
0 0.34504486455847394 0.19877580680201362 0.03143409057054054 0.03819098423243057
0 0.3469134255595099 0.24243488782406222 0.06348461124870504 0.05610583605604171
0 0.3169883310600279 0.2649826882609025 0.03255994292790545 0.028852351823611143
0 0.408595788255957 0.24177961797243022 0.04222604135632881 0.035320557370694415
0 0.4045119098437442 0.1786620221327427 0.06424659057054054 0.03895470364722229
0 0.4396253103818634 0.2792971485576385 0.06624573821317573 0.04836607123840277
0 0.2340602069910413 0.36992606781993037 0.04237159057054054 0.03844555737069442
0 0.13843949193722938 0.36200642467753463 0.07373290653397531 0.07507404160312507
0 0.20702682609762918 0.34714318446118037 0.042517139784752266 0.041570557370694414
0 0.2820246720448532 0.37895492249333307 0.06541098428423435 0.06395470364722229
0 0.36031449193722936 0.3568422267298955 0.06333906203449331 0.0529808360560418
0 0.40412014991894674 0.3378733679724302 0.03128854135632882 0.03506598423243057
0 0.35048141956365386 0.417162130890208 0.08437930810555186 0.06907861474138902
0 0.40489709181339484 0.4049699489944788 0.059233758891340214 0.06537173328249998
0 0.46472166377268564 0.192868686076701 0.026164393713693813 0.025581881458888935
0 0.5131013517381924 0.24324923936333293 0.03728598428423417 0.0633000870059723
0 0.5407897040955572 0.25196962272208284 0.029216619106587773 0.024092116641249994
0 0.581485324649887 0.28301894776020786 0.04168238585581072 0.05715918977951393
0 0.5497365568672068 0.41174401301468705 0.07122433664159918 0.05472517401194441
0 0.5655220686540311 0.45820078571611056 0.07166098428423436 0.0641001740119446
0 0.48779732899311334 0.4514254152751384 0.047568512820281586 0.049492160144236054
0 0.45416934574233636 0.41943118607670105 0.046767992142117264 0.03230466014423605
0 0.44282943135047814 0.46183689162378433 0.03583049214211709 0.0320500870059723
0 0.6434352069910412 0.3603977589306244 0.08303513192686936 0.07372974715020834
0 0.6720182793646168 0.29964144367614526 0.044225188998963993 0.04473192496187508
0 0.7201090229544761 0.3227146145539577 0.05483735731976367 0.07151263050895836
0 0.7698008079006641 0.3114127854317702 0.052328787427387446 0.05116376291777787
0 0.774556774402218 0.37685594747586737 0.08220037799792798 0.08931837955902786
0 0.6248799520286425 0.44043075104683976 0.045569365177646405 0.040080792553055564
0 0.6334158899941492 0.49173867790857584 0.06980738585581073 0.057813806420763926
0 0.7489895401179838 0.4398832775479854 0.0899401033908223 0.08793771751493065
0 0.7256205066195378 0.5059810562333327 0.03939213978475227 0.04149782218833344
0 0.8275297630296785 0.47941659660218683 0.051819365177646404 0.040226262917777686
0 0.9198777748165028 0.5240913573357631 0.0405565334984459 0.06649782218833344
0 0.8790002177444084 0.49694828229763816 0.05247433664159899 0.054288762917777865
0 0.8183988196874884 0.35710583871840207 0.04466183664159899 0.05410692496187508
0 0.8625276552956302 0.39822049477857563 0.09473461124870504 0.05683318787965286
0 0.8400083382987382 0.5298523544859715 0.053381865177646405 0.040262630508958355
0 0.8711064427230177 0.3480750244138534 0.07129711124870504 0.0562876740119445
0 0.683561439208361 0.48744991499079804 0.0371746683207995 0.027398954597152782
0 0.9608196060814185 0.3990543365342006 0.03521406203449331 0.05232621941479172
0 0.9417271577768297 0.3565765490151381 0.06668238585581107 0.057741071238402775
0 0.9272600893321954 0.432612372153402 0.03626713978475209 0.04142508700597229
0 0.8833281528144308 0.43753691470645756 0.045569365177646405 0.040080792553055564
0 0.9488418368509961 0.47191060828569364 0.05130994292790554 0.029288762917777867
0 0.9691157954946673 0.5057764620091658 0.015047111248705036 0.0549784407294446
0 0.7948050002093969 0.5285632646302076 0.03924659057054072 0.03837282218833345
0 0.595618445204217 0.3146865218484023 0.04527826674922295 0.033830792553055565
0 0.0044391352366383256 0.40594087547496527 0.008878270473276651 0.05374324905006951
0 0.043341007652995076 0.4266521125571875 0.06119436517764644 0.04044446846486114
0 0.006217805005179964 0.4769618902926041 0.012435610010359928 0.0804512194147918
0 0.17587952584996014 0.44619893351124984 0.04669521753501131 0.03074216014423605
0 0.16628404797586663 0.48466202146715265 0.040517992142117175 0.03215918977951393
0 0.11775665674337228 0.4709638505893402 0.029726041356328857 0.03502961664125
0 0.0797836217971842 0.48199292277767347 0.026237168320799586 0.027144381458888846
0 0.1152459327982202 0.5248701005893401 0.06780823821317572 0.04840243882958326
0 0.040590535155585056 0.5359725611704167 0.048403266749223 0.033903527735416716
0 0.2407575091007371 0.4774658108860762 0.03299659057054054 0.038227351823611144
0 0.20881399628045555 0.5265942951185067 0.02609161910658786 0.024019381458888843
0 0.25546851840636203 0.5637481497919095 0.04862159057054054 0.038591027735416714
0 0.14574676199622125 0.5904944473789582 0.045826230355292895 0.07910692496187507
0 0.06881823490791604 0.633646341755625 0.09204625889134015 0.06613545269729179
0 0.024453958853068117 0.5808311194910416 0.030851893713693717 0.02569098423243048
0 0.05991842390688005 0.5901509148938888 0.04066354135632886 0.03528418977951393
0 0.10208880728149154 0.572780923727604 0.030089914391858173 0.04284211664125
0 0.0011450072387103117 0.5730738240881944 0.0022900144774206234 0.03808188145888884
0 0.19236705087135075 0.5948721696435415 0.04222604135632886 0.035320557370694415
0 0.24505540322871563 0.6030106715434025 0.035976041356328814 0.03517508700597212
0 0.3038482063718687 0.6141287030785414 0.06664815260503384 0.0905172036472223
0 0.3302972363556581 0.6829689688461108 0.07031680810555194 0.06875130642076392
0 0.3710892103008102 0.6281717128621871 0.04742296360606986 0.04636716014423605
0 0.39176342928356356 0.6534438165856594 0.04698631596343468 0.03699216014423605
0 0.3447151089769026 0.5242115646857982 0.060359611248705036 0.05603310087368065
0 0.30665433685099613 0.4868576882609025 0.04771406203449331 0.05261716014423623
0 0.26709953122664365 0.5150924442448261 0.042080492142117176 0.03219555737069442
0 0.3435678318885974 0.565599630890208 0.024601893713693635 0.02554551386770836
0 0.21156866108659847 0.6350062071626039 0.02609161910658786 0.024019381458888843
0 0.17902798883685747 0.6466892427818054 0.020132717535011314 0.030123911094166546
0 0.1526623879272347 0.693346690445104 0.060577935070022584 0.060720600873680655
0 0.15919917825010624 0.7540659848980207 0.08764985731976357 0.07227634992375016
0 0.058293803766834885 0.7088099959159374 0.032996590570540586 0.038227351823611144
0 0.0033774412752755915 0.6439857361322916 0.006754882550551183 0.03651938145888885
0 0.10267950455262316 0.7108985195672914 0.04466183664159917 0.05410692496187508
0 0.13836660153330455 0.6484160501524998 0.024383569892376132 0.020858013867708358
0 0.22040000558608047 0.6129493692067012 0.02958049214211709 0.031904616641249994
0 0.25470007692619867 0.6472691646095484 0.044225188998963993 0.04473192496187508
0 0.21999759119422233 0.6551005016155206 0.03568494292790545 0.028925087005972294
0 0.20716795140947003 0.6959800747537844 0.02652826674922304 0.033394381458888844
0 0.26450741646328196 0.704790723880104 0.05174659057054054 0.03866376291777769
0 0.2141970473566941 0.7293738030022914 0.032705492142117175 0.031977351823611146
0 0.2833622702683889 0.7691253276035761 0.027945217535011224 0.030305749050069507
0 0.28939610049984726 0.7401099748300345 0.037538541356328815 0.03521145459715278
0 0.334545934660247 0.7257922484813886 0.042080492142117176 0.03219555737069442
0 0.001713260650923087 0.6947124347455208 0.003426521301846174 0.02856141109416672
0 0.19998265178097355 0.5486511330744095 0.026528266749222994 0.033394381458888844
0 0.13636110752916056 0.47365243949517344 0.023257717535011314 0.03019664627652787
0 0.4219689677444082 0.5075858027179511 0.023112168320799497 0.02707164627652787
0 0.4061748397464803 0.5953585596518052 0.03910104135632882 0.035247822188333444
0 0.4397685897464802 0.5945766564414232 0.03077911910658777 0.02412848423243048
0 0.39438546919215034 0.5636364341768398 0.03880994292790545 0.028997822188333446
0 0.394194916463282 0.7017722138121176 0.037538541356328815 0.03521145459715278
0 0.36676127523078755 0.6875830804533678 0.02652826674922295 0.033394381458888844
0 0.33586868610798903 0.7811700795034372 0.03612159057054054 0.038300087005972296
0 0.4388010951231637 0.6656158550546524 0.035286836641599 0.05388871941479181
0 0.4465793618723867 0.6326578846899301 0.03285104135632881 0.03510235182361114
0 0.47381394996172793 0.6343652018442704 0.029726041356328992 0.03502961664125
0 0.42141023387445864 0.7206488471708676 0.026382717535011223 0.030269381458888845
0 0.3931910345364125 0.7735926624253469 0.032705492142117085 0.031977351823611146
0 0.42269659801864795 0.7768079281929163 0.023112168320799497 0.02707164627652787
0 0.4646122702683889 0.7649066870266316 0.07278683664159917 0.054761541603125075
0 0.4846572506236818 0.6863998273192357 0.042517139784752446 0.041570557370694414
0 0.5099376945850445 0.5625077324294787 0.048005160462916766 0.058867160144236055
0 0.45179986290584406 0.5373272008943399 0.03982878742738745 0.050872822188333444
0 0.4787754317647629 0.6116180328663191 0.034049668320799496 0.027326219414791807
0 0.22533144644707132 0.7751584284772568 0.03612159057054054 0.038300087005972115
0 0.33795987903589453 0.753026895707847 0.023257717535011223 0.03019664627652787
0 0.9429577481424823 0.7155333217165617 0.04785961124870504 0.05574216014423623
0 0.9443168868937774 0.7701299027386103 0.039756012820281586 0.04931032218833344
0 0.9486512841221277 0.6100463879209714 0.04564213978475209 0.041643292553055745
0 0.9250639268023642 0.6808316666063187 0.043172111248705035 0.05563305737069442
0 0.8944197024429273 0.5847749374078812 0.04883991439185813 0.04327852773541672
0 0.9041542673729047 0.6438589966784367 0.02860018899896417 0.04436824905006951
0 0.6653228997140589 0.7282385691511105 0.05708906203449331 0.052835365691319504
0 0.798608434660247 0.7149910739007632 0.032705492142117085 0.031977351823611146
0 0.5777394706398924 0.6147774408263537 0.08481595574818712 0.07845361474138883
0 0.6033708633201288 0.6844171403895134 0.06043238585581072 0.05759560087368065
0 0.5519710291597291 0.6988803371028814 0.04110018899896399 0.04465918977951393
0 0.7524226393749768 0.7347957340449993 0.03583049214211727 0.0320500870059723
0 0.756557983460174 0.5622304030229508 0.06410104135632899 0.03582970364722229
0 0.688420105462246 0.6512214742613536 0.04549659057054054 0.03851829255305574
0 0.6386085041383385 0.547806839952673 0.042517139784752266 0.041570557370694414
0 0.6657874342459623 0.5674647233114231 0.02652826674922295 0.033394381458888844
0 0.6965301660489972 0.5441174890789924 0.03128854135632899 0.03506598423243048
0 0.8401324627820095 0.5774540530992006 0.026382717535011223 0.030269381458888845
0 0.8590815159251626 0.5894994582094437 0.031288541356328636 0.03506598423243048
0 0.8282831261404103 0.630797258646284 0.04883991439185813 0.04327852773541672
0 0.7585870562480344 0.6527099326582284 0.029726041356328992 0.03502961664125017
0 0.859002279159729 0.691734105435902 0.032705492142117265 0.031977351823611146
0 0.6425468333363394 0.6140494357923606 0.032923815963434674 0.03666485182361114
0 0.7300061379272347 0.6799088655038883 0.017988020678164317 0.017587543502986237
0 0.7913289356937043 0.6199513308346174 0.029726041356328815 0.03502961664125
0 0.7304278229972573 0.6205884168906591 0.09146406203449331 0.053635452697291794
0 0.7961641389606919 0.5831598456522562 0.04927656203449331 0.05265352773541672
0 0.5617570597626909 0.5222814695117008 0.05621576674922295 0.0340853656913195
0 0.5522043155536591 0.7441382857161105 0.021258569892376223 0.020785278685347207
0 0.6711427142297517 0.63679595155993 0.026237168320799496 0.027144381458888846
0 0.8285164125343407 0.6760552072595132 0.04876713978475209 0.041716027735416716
0 0.8235870099293067 0.7651358910551034 0.03085189371369381 0.02569098423243048
0 0.635432038465354 0.7835625019967702 0.037756865177646405 0.03989895459715278
0 0.5913738234115421 0.7744427283454162 0.03285104135632899 0.03510235182361114
0 0.5463804245260526 0.3330014171749995 0.019696069892376045 0.02074891109416672
0 0.49683634284685213 0.3076208638883676 0.03397689371369381 0.02576371941479163
0 0.5711064427230177 0.3550576019205203 0.03077911910658777 0.024128484232430657
0 0.4572237251880063 0.38736356848552045 0.024383569892376045 0.020858013867708358
0 0.8771679282501061 0.7373550767505548 0.061922111248704684 0.05606946846486114
0 0.9487712162966663 0.4399157258768742 0.03285104135632864 0.03510235182361114
0 0.07336030149052329 0.35181511350711797 0.05091183664159915 0.0542523953265972
0 0.024541811829605513 0.7182402005130902 0.049083623659211026 0.05901263050895835