0 0.06742526967210277 0.9579935492743605 0.03691350180902231 0.04963790145127902
0 0.07051929217333996 0.9124900763162026 0.04785100180902231 0.05001984736759475
0 0.15138751187018668 0.9621056411996598 0.07581222749876285 0.047876994009550346
0 0.1479073077771722 0.8956993911996598 0.031079581637205766 0.027599210344286362
0 0.24321316372463747 0.9221130690598084 0.041519114653892505 0.04823909255827132
0 0.21808701096567554 0.9355133701482675 0.03173467887824373 0.040099210344286006
0 0.19590107247649327 0.8556721027250724 0.06182497060135787 0.07858135698624161
0 0.28092676842890735 0.7008630624363865 0.06232293758467104 0.05832342068857255
0 0.2623615541591276 0.7946502679713493 0.07596935775648764 0.08063493030721922
0 0.05962497851481561 0.719548608167368 0.047516809135968584 0.07340278366526398
0 0.11066625734763089 0.8422122926509387 0.08608134215265535 0.09502481252120454
0 0.13111819821166232 0.7694915552648103 0.03140713025772479 0.03384921034428636
0 0.15763643260783006 0.7826537541763512 0.03173467887824381 0.04009921034428636
0 0.16036196291098337 0.7301190312181932 0.025484678878243815 0.03988095553496294
0 0.18165378674627303 0.7630307349390575 0.027954581637205766 0.02749008293962447
0 0.205671140884716 0.7434077157017638 0.031079581637205766 0.027599210344286362
0 0.19720686566994536 0.7163095023622527 0.025075243102595034 0.03206845553496294
0 0.11081898631673173 0.7107167559904498 0.044070904567984306 0.037410719962933214
0 0.15930739597309868 0.665193435664697 0.03749335594746528 0.030942465153609787
0 0.2055239767057933 0.6659275564459367 0.05475609905006031 0.06273810217691818
0 0.2259526633859532 0.6973040420179665 0.028282130257724792 0.03374008293962447
0 0.21154160334547348 0.6015376742319516 0.03502345318850333 0.043333337748947896
0 0.1450534661903437 0.602294131581013 0.039294873360319824 0.06531746515360962
0 0.25459888455313795 0.5718576087155223 0.04858798620519007 0.06408234736759474
0 0.3255609170039978 0.7908779380269497 0.041273453188503326 0.043551592558271325
0 0.3065010577771722 0.890161175413078 0.07555992198083886 0.07282243030721958
0 0.298705167908509 0.8160788346689051 0.04439845318850324 0.04366071996293321
0 0.3416905280398458 0.7402231735989794 0.06413109905006031 0.06306548439090331
0 0.3272352023955338 0.6585465876641299 0.05163109905006032 0.06262897477225664
0 0.3106751441640764 0.6113814109851077 0.034368355947465276 0.0308333377489479
0 0.3889915739468313 0.6720436032732267 0.0698012449116173 0.08197917549789598
0 0.38127424920703057 0.614394794380219 0.06684666327441154 0.05536211179556503
0 0.16760017356271853 0.5396750804925539 0.027954581637205766 0.02749008293962447
0 0.2254226396415206 0.4930431279528159 0.0657821302577248 0.035049611795565025
0 0.23805211442674992 0.46520830463183815 0.024911468792335613 0.028943455534962935
0 0.27502649197094126 0.4240004620735668 0.058297178878243816 0.04102679328391083
0 0.4055671630472689 0.4656199884824366 0.055165534825709094 0.07055060217691818
0 0.45651550938379576 0.4521006363055184 0.06445864767057934 0.06931548439090349
0 0.4403383107178483 0.5317162144358194 0.05064845318850324 0.04387897477225664
0 0.4029544973980082 0.565111556994091 0.03206222749876275 0.046349210344286365
0 0.4459199253717408 0.5784820870311578 0.034532130257724704 0.033958337748947895
0 0.36270355438627017 0.3645857673383771 0.07440685775648763 0.08058036660488846
0 0.3030895369734156 0.33222962432461883 0.04752345318850324 0.04376984736759484
0 0.3333635351643934 0.2826462865756708 0.07293288896415202 0.052455366604888545
0 0.3259328154675466 0.2304662276826634 0.050976001809022266 0.05012897477225655
0 0.39558689620024123 0.23038189292894035 0.09151247060135788 0.07961806733052797
0 0.4446053296010408 0.38911948666833807 0.03831222749876275 0.046567465153609613
0 0.49908811171321654 0.3833035070867581 0.056646147670579336 0.06904266587924912
0 0.4582030828804012 0.2602851585380369 0.08879690637700648 0.08732143992586625
0 0.5254248824054313 0.288462233040141 0.044070904567984216 0.037410719962933124
0 0.5088371687014785 0.181031678956457 0.041764776119281775 0.05292659255827141
0 0.565765520126388 0.08747016271438819 0.06750840456798421 0.03822917549789593
0 0.5334786425821967 0.128514314165667 0.05410100180902226 0.050238102176918265
0 0.37980808796878385 0.1831894343987526 0.056734678878243724 0.040972229581579936
0 0.4284193283578455 0.14000986407299978 0.054831342152655435 0.09393353847458741
0 0.5638964829258297 0.1712821675237116 0.03863977611928178 0.0528174651536097
0 0.3761198439616777 0.12774796624991802 0.055165534825709094 0.07055060217691826
0 0.5010733355939347 0.3315773159797656 0.028445904567984216 0.03686508293962456
0 0.4403251068519765 0.03862841334736037 0.05311835594746519 0.03148810217691824
0 0.3942280348257091 0.05510907441728604 0.056646147670579336 0.0690426658792491
0 0.4354804765942516 0.014000468696988743 0.05846095318850324 0.028000937393977486
0 0.47119664857509047 0.07511898485423954 0.0407821302577247 0.03417659255827139
0 0.4704463760738532 0.12054061225890125 0.03814845318850324 0.0434424651536097
0 0.5147452527135334 0.054813919337810144 0.029264776119281778 0.05249008293962456
0 0.5544728160333735 0.02170631393399893 0.05846095318850324 0.04341262786799786
0 0.6168942509045111 0.012370992110633677 0.05533595318850324 0.024741984221267353
0 0.5569780975797223 0.21848454973769674 0.03782090456798422 0.0371924651536097
0 0.30878733830746813 0.411081310622288 0.03206222749876275 0.046349210344286185
0 0.3608820205766139 0.9720088869384906 0.034040807326946344 0.024583337748947897
0 0.3993536210970123 0.8548288214220612 0.028937227498762753 0.04624008293962447
0 0.43833091191561524 0.8667732607149553 0.034859678878243726 0.040208337748948254
0 0.41825410730220236 0.9167831843987525 0.034204581637205855 0.027708337748948254
0 0.4250706733355759 0.9572444932917602 0.0294351944820761 0.02598214664195524
0 0.47491354307785116 0.9226313911148418 0.04718926051544958 0.06715278366526398
0 0.43900594131425735 0.7900470696079627 0.0392196302577247 0.03412202885594055
0 0.48702403945980655 0.8251561903892025 0.0247476944820761 0.025818455534962936
0 0.5316061991161735 0.7797692793192766 0.03839411465389251 0.04812996515360979
0 0.5470408485957752 0.8950668971052916 0.08173467887824373 0.041845248818873415
0 0.5807031976458354 0.9549404049098399 0.06528416327441171 0.05530754809323426
0 0.533865819197133 0.972229597830931 0.033958920171816585 0.0230208377489479
0 0.5227711889394081 0.9397444800449162 0.04670458163720568 0.02814484736759475
0 0.5570432903643177 0.8469741374866449 0.03502345318850324 0.04333333774894825
0 0.570706320667471 0.7940574686121706 0.034532130257724704 0.033958337748947895
0 0.5893877216174106 0.7323560767795387 0.09373671189493074 0.0625396947351895
0 0.6648856886007238 0.7093699553653268 0.06906426051544959 0.06791667549789597
0 0.6116478239468313 0.6642682756910796 0.04604284034363317 0.045277783665263985
0 0.6418742345077094 0.6436457516444625 0.035187227498762755 0.0464583377489479
0 0.5000076390756937 0.6846031122589012 0.057635437584671045 0.05815972958158007
0 0.456578543643678 0.722122959626496 0.05221095318850324 0.043933538474587405
0 0.480746383987311 0.7651090677938641 0.033379066033373664 0.04171627404661713
0 0.543222050541083 0.6877901104448026 0.027872694482076098 0.025927582939624473
0 0.6000153623905851 0.8306026038213808 0.02639208163720568 0.027435519237293704
0 0.6095884362258748 0.8639235353097264 0.03215075870642714 0.01827877404661713
0 0.6557983729060346 0.8943997197932971 0.06076043758467122 0.0582688569862416
0 0.7197789857509049 0.890600107997732 0.0730900192218769 0.08521330290255769
0 0.6671762861804462 0.9472246194304773 0.05369156603337366 0.042425602176918174
0 0.6063715829919428 0.9070832582678845 0.019896420171816587 0.022529764427970278
0 0.579047765149547 0.8188119319516819 0.034204581637205675 0.027708337748947896
0 0.6180350220469519 0.7861432756910796 0.044316566033373486 0.04209821996293321
0 0.623865620192501 0.8227256164352525 0.029844630257724703 0.03379464664195524
0 0.6646101288989283 0.8385217420258158 0.035603307326946165 0.02463790145127902
0 0.6802484170039979 0.7784919775978454 0.03863977611928178 0.052817465153609786
0 0.6995207174335392 0.8326065587233714 0.032887743102595124 0.03234127404661713
0 0.7491245697629598 0.7635638928441223 0.034204581637205675 0.027708337748947896
0 0.7197269968321812 0.7551983213372431 0.034695904567984215 0.0370833377489479
0 0.7101981886007239 0.707787607997732 0.033297178878243724 0.04015377404661713
0 0.5087728867008445 0.8369195804077357 0.034122694482076096 0.026145837748948252
0 0.4227402114406454 0.8978422114405946 0.03231453301668665 0.02140377404661713
0 0.49184325700894665 0.6034895215147283 0.027627033016686654 0.021240082939624472
0 0.5814347014910226 0.625406672333035 0.03782090456798422 0.037192465153609786
0 0.5842797405006033 0.5900867312260425 0.024911468792335613 0.028943455534962935
0 0.5467288308442363 0.6352281056354793 0.028445904567984216 0.03686508293962447
0 0.6919970652404042 0.644243463169875 0.034695904567984215 0.0370833377489479
0 0.6730766468776098 0.6715152913001763 0.03247830732694616 0.02452877404661713
0 0.7682154064885482 0.7096750010114903 0.0392196302577247 0.03412202885594055
0 0.6597301198538169 0.5960614235141615 0.0564071302577247 0.03472222958158007
0 0.6247409661903438 0.5855430749654402 0.03436835594746519 0.0308333377489479
0 0.6303801345531379 0.5587350383049513 0.034286468792335614 0.029270837748947898
0 0.7140834271807631 0.6176437576349123 0.034122694482076096 0.0261458377489479
0 0.7666252510160527 0.6494641873091596 0.03124335594746519 0.03072421034428636
0 0.7736631450685876 0.6194765869463398 0.02606453301668683 0.021185519237293705
0 0.7659015547249545 0.5759175599044978 0.056809921980838854 0.07216766587924894
0 0.6862616423550542 0.5497394950210406 0.04431656603337366 0.04209821996293321
0 0.5592144634768103 0.515042091207509 0.06018722749876275 0.0473313569862416
0 0.526306788216611 0.5741095563611187 0.05344590456798422 0.03773810217691818
0 0.6073553923550541 0.5524949619887488 0.028445904567984216 0.03686508293962447
0 0.7491522252354553 0.8238292702487839 0.0392196302577247 0.03412202885594055
0 0.7382413014455942 0.7052429613557766 0.032396420171816584 0.02296627404661713
0 0.6798888958615571 0.00450268380818942 0.04045458163720568 0.00900536761637884
0 0.764465291723114 0.02161205549647844 0.11100609905006031 0.04322411099295688
0 0.7699207536180446 0.07016606770904607 0.057389776119281775 0.053472229581579954
0 0.8276923100404797 0.0673659607228044 0.05130355042954129 0.05637897477225653
0 0.6614564784032739 0.046559931318709696 0.04332063206674715 0.0826140925582714
0 0.7311824802122964 0.0926511921184829 0.056734678878243724 0.04097222958157998
0 0.6268601503841127 0.11820924202581566 0.041519114653892686 0.04823909255827141
0 0.6891554324962884 0.11212044393258143 0.0466226944820761 0.02658234736759484
0 0.7501183452048731 0.3643625010114903 0.05426477611928178 0.05336310217691827
0 0.7522463319758901 0.2257538687975052 0.034450243102595125 0.032395837748947984
0 0.6214820901164904 0.4486879157096131 0.07925813206674696 0.0838690577118811
0 0.6978431942549335 0.42723701244423573 0.057717324739800804 0.05972222958157989
0 0.7076995511069099 0.4808977257837469 0.04727779172311415 0.03908234736759475
0 0.7673257773624773 0.27453610917885835 0.0329696302577247 0.03390377404661713
0 0.5873549943457904 0.2604711530957413 0.03452548620519007 0.06359127404661713
0 0.672699352102278 0.3357588405745368 0.03831222749876275 0.0465674651536097
0 0.5585040552907813 0.38201133639818563 0.042672178878243726 0.040481156260602266
0 0.5828932236535757 0.35454853530972646 0.0372476944820761 0.02625496515360961
0 0.5616013998182859 0.32163683158886214 0.03436835594746519 0.030833337748947986
0 0.613360894391219 0.17425091090028966 0.0309976944820761 0.026036710344286274
0 0.6280032485296619 0.1549552738769811 0.03436835594746519 0.030833337748947986
0 0.6674275966752111 0.19036449502104053 0.041601001809022264 0.049801592558271414
0 0.6829540993887446 0.26261151725355913 0.03732958163720568 0.02781746515360961
0 0.7347855150380054 0.1614011921184829 0.03132524310259512 0.032286710344286276
0 0.628158136023476 0.3819270016444625 0.03757524310259512 0.0325049651536097
0 0.7081112296464693 0.2946055617185963 0.016443871551297562 0.016170637023308565
0 0.6513831948207602 0.22771072759784539 0.034204581637205675 0.027708337748947987
0 0.6453246246035154 0.29131935981183055 0.054667567842395924 0.0908085384745874
0 0.6142140654675468 0.2203992246026205 0.05237472749876275 0.04705853847458741
0 0.5234130823145743 0.45915667895645706 0.034116050429541286 0.05577877404661713
0 0.7539980189947342 0.4831943465649866 0.019732645861557076 0.01940476442797028
0 0.6556313608087054 0.35357382315134167 0.0294351944820761 0.025982146641955417
0 0.7152885645630355 0.19260655209994945 0.041519114653892505 0.04823909255827141
0 0.8066505489592032 0.20350435736475983 0.024993355947465545 0.030505955534962846
0 0.8051676933504222 0.3992260851322412 0.04094590456798457 0.037301592558271326
0 0.7910952272716202 0.4443302540067153 0.034532130257724704 0.033958337748947895
0 0.32333119515944453 0.4645783328548065 0.019732645861557076 0.01940476442797028
0 0.290672503390902 0.5134622661572508 0.025239017412854548 0.035193455534962934
0 0.34862444425493344 0.439431999915182 0.024993355947465278 0.030505955534962936
0 0.36981444877748915 0.5600073947430388 0.021540807326946344 0.024146828130301046
0 0.7847888370642726 0.1447841217927301 0.057717324739800804 0.05972222958157993
0 0.4810286719808389 0.05364328893792354 0.03757524310259512 0.0325049651536097
0 0.2880653182926218 0.9565500672457098 0.05410100180902226 0.050238102176918174