0 0.9046875 0.0859375 0.0703125 0.0671875
0 0.95546875 0.01953125 0.05546875 0.0390625
0 0.85703125 0.02265625 0.05859375 0.04296875
0 0.81171875 0.03515625 0.02890625 0.059375
0 0.75859375 0.05546875 0.05859375 0.0359375
0 0.84921875 0.1015625 0.04296875 0.05859375
0 0.96796875 0.06875 0.028125 0.034375
0 0.97421875 0.165625 0.04609375 0.04609375
0 0.96953125 0.23984375 0.0609375 0.0484375
0 0.90390625 0.1828125 0.05859375 0.065625
0 0.83359375 0.1796875 0.021875 0.0265625
0 0.85703125 0.265625 0.04140625 0.03359375
0 0.86953125 0.24296875 0.03359375 0.025
0 0.796875 0.2234375 0.06796875 0.05
0 0.65546875 0.30390625 0.05 0.053125
0 0.740625 0.28515625 0.06796875 0.0625
0 0.6734375 0.10078125 0.0640625 0.040625
0 0.784375 0.146875 0.08046875 0.07109375
0 0.71875 0.165625 0.02890625 0.0265625
0 0.73046875 0.190625 0.03359375 0.025
0 0.6828125 0.19375 0.034375 0.02109375
0 0.7125 0.2125 0.021875 0.021875
0 0.6953125 0.234375 0.0234375 0.0265625
0 0.6703125 0.22734375 0.02890625 0.02109375
0 0.665625 0.1484375 0.03046875 0.0359375
0 0.6234375 0.19375 0.025 0.03203125
0 0.62421875 0.23515625 0.05390625 0.04609375
0 0.653125 0.253125 0.028125 0.0234375
0 0.565625 0.2421875 0.0359375 0.02890625
0 0.565625 0.18203125 0.05703125 0.03046875
0 0.5390625 0.28203125 0.05546875 0.0390625
0 0.7375 0.34296875 0.0359375 0.03359375
0 0.828125 0.3234375 0.0609375 0.0640625
0 0.7609375 0.31796875 0.0359375 0.0359375
0 0.6921875 0.3578125 0.05390625 0.05390625
0 0.6171875 0.346875 0.05390625 0.04296875
0 0.575 0.3328125 0.025 0.02890625
0 0.6296875 0.40234375 0.07109375 0.05703125
0 0.578125 0.396875 0.046875 0.05703125
0 0.509375 0.203125 0.021875 0.021875
0 0.46640625 0.25625 0.028125 0.05703125
0 0.44140625 0.26796875 0.025 0.01953125
0 0.40390625 0.303125 0.03359375 0.05
0 0.44140625 0.42109375 0.0609375 0.04453125
0 0.4296875 0.4671875 0.059375 0.05390625
0 0.50234375 0.4515625 0.0375 0.04140625
0 0.5328125 0.41640625 0.040625 0.025
0 0.5453125 0.45546875 0.02890625 0.028125
0 0.35 0.38359375 0.06953125 0.0609375
0 0.32109375 0.32890625 0.0359375 0.0390625
0 0.27578125 0.3578125 0.04296875 0.0625
0 0.228125 0.35234375 0.04296875 0.04296875
0 0.228125 0.415625 0.06640625 0.078125
0 0.371875 0.4578125 0.0390625 0.03203125
0 0.3671875 0.50703125 0.059375 0.046875
0 0.25546875 0.471875 0.075 0.0734375
0 0.28125 0.53203125 0.03203125 0.0359375
0 0.18359375 0.51953125 0.04453125 0.03359375
0 0.0984375 0.571875 0.03046875 0.05859375
0 0.13515625 0.5421875 0.04296875 0.04609375
0 0.18515625 0.40234375 0.034375 0.0484375
0 0.14609375 0.446875 0.08359375 0.04296875
0 0.17421875 0.56875 0.04609375 0.03203125
0 0.134375 0.39921875 0.0609375 0.04609375
0 0.3203125 0.509375 0.03203125 0.021875
0 0.053125 0.459375 0.0265625 0.04609375
0 0.06875 0.41640625 0.059375 0.046875
0 0.021875 0.45546875 0.04296875 0.05
0 0.08671875 0.48671875 0.02890625 0.034375
0 0.128125 0.48515625 0.0375 0.03203125
0 0.06875 0.5265625 0.04609375 0.021875
0 0.03828125 0.5625 0.0375 0.05
0 0.0203125 0.621875 0.040625 0.046875
0 0.2171875 0.56171875 0.03203125 0.03203125
0 0.39296875 0.334375 0.0390625 0.0265625
0 0.97734375 0.35 0.04453125 0.04609375
0 0.9203125 0.3734375 0.05234375 0.03125
0 0.97890625 0.41640625 0.0421875 0.07265625
0 0.79609375 0.40859375 0.03984375 0.0234375
0 0.80703125 0.44453125 0.03359375 0.02734375
0 0.85234375 0.42421875 0.0234375 0.0296875
0 0.8890625 0.43046875 0.02109375 0.02421875
0 0.8578125 0.4765625 0.0578125 0.03828125
0 0.92890625 0.47734375 0.0421875 0.0265625
0 0.73671875 0.44609375 0.02734375 0.0328125
0 0.76953125 0.4890625 0.02265625 0.0203125
0 0.72734375 0.5296875 0.04140625 0.03125
0 0.8328125 0.5421875 0.0328125 0.0703125
0 0.9078125 0.5734375 0.08125 0.0546875
0 0.946875 0.51796875 0.02578125 0.02109375
0 0.91328125 0.53125 0.03359375 0.03046875
0 0.8734375 0.51953125 0.02265625 0.0390625
0 0.98515625 0.50859375 0.02734375 0.03671875
0 0.7890625 0.5515625 0.03671875 0.02890625
0 0.73984375 0.565625 0.02890625 0.0296875
0 0.68515625 0.58359375 0.0515625 0.08125
0 0.6640625 0.65234375 0.0578125 0.0578125
0 0.62265625 0.6046875 0.03828125 0.03828125
0 0.60390625 0.63203125 0.03984375 0.02890625
0 0.64140625 0.503125 0.05 0.04765625
0 0.675 0.46328125 0.0375 0.04375
0 0.7140625 0.48515625 0.0359375 0.0265625
0 0.64453125 0.5421875 0.02109375 0.02265625
0 0.7734375 0.5921875 0.02265625 0.02109375
0 0.8046875 0.59921875 0.0140625 0.02734375
0 0.83203125 0.64140625 0.05 0.0515625
0 0.82890625 0.69921875 0.0734375 0.05859375
0 0.921875 0.64375 0.02734375 0.03203125
0 0.9828125 0.57421875 0.02421875 0.03203125
0 0.8796875 0.65078125 0.03515625 0.04609375
0 0.84296875 0.59609375 0.0203125 0.01796875
0 0.76328125 0.57265625 0.0234375 0.02734375
0 0.7328125 0.60859375 0.0359375 0.0375
0 0.76640625 0.61328125 0.0296875 0.02421875
0 0.78046875 0.65 0.0203125 0.03046875
0 0.72734375 0.66484375 0.0453125 0.03125
0 0.77578125 0.68203125 0.0265625 0.0265625
0 0.71328125 0.728125 0.02265625 0.02734375
0 0.70546875 0.7015625 0.03125 0.0296875
0 0.66171875 0.69375 0.03515625 0.0265625
0 0.98515625 0.62421875 0.0203125 0.0265625
0 0.7796875 0.50859375 0.02109375 0.02890625
0 0.83515625 0.42890625 0.0171875 0.02734375
0 0.5671875 0.496875 0.0171875 0.02421875
0 0.5875 0.57734375 0.03203125 0.03046875
0 0.55546875 0.58125 0.02578125 0.01953125
0 0.59609375 0.54609375 0.03203125 0.0234375
0 0.6046875 0.67734375 0.03125 0.02890625
0 0.6296875 0.6609375 0.0203125 0.0296875
0 0.6640625 0.74609375 0.02890625 0.0328125
0 0.56015625 0.64921875 0.02734375 0.0484375
0 0.5515625 0.61796875 0.02578125 0.0296875
0 0.5265625 0.6234375 0.02421875 0.02890625
0 0.58046875 0.6984375 0.02109375 0.02734375
0 0.609375 0.74609375 0.02578125 0.02578125
0 0.58203125 0.75234375 0.01796875 0.0234375
0 0.5421875 0.74609375 0.0625 0.04453125
0 0.51875 0.67421875 0.0359375 0.03671875
0 0.4875 0.559375 0.0390625 0.05078125
0 0.540625 0.52890625 0.03125 0.04453125
0 0.5203125 0.60234375 0.03046875 0.02265625
0 0.76796875 0.72734375 0.02890625 0.0328125
0 0.66015625 0.71953125 0.01875 0.02734375
0 0.01328125 0.67890625 0.0234375 0.03671875
0 0.028125 0.75546875 0.05625 0.0984375
0 0.08203125 0.75859375 0.04609375 0.04765625
0 0.0796875 0.8109375 0.04921875 0.0421875
0 0.0609375 0.66015625 0.07265625 0.0328125
0 0.10234375 0.72265625 0.03359375 0.04921875
0 0.12578125 0.62734375 0.04140625 0.03515625
0 0.1203125 0.684375 0.02109375 0.03984375
0 0.35 0.7359375 0.04609375 0.04453125
0 0.22421875 0.73984375 0.0265625 0.02734375
0 0.4265625 0.6171875 0.07109375 0.06484375
0 0.40703125 0.68671875 0.05078125 0.04921875
0 0.45546875 0.69453125 0.0328125 0.0390625
0 0.26796875 0.75234375 0.0296875 0.0265625
0 0.25546875 0.5890625 0.05546875 0.0265625
0 0.32421875 0.665625 0.0390625 0.03125
0 0.365625 0.56171875 0.03515625 0.0359375
0 0.34140625 0.5828125 0.02109375 0.03046875
0 0.3109375 0.56484375 0.025 0.0296875
0 0.17734375 0.6140625 0.02109375 0.02578125
0 0.16015625 0.62734375 0.025 0.02890625
0 0.19140625 0.66328125 0.0421875 0.03515625
0 0.2578125 0.67578125 0.0234375 0.03046875
0 0.16484375 0.72421875 0.0265625 0.02578125
0 0.36640625 0.62421875 0.0265625 0.03125
0 0.28671875 0.6984375 0.0140625 0.0140625
0 0.22578125 0.6484375 0.0234375 0.02890625
0 0.2828125 0.64140625 0.08046875 0.0421875
0 0.21953125 0.6140625 0.03984375 0.04375
0 0.4359375 0.52734375 0.04921875 0.0265625
0 0.4578125 0.73671875 0.01796875 0.0171875
0 0.33984375 0.64921875 0.02109375 0.02421875
0 0.19375 0.70625 0.04140625 0.03359375
0 0.20390625 0.78984375 0.0265625 0.0203125
0 0.38203125 0.78515625 0.03125 0.03359375
0 0.42265625 0.77109375 0.02734375 0.0296875
0 0.44140625 0.3453125 0.01640625 0.01796875
0 0.4859375 0.315625 0.03046875 0.0203125
0 0.41875 0.36953125 0.0265625 0.01953125
0 0.52734375 0.3859375 0.02109375 0.0171875
0 0.15078125 0.7703125 0.0515625 0.0484375
0 0.0671875 0.49609375 0.0265625 0.03046875
0 0.88828125 0.30546875 0.0421875 0.04609375
0 0.95625 0.6484375 0.04453125 0.05