0 0.18713482982818347 0.021029567990136815 0.08823034034363308 0.04205913598027363
0 0.34136862844870247 0.013825047979000965 0.06726274310259503 0.02765009595800193
0 0.2373838133198401 0.03080400998568248 0.05960737336031983 0.06160801997136496
0 0.10351010232942066 0.06594207865213704 0.049741050429541286 0.05523294000636334
0 0.08864201888319259 0.14106934798695514 0.06404921189493056 0.06008407200827235
0 0.16116547207169588 0.09806368797741014 0.07753185775648763 0.07897952267663591
0 0.23234443125309298 0.11050859663431967 0.02984463025772479 0.03313976400381802
0 0.18441818634147564 0.19070517397359216 0.05229284034363309 0.044331802673454226
0 0.17869713082355168 0.16578698997454663 0.04078213025772479 0.03326703333863614
0 0.25698590513381114 0.16175292329727436 0.08156426051544959 0.06653406667727224
0 0.3729240863869042 0.27361602928072964 0.06585737336031983 0.06478975334181776
0 0.2944615716875831 0.23627111795832006 0.08534435775648763 0.07907042934436319
0 0.41268038444159627 0.06624842461013897 0.07630355042954129 0.055542022676635903
0 0.2897817950024744 0.08719781862668366 0.10154256784239593 0.09018974267981758
0 0.349658084012055 0.12163590595163858 0.03773901741285455 0.034793170671545234
0 0.33054291384023843 0.1437199912874112 0.04078213025772479 0.03326703333863614
0 0.3774621794440707 0.15722796061427516 0.042180855947465276 0.030160214672181596
0 0.3424320822030327 0.17012794995227493 0.027954581637205766 0.026871582670272565
0 0.3536218877209566 0.19498249928391137 0.03296963025772479 0.03317612667090888
0 0.3802253312985215 0.19389216661363878 0.035848968792335525 0.028524989337999785
0 0.4069349954774443 0.11628478727722986 0.041355340343632994 0.044204533338636144
0 0.43610019504790287 0.17059956993954822 0.033215291723114146 0.03786362667090888
0 0.4229926854369645 0.21213308927436633 0.06865482473980081 0.05857611600890866
0 0.3896069753510562 0.22345239727882066 0.034450243102595125 0.03163180800445442
0 0.4789594024202778 0.23178197059995762 0.04571529172311415 0.0380090773392725
0 0.49539330789277314 0.1714711792648213 0.06791784034363317 0.044513616008908664
0 0.49451248134395004 0.277666635264185 0.06676477611928178 0.05230793467536321
0 0.28045330337021734 0.2949921372931382 0.04596095318850324 0.0426965773392725
0 0.19738517582602605 0.25613926997136494 0.07909435775648763 0.07899770401018139
0 0.26486260289524755 0.2647233819621381 0.04768722749876275 0.045839758672817865
0 0.32133060888814136 0.3195012412874112 0.07070864767057934 0.06796929734245412
0 0.3983468102676223 0.32485126527691166 0.0669285504295413 0.05543293467536321
0 0.4446862217330116 0.319627415937321 0.033051517412854635 0.03473862667090888
0 0.3705626469932108 0.37826716661363885 0.08666119629109836 0.07440111067790856
0 0.42340104195025663 0.38311775127309367 0.0645405348257091 0.06945907200827231
0 0.5451952340574835 0.20446494525782163 0.027954581637205676 0.02687158267027261
0 0.5731288042747286 0.2673825685869128 0.04398237336031983 0.0645352146721816
0 0.5940621019907364 0.2850967799172765 0.0309976944820761 0.025345445337363513
0 0.6214977052246683 0.3277200845799131 0.0483423247398008 0.05833975867281786
0 0.5509218543655856 0.43784960992204897 0.0733423247398008 0.05863066000954511
0 0.5491646025565633 0.4862780192552763 0.0754780348257091 0.06958634134309047
0 0.4828745392367232 0.4550376572645032 0.049577276119281775 0.05210794000636341
0 0.46238829884766164 0.4138950366009121 0.0470321302577247 0.03333975867281787
0 0.4394111442796774 0.4500779846037757 0.03773901741285464 0.034793170671545325
0 0.651781669494448 0.42027975457514055 0.08838747060135788 0.07754429201145392
0 0.6956854777259054 0.37214169923618623 0.04785100180902226 0.04896475867281787
0 0.7327007988476616 0.41074966589755013 0.06157930913596861 0.07254770934118149
0 0.7808516938047074 0.4156547945576413 0.05590916327441153 0.05374316534054522
0 0.7634727640219525 0.4790996765595503 0.08928822930778502 0.09473179201145392
0 0.609075191091174 0.49026553791377675 0.049004066033373664 0.041170440006363405
0 0.600204802127022 0.5403382632479584 0.07350609905006031 0.06175566000954511
0 0.7202273750578005 0.5295723912317319 0.0969369549975255 0.09169769867918127
0 0.677558518205824 0.5839422652371408 0.042917840343633176 0.0442227146721816
0 0.7785478081199158 0.5936979785566868 0.05385534034363317 0.044349984006999674
0 0.8466559989839471 0.6647366372135964 0.0471892605154494 0.06613407733927232
0 0.8189747342846261 0.6268008325509598 0.056072937584671224 0.056868165340545215
0 0.808949038332212 0.47544741788673245 0.049822937584671226 0.056795440006363405
0 0.8358523750578005 0.528226972549369 0.09538109905006031 0.06201019867918127
0 0.7735427255781989 0.6445065005570051 0.05533595318850324 0.04280566534054522
0 0.8600611589789985 0.4834411838797328 0.07498671189493038 0.060211341343090474
0 0.6456025113084192 0.5530831639083679 0.03897396879233561 0.02856135200509069
0 0.9231543012225109 0.5607843865372787 0.040202276119281774 0.05199885200509069
0 0.9200602787212736 0.5155355212046878 0.07350609905006031 0.06175566000954511
0 0.9488127204898161 0.5628281445337788 0.0452173247398008 0.05830339600572696
0 0.882246018205824 0.5815605105426875 0.03971095318850324 0.04262385200509069
0 0.8421942282917323 0.5710957252148691 0.04587906603337366 0.041134077339272504
0 0.889328177862191 0.6252014225414149 0.05163774310259513 0.03183180267345413
0 0.9089512810961228 0.6679156338717787 0.05154921189493038 0.05993862133990877
0 0.9041542384684977 0.7296525652053241 0.041846663274411354 0.053579533338636055
0 0.732255984284626 0.627809896562732 0.041109678878243724 0.03951703333863606
0 0.6236433813893786 0.3612683812460495 0.04719590456798421 0.036464758672817864
0 0.04857586160167483 0.2500630873249549 0.04661605042954131 0.0551965773392725
0 0.09200495703369053 0.28547332865213704 0.06158595318850328 0.04287839067472685
0 0.02868940750866037 0.3166602413271821 0.05105124491161735 0.08023294000636341
0 0.2042725836733707 0.3481904099697741 0.04695024310259503 0.03177725867281787
0 0.18380295341564593 0.3812210859723194 0.040864017412854545 0.03482953333863605
0 0.1439935029406761 0.35123414131127373 0.0315709045679843 0.036282945337363426
0 0.10661633367337071 0.3493267433163644 0.028118355947465278 0.02999658267027261
0 0.12492592039895914 0.40220629531350094 0.06988977611928182 0.0523442973424542
0 0.053828848372691786 0.3881988866565914 0.050402791723114036 0.038063621339908774
0 0.2523925011316538 0.3983807666295472 0.03642217887824382 0.039462489337999784
0 0.20836254014123434 0.43402791263527424 0.027954581637205766 0.026871582670272433
0 0.2377734011770823 0.4836551952975926 0.050566566033373485 0.04118862133990877
0 0.13053411126299055 0.4739722073122282 0.05409435775648759 0.07870680267345413
0 0.048673237506185976 0.48898922732336414 0.09734647501237195 0.074546561346272
0 0.024601693804707492 0.4244545599936367 0.03264208163720578 0.02692612667090888
0 0.054005910788020715 0.4444125239895005 0.042590291723114036 0.03797271467218159
0 0.09627529794315047 0.4423591279837735 0.03198034034363306 0.044095445337363516
0 0.005470992763910768 0.4068221646642273 0.010941985527821536 0.03937158267027243
0 0.17091677182386866 0.493021651973274 0.04571529172311406 0.03800907733927232
0 0.21570032734179262 0.5174853026336834 0.03790279172311406 0.03791817067154533
0 0.26488477781676245 0.5473631592934564 0.07522572930778511 0.09456816000954493
0 0.2665048315256641 0.6207370246260473 0.0756418091359686 0.07271134134309047
0 0.3200326232487781 0.5826370406190475 0.049331614653892505 0.047420440006363404
0 0.3301136301461831 0.6137506806174569 0.04884029172311397 0.03804544000636341
0 0.3310696997976013 0.4763234059516385 0.06404921189493056 0.06008407200827222
0 0.3086082016066236 0.42817680728836577 0.049577276119281775 0.05210794000636341
0 0.26416216078802074 0.4419671346276381 0.044070904567984306 0.036428396005727136
0 0.31578221449692234 0.5147591972867749 0.027954581637205857 0.026871582670272433
0 0.1748739314802356 0.5366989266390922 0.027954581637205766 0.026871582670272433
0 0.1420614314802356 0.5370807346435464 0.023512743102595036 0.031504538669636165
0 0.10350022048981619 0.5726642459818645 0.06585737336031983 0.06478975334181776
0 0.09023225859488562 0.6321574246499099 0.08986808344622807 0.07599997334499946
0 0.01601400610646512 0.5557500133275003 0.03202801221293024 0.039462489337999784
0 0.052800857644945944 0.5716926393220915 0.048096663274411554 0.053652258672817865
0 0.10439433514370874 0.5258074273154099 0.026228307326946254 0.023728401336727066
0 0.1898371901866629 0.5193477946371832 0.03140713025772479 0.03315794533736351
0 0.2102415434205947 0.5620529153007743 0.04768722749876284 0.045839758672817865
0 0.17607126130841907 0.5585466546387741 0.03757524310259504 0.03166817067154533
0 0.15083224389556454 0.5931943746419557 0.030008404567984304 0.03626476400381797
0 0.20022141225835877 0.6191659813017287 0.05525406603337357 0.041243165340545215
0 0.14755011363783974 0.6260250559755012 0.03617651741285455 0.03477498933799979
0 0.19591901458777944 0.6863625719685015 0.02984463025772479 0.033139764003817976
0 0.21133265264742032 0.6604176899665924 0.03946529172311406 0.03793635200509069
0 0.2557410719147257 0.6622432719605473 0.042508404567984215 0.0364102146721816
0 0.1925770878572422 0.4521693853039559 0.02992651741285455 0.03470226400381797
0 0.15994937358746245 0.3596369873090466 0.025075243102595034 0.0315227200031817
0 0.405496489711693 0.48638820194145727 0.02334896879233561 0.028379538669636162
0 0.3624624626879001 0.5626239852800934 0.04102779172311397 0.037954533338636055
0 0.39309830902442694 0.5739791086091846 0.0309976944820761 0.025345445337363513
0 0.36261959294562485 0.5298296666136388 0.03905585594746528 0.03012385200509069
0 0.3168014026474203 0.6591904499522749 0.0393834045679843 0.03637385200509069
0 0.29685407281923687 0.6375608979551384 0.030008404567984304 0.03626476400381797
0 0.23893535221787898 0.7147506539624563 0.03806656603337348 0.04104317067154515
0 0.36930560493141246 0.6406217159452753 0.041928550429541286 0.05514203333863606
0 0.3872267673013129 0.611524561943048 0.034695904567984305 0.036319308004454244
0 0.41009105721540456 0.6221893419398664 0.033051517412854635 0.03473862667090888
0 0.3357218210102145 0.6855165926161841 0.02984463025772479 0.033139764003817976
0 0.292967754976841 0.7266143072883657 0.032887743102595034 0.031613626670908876
0 0.3180529641582381 0.7395955652848658 0.024829581637205854 0.026835220003181705
0 0.3600766898479786 0.7422296692791388 0.07654921189493055 0.06022952267663584
0 0.4026603375185579 0.6745876359405028 0.04768722749876275 0.045839758672817865
0 0.46612305122251085 0.5661024265993213 0.05475609905006031 0.061537484006999675
0 0.42302150441101405 0.5244421852721391 0.04340916327441171 0.05359771467218159
0 0.4220930902320914 0.6017495726050482 0.03741146879233561 0.028543170671545326
0 0.1419684989839472 0.672936418642592 0.03806656603337357 0.04104317067154532
0 0.2512239902775199 0.6888421346276381 0.026637743102595035 0.031540901336727246
0 0.8956556637286969 0.7875286998727331 0.02227779172311415 0.03773635733609097
0 0.8590354110151633 0.8605667578771875 0.071275213703953 0.10857611600890849
0 0.8109664032132473 0.8540991292170963 0.0592798247398008 0.058467028007635945
0 0.7979850463612708 0.9081235578851417 0.06059666327441153 0.053797709341181485
0 0.8587664953659025 0.7614116425445966 0.08387038896415219 0.05094542934436319
0 0.800513582091491 0.8151820798854599 0.04826043758467087 0.05677725867281787
0 0.8042737471749248 0.7136377612190052 0.050730340343633176 0.04431362133990877
0 0.793431422435124 0.7715411678867324 0.03198034034363317 0.044095445337363516
0 0.552066116012689 0.7735689339195038 0.05919793758467105 0.05690452800763594
0 0.6753464857549641 0.8049269272358682 0.03617651741285464 0.03477498933799979
0 0.5100124920865422 0.6374228959261852 0.09019563206674715 0.08224997334499946
0 0.5099881586403141 0.7123774425923216 0.06569359905006031 0.06166475334181776
0 0.4594116265281386 0.7090620859325485 0.04464411465389269 0.04736589600572714
0 0.6283077114447047 0.8085973672422314 0.039301517412854634 0.03481135200509087
0 0.6875233384230691 0.6470689739020046 0.06306656603337366 0.041334072008272216
0 0.5976109893730088 0.7090155379137768 0.048922178878243724 0.039607940006363404
0 0.5856200016974806 0.5951621232495492 0.04612472749876275 0.04582157733927232
0 0.6044994764827101 0.6222695159134586 0.030008404567984214 0.03626476400381797
0 0.6394886301461831 0.6101507765754588 0.03313340456798421 0.03630112667090888
0 0.7563651916570009 0.6892104732256868 0.028200243102595123 0.03155908267027243
0 0.7710484893730088 0.7069974098902323 0.033051517412854635 0.03473862667090888
0 0.729771714158238 0.7348047838956411 0.05237472749876275 0.04589430267345414
0 0.6603632948909327 0.7332701032384135 0.03157090456798421 0.036282945337363516
0 0.7379283729100938 0.8026371738940504 0.034532130257724704 0.033194308004454595
0 0.5682410719147256 0.6586070052514583 0.03634029172311415 0.03789998933799978
0 0.6251694233396352 0.7492950925764132 0.019732645861557076 0.018968176002545432
0 0.6996681343300546 0.71329341056655 0.031489017412854634 0.034720445337363515
0 0.6452639173467414 0.6936263479074134 0.09225609905006031 0.06197383601209037
0 0.7162315145877794 0.6803081878978683 0.05270227611928178 0.05214430267345431
0 0.5265216406616327 0.5458802859245944 0.056734678878243724 0.039698846674090585
0 0.4455228669172001 0.7506046959341394 0.022939533016686654 0.020567038669636162
0 0.5869567723896955 0.6888393979153675 0.02811835594746519 0.02999658267027261
0 0.71501981739217 0.7779189845640048 0.050730340343633176 0.04431362133990859
0 0.6818963789029877 0.8587240892345955 0.034286468792335614 0.028506808004454244
0 0.5069273564017506 0.8154751705920035 0.03962906603337366 0.041061352005090514
0 0.4698744137286967 0.7924831132638669 0.03634029172311415 0.03789998933799978
0 0.5728621313893786 0.3618592745862764 0.019896420171816587 0.022093176002545255
0 0.5374502538451873 0.3224518765913671 0.03741146879233561 0.028543170671545236
0 0.5884937754419133 0.3913467799172765 0.03264208163720568 0.02692612667090888
0 0.4764441547951269 0.3840620859325486 0.026146420171816585 0.022165901336727068
0 0.7392551775235068 0.8518104705601868 0.06569359905006031 0.06166475334181776
0 0.8994777838096564 0.5954139252069149 0.03634029172311415 0.03789998933799978
0 0.14285480608375084 0.22398129797900096 0.056072937584671044 0.05686816534054513
0 0.004293595093331438 0.5521346646642273 0.008587190186662876 0.06135567067154533