0 0.09703864123370204 0.008065057072094567 0.08157728246740407 0.016130114144189134
0 0.15267103246740407 0.0158390157157657 0.05534206493480816 0.0316780314315314
0 0.08505288433384318 0.07970030851983663 0.071676176947517 0.08139985731976358
0 0.16094322848964454 0.08242074007520254 0.028670470779006772 0.03255994292790545
0 0.12653304667086357 0.17159455603863727 0.04914661201270887 0.04288101282028158
0 0.11594042004765814 0.14706759098482533 0.03960797077900682 0.03306936517764645
0 0.19543700527500577 0.1324185860224266 0.08075116801906326 0.06464900496239875
0 0.33710808238467854 0.23059275868645238 0.06046594155801355 0.06526543507002262
0 0.2474864748361966 0.2027096612914862 0.0825591298696163 0.07878427956950454
0 0.3403074001621558 0.01911273811073183 0.07433752678536117 0.03822547622146366
0 0.21667503124958812 0.050113354219391684 0.09678527110331832 0.0888142510334573
0 0.28516197848964453 0.07663515881028689 0.03492047077900677 0.03285104135632886
0 0.2699597183433748 0.10158165488134545 0.039607970779006865 0.03306936517764645
0 0.320918246346552 0.10937273015040509 0.041088650162155814 0.028454639784752267
0 0.2868296185055306 0.12738002150673394 0.028615923701106105 0.02943494292790545
0 0.3028909951287361 0.15165227543567536 0.028670470779006862 0.03255994292790545
0 0.3301665612813602 0.14647246981132286 0.03481137662320544 0.026601041356328858
0 0.34434606371699217 0.0629322237402643 0.03823638555165916 0.04393409057054058
0 0.38355461404130375 0.11427424586617078 0.0319045649348082 0.038955492142117173
0 0.37806827313191327 0.15831534429459423 0.0666068474022122 0.05930653349844599
0 0.34632339529089184 0.1762134737402643 0.0333034237011061 0.029653266749222994
0 0.4408410085214166 0.17102936001035993 0.04281479139585791 0.03790241439185813
0 0.4467540434244527 0.10663937427838358 0.06477161201270878 0.04360875889134017
0 0.4650694411509765 0.21525024090377207 0.06490797970746058 0.051421258891340124
0 0.24465752962473503 0.26461034780925086 0.04445911201270878 0.04266268899896399
0 0.15112967207625302 0.23690918693204938 0.07477390340856668 0.0799829065339753
0 0.2230592191541537 0.23668655500517993 0.04451365909060954 0.045787688998963995
0 0.29114674593951495 0.2851197468996281 0.06677048863591431 0.068681533498446
0 0.37391833563108945 0.27891894272301765 0.06498980032431163 0.05610875889134013
0 0.41984844439738733 0.2673970918133949 0.03028751785690744 0.035757717535011314
0 0.35305245657225204 0.33775028722249967 0.08247730925276535 0.07409677956950453
0 0.41009734334172715 0.33587526406313584 0.05898526217486459 0.06988016046291676
0 0.505071103895034 0.13285296381546682 0.028615923701106282 0.02943494292790545
0 0.5444569322225228 0.19435123594137332 0.03861821509696384 0.06580909057054059
0 0.5697296676120261 0.20881184222767962 0.03012387662320535 0.026382717535011223
0 0.6064035531636854 0.24932552626424487 0.04319662094116268 0.05977741439185813
0 0.5522672524323367 0.3730391621200558 0.07126707386326192 0.057962357319763666
0 0.5601985292176979 0.4242741763880794 0.07148526217486477 0.07046235731976366
0 0.48473487905554213 0.4012048575291606 0.046157979707460585 0.050547963606069855
0 0.45588713027335814 0.361108550457066 0.047420470779006865 0.03343323821317572
0 0.43860021874711663 0.40100795843878334 0.03494774431795715 0.03441354135632881
0 0.6556825787312306 0.3400746507475162 0.0841216298696164 0.0788570541766104
0 0.6922280048679686 0.2836405601769757 0.044568206168510115 0.04891268899896399
0 0.7374138198027769 0.31906648387445874 0.05594208279171564 0.07442211124870504
0 0.7889763198027768 0.3166649218399654 0.05246252678536116 0.05396406203449331
0 0.7823365819776414 0.38421629487549475 0.08285913879807012 0.09597177956950453
0 0.622630345370322 0.4174569421038451 0.045994338473758486 0.041172963606069854
0 0.6227900324641087 0.4713995794073981 0.07132162094116268 0.06108735731976367
0 0.7465996793798537 0.4421764981424824 0.09215231818121908 0.09172092721213972
0 0.711725847398917 0.504787814105917 0.03979888555165907 0.044006865177646404
0 0.8179758473989169 0.4998391408227188 0.052271612012708954 0.04302656203449331
0 0.9027423595737816 0.5631331993425555 0.0417704886359143 0.06751713978475245
0 0.8669451814084486 0.5280518780024372 0.054079573863261746 0.05716183664159917
0 0.8290615775134146 0.37343930666231906 0.044759120941162675 0.059850188998963993
0 0.8667076278377263 0.42485410339533136 0.09632162094116267 0.0622517510334573
0 0.8220281477232284 0.5528185916085071 0.0538341120127086 0.04309933664159917
0 0.8838172613607904 0.374798445413614 0.07288412094116267 0.06116013192686935
0 0.6729536736978108 0.4784457919800106 0.038018197240056395 0.03143409057054054
0 0.9640190044609316 0.44534207775476825 0.03530230032431163 0.05472604135632899
0 0.9522632982924215 0.39897650000450924 0.07132162094116268 0.06108735731976349
0 0.9860540969951751 0.4441049094339686 0.027891806009649755 0.05948631596343468
0 0.925392881084137 0.4721614429324147 0.0366466120127086 0.042298815963434676
0 0.8799576501588605 0.4672406565384845 0.04443183847375849 0.04110018899896399
0 0.9402463137136969 0.5168189714684619 0.053670470779006864 0.03372433664159917
0 0.968312812495881 0.5569516658441094 0.04788412094116268 0.05999573821317572
0 0.9780247775928448 0.6206139055050273 0.04155230032431163 0.05501713978475227
0 0.7764974594116258 0.542429055214577 0.03974433847375849 0.0408818651776464
0 0.6140348210205928 0.2833730405322686 0.04588524431795715 0.034922963606069855
0 0.05183878408896188 0.28219176178682426 0.052217064934808155 0.03990156203449331
0 0.17544960795222378 0.33116645512901444 0.04739319724005649 0.03187073821317572
0 0.15890303611755677 0.3686857258071789 0.041225017856907485 0.03626713978475227
0 0.11311324918592583 0.34345243941324877 0.028725017856907443 0.03568494292790545
0 0.07251552272487616 0.34690707919800107 0.025490923701106106 0.029289393713693723
0 0.10156782304918772 0.3987221362700956 0.06803297970746054 0.05156680810555194
0 0.032667818584960845 0.39333046898275337 0.03494774431795714 0.03441354135632881
0 0.23408031412073393 0.3753487946660978 0.0350295649348082 0.03910104135632882
0 0.19497294967239315 0.4193920471472971 0.028561376623205438 0.02630994292790554
0 0.23489456614932885 0.4667914319696507 0.04755683847375849 0.04124573821317572
0 0.1208184293798537 0.4713227282883783 0.04511367694751698 0.08016268899896399
0 0.047790032464108796 0.4981806348223536 0.07932503571381497 0.07238873035529281
0 0.014626930597669684 0.43482876426802364 0.009811376623205437 0.02543664764263518
0 0.03604796306507376 0.45259630707209453 0.04127956493480815 0.03939213978475227
0 0.0796888689092724 0.44430861807313055 0.03047843262955985 0.04669521753501123
0 0.16719855153883226 0.4855821273787555 0.042814791395857824 0.03790241439185813
0 0.2175667443146619 0.504347089951368 0.034975017856907445 0.035976041356328814
0 0.27504800770734245 0.5274720667920043 0.06882391233702041 0.09687930810555194
0 0.28966566111590913 0.6034159826316043 0.07153980925276535 0.07358735731976367
0 0.33809347848634924 0.55581108250777 0.04610343262955983 0.04742296360606986
0 0.35582644926535606 0.5862605618296055 0.04750229139585782 0.03812073821317572
0 0.3306883072208751 0.4451282936326404 0.06035684740221221 0.05901543507002245
0 0.2986064642828897 0.3989275357747576 0.04621252678536125 0.05367296360606986
0 0.25362124675029385 0.4197879993808275 0.041197744317957155 0.034704639784752446
0 0.3220360560030591 0.48697119127527555 0.025490923701106106 0.029289393713693813
0 0.17891334739891696 0.5296039551290145 0.028561376623205438 0.02630994292790554
0 0.14459289447681764 0.5343299964853433 0.019295470779006774 0.03212329528527036
0 0.11015939325900163 0.5773736751452251 0.06046594155801359 0.06526543507002262
0 0.10812533481701522 0.6400192243594368 0.08719208279171564 0.07587760339082213
0 0.020919615255824434 0.571365577750259 0.02252956493480816 0.038518844499482084
0 0.057883827106377496 0.5837178744832714 0.0447045738632619 0.05672518899896399
0 0.10383152678206593 0.5284096362700955 0.023819329545304767 0.02296661910658777
0 0.19186731493151288 0.5102353709686147 0.02869774431795715 0.03412244292790554
0 0.21993381371369689 0.5503680653442622 0.042978432629559825 0.04727741439185813
0 0.18322870048317205 0.5528595186112499 0.03486592370110615 0.029726041356328992
0 0.16435201541798022 0.5912692012000731 0.025627291395857822 0.03710189371369381
0 0.21943498173276016 0.611378339951368 0.053834112012708865 0.04309933664159917
0 0.16573328327488768 0.6256078138965201 0.031795470779006775 0.032705492142117265
0 0.22846115421605026 0.6805457169158388 0.02869774431795715 0.03412244292790554
0 0.23892136728441932 0.6526925446660977 0.03812729139585782 0.037684090570540715
0 0.2865230702065186 0.6473479191493692 0.041197744317957155 0.034704639784752446
0 0.18126500567874756 0.4403595186112499 0.025600017856907485 0.035539393713693815
0 0.13120473011120234 0.3496467814315314 0.022420470779006774 0.032268844499482086
0 0.40963546752930063 0.44379692597379455 0.022338650162155815 0.027581344499482085
0 0.3798446018631438 0.5288461681159118 0.0381545649348082 0.03924659057054072
0 0.41279346955789553 0.5351304013666888 0.031686376623205524 0.026455492142117086
0 0.37299458400623636 0.4947622665443353 0.038018197240056485 0.03143409057054072
0 0.3496406789728166 0.6350255475615818 0.03812729139585782 0.03768409057054054
0 0.324272486196987 0.6150961912752756 0.025600017856907444 0.035539393713693815
0 0.2781299176087309 0.7040345667920043 0.0365920649348082 0.03917381596343468
0 0.3999991891190863 0.6084416228306415 0.03689207386326192 0.056361315963434674
0 0.41272133157060437 0.5757917886702417 0.03185001785690744 0.03583049214211709
0 0.4394338360348312 0.5831483703494421 0.028725017856907443 0.03568494292790536
0 0.3735281923654972 0.659715178454994 0.02557274431795715 0.03397689371369381
0 0.33684639853400744 0.7083367690255346 0.031795470779006775 0.032705492142117265
0 0.36514867653718464 0.7171830760976292 0.022338650162155815 0.027581344499482085
0 0.40888503976770946 0.7143641370986652 0.07282957386326191 0.058035131926869356
0 0.4419781834370434 0.6393255957423363 0.042951159090609536 0.04571491439185813
0 0.4883292577073425 0.5175383329220546 0.04947389448011297 0.061631012820281585
0 0.43450878246410884 0.4801689195636539 0.039935253246410875 0.051819365177646404
0 0.4484270064895265 0.5608367227068071 0.036428423701106105 0.02979881596343468
0 0.16893614975182342 0.6747174019858614 0.036592064934808155 0.03917381596343468
0 0.28623274390762476 0.675509306452922 0.023982970779006862 0.03234161910658777
0 0.9791157191508585 0.6831139055050273 0.024119338473758488 0.04015411910658777
0 0.9539441696373258 0.7640385738258268 0.06440914772652384 0.11228598428423435
0 0.8992157593289003 0.7642419350745318 0.05723184740221221 0.058869885855810725
0 0.8955237435005877 0.8214915088958493 0.058712526785361166 0.054255160462916764
0 0.9325992292971282 0.66104200641465 0.08201365909060954 0.04753427956950453
0 0.8813191473161914 0.7244174557526962 0.044759120941162675 0.059850188998963993
0 0.8669918202065187 0.6203121526095431 0.04917388555165943 0.04444351282028158
0 0.866492988225582 0.6813224272166489 0.027353432629559648 0.0465496683207995
0 0.6161481148487873 0.7180027516571391 0.05561480032431163 0.05567211124870504
0 0.7500964208551417 0.7320930227495882 0.031822744317957154 0.034267992142117086
0 0.5465878169601078 0.5851945597626909 0.08576595048646744 0.08361732878371626
0 0.5604242203686745 0.661174862905844 0.061973894480112965 0.06221320967712849
0 0.5073264939076247 0.6652116995474432 0.03985343262955983 0.047131865177646406
0 0.7010276753193686 0.7429791728734227 0.03492047077900686 0.03285104135632881
0 0.733170199265356 0.568685494213541 0.06310001785690744 0.03728598428423417
0 0.6508310320570717 0.6444539356937043 0.045994338473758486 0.041172963606069854
0 0.6183304034052715 0.5294667905322685 0.04292388555165907 0.04415241439185813
0 0.6422315535674272 0.5549376714256807 0.02562729139585791 0.03710189371369381
0 0.677128704947399 0.5384564927657989 0.03028751785690744 0.035757717535011224
0 0.813498627430689 0.6016927392511422 0.025545470779006506 0.03241439371369381
0 0.8309724995896677 0.6172984685729779 0.03028751785690744 0.035757717535011224
0 0.7932912674465751 0.6534564464470713 0.05073638555165907 0.044516287427387446
0 0.7207168380634261 0.6615279656774937 0.028752291395857908 0.03724744292790536
0 0.81402255316039 0.721296763858248 0.031795470779006865 0.032705492142117265
0 0.6101418023496111 0.5978721881749036 0.0334670649348082 0.03902826674922295
0 0.6874640073003053 0.6826238697302696 0.017487508928453722 0.017988020678164317
0 0.7577668246707455 0.634000125106953 0.028725017856907443 0.03568494292790554
0 0.6981463628201924 0.6227030601769756 0.09316934740221221 0.06054370181924558
0 0.7696531700443628 0.5982616782501062 0.049337526785361165 0.053818512820281585
0 0.5464593575451866 0.48824678515558506 0.056850017856907444 0.0369948858558109
0 0.4995236765371846 0.7109244598865254 0.02066705600635448 0.021258569892376046
0 0.6356599995896677 0.62639529446121 0.025490923701106106 0.029289393713693813
0 0.786269700076135 0.6991328194826006 0.04917388555165925 0.04444351282028158
0 0.765922018257354 0.7876516639820826 0.03168637662320535 0.026455492142117266
0 0.5763685945562479 0.7683323914418914 0.039798885551659245 0.044006865177646404
0 0.5330452885498935 0.7500211931373024 0.033412517856907444 0.03590326674922295
0 0.5618001651763942 0.29206098987031476 0.019104556006354478 0.02118579528527027
0 0.517395600241586 0.2565986788692788 0.03637387662320535 0.026673815963434676
0 0.5833984756469756 0.3199847826743857 0.03168637662320535 0.026455492142117086
0 0.4647030227248761 0.3286406528144309 0.023819329545304767 0.02296661910658786
0 0.8250515564068011 0.77082372891206 0.06350912094116268 0.06072348428423417
0 0.9451423193957398 0.48375176034359146 0.03187729139585791 0.03739299214211726
0 0.08815238514462209 0.21247642121628368 0.052517073863261876 0.05708906203449331