0 0.01953125 0.8178695462791357 0.0390625 0.08573909255827132
0 0.0109375 0.666006945916316 0.021875 0.066388891832632
0 0.02890625 0.7658531784931208 0.0578125 0.0567063569862416
0 0.0625 0.9006200480932343 0.0546875 0.05034722958158007
0 0.13828125 0.9126413876562808 0.0578125 0.06295635698624161
0 0.09453125 0.8408011039910168 0.0765625 0.07454862141421188
0 0.10703125 0.7709251136096636 0.03125 0.02765377404661713
0 0.18671875 0.8143328624285372 0.0421875 0.04991071996293321
0 0.16171875 0.8220535931912435 0.03125 0.04015377404661713
0 0.15859375 0.7453819657865818 0.0640625 0.08192461179556502
0 0.26875 0.6250099568009072 0.0625 0.06155754809323426
0 0.23125 0.7049504279449667 0.0765625 0.08392362141421188
0 0.06171875 0.5927802662420688 0.053125 0.07373016587924912
0 0.08359375 0.7138566580747008 0.0875 0.09836806733052797
0 0.1171875 0.6533110276748142 0.0328125 0.035520837748947896
0 0.1390625 0.6712624195074461 0.03125 0.04015377404661713
0 0.15234375 0.6248512109772585 0.028125 0.038482146641955414
0 0.16484375 0.6588814705959052 0.0265625 0.02749008293962447
0 0.18984375 0.6464732398331989 0.03125 0.03077877404661713
0 0.18828125 0.6206374261308681 0.028125 0.03379464664195542
0 0.11171875 0.5960888047166562 0.04375 0.04059028366526398
0 0.165625 0.5667212524470707 0.0375 0.03255952885594056
0 0.20625 0.577514908707673 0.0578125 0.0660813569862416
0 0.21875 0.6099826683263199 0.0296875 0.03384921034428619
0 0.22578125 0.5203844549868087 0.0375 0.043497028855940555
0 0.165625 0.5057837524470707 0.0421875 0.06397321996293322
0 0.27109375 0.5039980523544034 0.0515625 0.06586310217691818
0 0.28984375 0.7155903167823737 0.0421875 0.045223219962933214
0 0.2515625 0.8001910060752678 0.0765625 0.07767362141421189
0 0.26015625 0.7325223564380875 0.04375 0.045277783665263985
0 0.3140625 0.674248554168502 0.0671875 0.06953373920022692
0 0.31875 0.5978497452754945 0.0546875 0.06597222958158007
0 0.3140625 0.5523735541685021 0.034375 0.032450401451278664
0 0.371875 0.6239236611547436 0.071875 0.0853224303072194
0 0.37734375 0.5709896341129017 0.0671875 0.061721239200226916
0 0.1984375 0.4553670901960187 0.0265625 0.02749008293962447
0 0.26015625 0.4262723564380875 0.0625 0.04124504809323426
0 0.278125 0.40424358901489227 0.0234375 0.028943455534962935
0 0.3203125 0.3752480589778254 0.05625 0.045714293283910835
0 0.43046875 0.44159479999215084 0.0578125 0.0723313569862416
0 0.47890625 0.4417237747644073 0.0671875 0.07422123920022691
0 0.44765625 0.5093825007177901 0.0484375 0.04700397477225664
0 0.40703125 0.5314013444571879 0.0328125 0.0464583377489479
0 0.44296875 0.5529688096107976 0.034375 0.03557540145127884
0 0.4125 0.3417485674153459 0.0765625 0.08548612141421197
0 0.36484375 0.29945937449425486 0.046875 0.046949411069925694
0 0.40234375 0.26170640335019535 0.071875 0.0587599303072194
0 0.40703125 0.21421384445718794 0.0515625 0.05336310217691827
0 0.4703125 0.22892367440158762 0.0921875 0.08759425843752044
0 0.48125 0.38164937031790364 0.040625 0.048293656260602266
0 0.53203125 0.3896726906436564 0.059375 0.07238592068857255
0 0.52109375 0.2705407447273404 0.0890625 0.09373513103285873
0 0.575 0.3107044424577549 0.04375 0.04215278366526398
0 0.58359375 0.21100454282057463 0.04375 0.053090283665263985
0 0.65390625 0.13924115942546317 0.0640625 0.044424611795565117
0 0.61640625 0.1684003805695226 0.0546875 0.055034729581579976
0 0.46640625 0.18347476514576047 0.05625 0.04571429328391079
0 0.51875 0.15561514917384414 0.0609375 0.0943154843909034
0 0.63515625 0.2135863949974929 0.0421875 0.054598219962933126
0 0.47421875 0.13218508365741474 0.059375 0.0723859206885725
0 0.54453125 0.3432342002623033 0.028125 0.03691964664195542
0 0.55078125 0.06688995507162668 0.0515625 0.03773810217691824
0 0.50546875 0.07155760770403187 0.059375 0.07238592068857252
0 0.553125 0.039628050625122965 0.05625 0.04258929328391081
0 0.57109375 0.1066617832019278 0.0390625 0.03730159255827137
0 0.56171875 0.1477406509879427 0.040625 0.04516865626060227
0 0.61484375 0.09881456686719177 0.03125 0.05109127404661713
0 0.65703125 0.07685028683012488 0.05625 0.04883929328391081
0 0.71875 0.07744305307219368 0.0546875 0.04409722958157995
0 0.61796875 0.2543924442718535 0.0390625 0.04042659255827141
0 0.35390625 0.3725149285779389 0.034375 0.04651290145127884
0 0.24609375 0.9492187831171097 0.0546875 0.044097229581580064
0 0.28203125 0.9043799982707196 0.0421875 0.05928571996293286
0 0.31328125 0.9664087723173367 0.0796875 0.049657748818873415
0 0.34375 0.7901290145127883 0.03125 0.04640377404661713
0 0.3765625 0.8092436022617363 0.034375 0.04026290145127902
0 0.346875 0.8503943919174499 0.034375 0.03088790145127902
0 0.3453125 0.8878398282151192 0.0296875 0.02759921034428601
0 0.39765625 0.8677927122432028 0.05 0.0673710384745874
0 0.38359375 0.9391766389222251 0.0359375 0.04969246515360979
0 0.39296875 0.7410665211362103 0.0390625 0.035739092558271325
0 0.42890625 0.7829464862898199 0.0265625 0.02749008293962447
0 0.47890625 0.7526612747644073 0.0390625 0.049801592558271324
0 0.46875 0.8593378606992566 0.078125 0.051165685116542646
0 0.484375 0.9419147477225653 0.071875 0.09469743030721958
0 0.4203125 0.9662401359270003 0.0265625 0.03217758293962447
0 0.440625 0.9364807140573014 0.0375 0.04193452885594055
0 0.43671875 0.8941568048014743 0.04375 0.031215283665263983
0 0.403125 0.9906820694611126 0.0390625 0.018635861077774863
0 0.48671875 0.8185590932760615 0.0359375 0.04344246515360979
0 0.5109375 0.7733110806621898 0.034375 0.03557540145127867
0 0.54140625 0.7235938228576415 0.0921875 0.07196925843752044
0 0.61484375 0.7191270668671917 0.0703125 0.07276786660488846
0 0.57578125 0.6669817243089204 0.046875 0.048511911069925695
0 0.60625 0.654764466504372 0.0359375 0.046567465153609613
0 0.4703125 0.6601736744015876 0.0578125 0.0613938569862416
0 0.42265625 0.6835094814804965 0.05 0.04705853847458741
0 0.43671875 0.7277505548014742 0.0359375 0.04344246515360979
0 0.50859375 0.6732292351086936 0.0265625 0.02749008293962447
0 0.53046875 0.8130556269413255 0.0265625 0.02749008293962447
0 0.53203125 0.8459226906436564 0.03125 0.02296627404661713
0 0.5671875 0.8830878739461007 0.0625 0.06155754809323426
0 0.6265625 0.8937550446346731 0.0734375 0.08850199400955035
0 0.55078125 0.9723587050716267 0.0375 0.035684528855940555
0 0.46796875 0.9992634231356433 0.0359375 0.0014731537287133278
0 0.5671875 0.9323066239461006 0.053125 0.04560516587924894
0 0.5203125 0.8837947128761752 0.0234375 0.025818455534962936
0 0.5140625 0.7984202080668515 0.0328125 0.029270837748947898
0 0.55625 0.7772371780297846 0.04375 0.045277783665263985
0 0.553125 0.810721800625123 0.03125 0.03546627404661713
0 0.5875 0.8345784520764017 0.034375 0.029325401451279022
0 0.61328125 0.7854787531648609 0.040625 0.05454365626060209
0 0.6203125 0.8380680398253497 0.0328125 0.033958337748947895
0 0.6796875 0.7862352105139223 0.0328125 0.027708337748947896
0 0.6546875 0.7728621912766286 0.0359375 0.03875496515360979
0 0.65625 0.7276042549789594 0.034375 0.040262901451278844
0 0.44609375 0.7983904370154594 0.0328125 0.027708337748947896
0 0.3546875 0.8334797104291043 0.03125 0.02452877404661713
0 0.4796875 0.5855010566155727 0.028125 0.022857146641955418
0 0.55546875 0.6256473961786193 0.0375 0.04037202885594056
0 0.56640625 0.5947793420949352 0.025 0.030560519237293703
0 0.52265625 0.6260640584296713 0.0296875 0.038536710344286185
0 0.65234375 0.6673115957231323 0.034375 0.03713790145127884
0 0.63046875 0.6876414538905002 0.0328125 0.029270837748947898
0 0.7078125 0.7426861071558777 0.0390625 0.035739092558271325
0 0.6328125 0.6158482994439967 0.0546875 0.039409729581579886
0 0.60390625 0.5992138709508759 0.034375 0.034012901451278665
0 0.61484375 0.5761583168671918 0.0328125 0.0308333377489479
0 0.678125 0.6478993968115914 0.0328125 0.027708337748947896
0 0.71953125 0.6884078349233591 0.03125 0.03234127404661713
0 0.73203125 0.6638443445420059 0.0265625 0.02436508293962447
0 0.734375 0.6217386900955022 0.0578125 0.0738938569862416
0 0.6671875 0.5811112008952755 0.04375 0.045277783665263985
0 0.55859375 0.521850273583281 0.059375 0.05207342068857255
0 0.5171875 0.5664980854715133 0.0515625 0.042425602176918174
0 0.59453125 0.5645114887368907 0.028125 0.03535714664195542
0 0.6671875 0.8404862008952755 0.0390625 0.035739092558271325
0 0.68203125 0.7324108060674186 0.03125 0.02452877404661713
0 0.77734375 0.08339544190960077 0.0390625 0.026364092558271414
0 0.84921875 0.11793662221682014 0.1078125 0.07251489546082905
0 0.84296875 0.16928086740749673 0.0578125 0.05826885698624169
0 0.896875 0.18053831513791124 0.053125 0.05966766587924912
0 0.75 0.12384682711881081 0.0484375 0.08137897477225656
0 0.80390625 0.1804167748492253 0.05625 0.045714293283910835
0 0.703125 0.1800224160488851 0.0421875 0.04991071996293313
0 0.76171875 0.18909980488629222 0.04375 0.031215283665263938
0 0.7640625 0.42902540043978854 0.0546875 0.05659722958158007
0 0.79453125 0.30508939263524015 0.0328125 0.033958337748947985
0 0.6296875 0.4758954220393349 0.0796875 0.08715774881887359
0 0.703125 0.4729911660488851 0.059375 0.06301092068857236
0 0.70078125 0.5236905704953888 0.046875 0.0438244110699257
0 0.7984375 0.3528820518910673 0.034375 0.03557540145127884
0 0.6375 0.2988244905509892 0.0390625 0.06230159255827141
0 0.69921875 0.386136006793058 0.0390625 0.04823909255827132
0 0.58671875 0.4017386702252364 0.04375 0.04371528366526398
0 0.61328125 0.3823537531648609 0.034375 0.02932540145127884
0 0.6015625 0.3475695253973795 0.034375 0.032450401451278844
0 0.67890625 0.22761417866275685 0.03125 0.02765377404661713
0 0.69609375 0.21415187938839625 0.0328125 0.030833337748947986
0 0.72578125 0.25346983973268256 0.0421875 0.05147321996293312
0 0.7234375 0.32291924417918627 0.0359375 0.0309424651536097
0 0.7921875 0.2432887970817439 0.03125 0.03390377404661713
0 0.64921875 0.4172024683184706 0.0359375 0.03562996515360979
0 0.740625 0.3571131949048257 0.01875 0.01940476442797028
0 0.703125 0.2839286660488851 0.0328125 0.029270837748947988
0 0.684375 0.3395239016209149 0.059375 0.09113592068857254
0 0.66953125 0.2694742964487717 0.0515625 0.050238102176918174
0 0.53828125 0.46332844545297985 0.0375 0.05599702885594056
0 0.7421875 0.5360740086071566 0.0203125 0.022584328130301045
0 0.6796875 0.3979539605139223 0.0296875 0.027599210344286185
0 0.76796875 0.26666180969561565 0.0421875 0.04991071996293304
0 0.84921875 0.29684287221682015 0.0265625 0.03374008293962456
0 0.80625 0.4726861204027216 0.040625 0.03891865626060227
0 0.784375 0.5094222285700896 0.034375 0.03557540145127884
0 0.35546875 0.42256949228026974 0.021875 0.01951389183263199
0 0.315625 0.4602406178708328 0.028125 0.03535714664195524
0 0.38359375 0.4063641389222251 0.025 0.0321230192372937
0 0.37734375 0.5186458841129017 0.021875 0.02576389183263199
0 0.84140625 0.24032005370516582 0.059375 0.06457342068857255
0 0.58515625 0.0899653565229055 0.0359375 0.03562996515360968
0 0.22109375 0.855377013879816 0.0546875 0.05503472958157971
0 0.54765625 0.989526324586922 0.0578125 0.020947350826155998