0 0.03191785793486008 0.12243728965430103 0.06383571586972016 0.08012542069139794
0 0.003323150098822037 0.2247272153602639 0.006646300197644074 0.03492056927947216
0 0.010043586958759848 0.2760623948271505 0.020087173917519695 0.06350021034569897
0 0.04109689490773736 0.1781871844814515 0.06532116311182731 0.05025606426490725
0 0.011961673705758189 0.06055105509370721 0.023923347411516378 0.03202288981258559
0 0.10320132373399304 0.049252190749657684 0.05245714206513989 0.043642351411925795
0 0.17902807636482898 0.046265931578457646 0.05796368942018657 0.057841243731793834
0 0.12290760800544724 0.11263272915031745 0.07569722099021767 0.06771634890464333
0 0.12336336333770626 0.1851525868304494 0.031143584186749607 0.02586381802583091
0 0.20955846857114327 0.15144752507282463 0.04023015785015547 0.04796613855894436
0 0.1867580054028462 0.14119198667216487 0.030218121018452494 0.036755853919208284
0 0.1690174975809256 0.21814093157845765 0.06218075256024873 0.0766821719450392
0 0.2563215345538029 0.35286762107447406 0.06265118942018652 0.05797763605166182
0 0.23476432394575458 0.26770301088705967 0.07468075256024882 0.07704588479802066
0 0.04538403455380287 0.35900527546853606 0.05087923151356135 0.07011392319868044
0 0.08975493181002747 0.2399453869095917 0.0833122999152954 0.09133570533113407
0 0.1117139608198098 0.3048202291503175 0.03307010523343701 0.03215928213245363
0 0.13597050817485645 0.29007576755097725 0.03021812101845254 0.036755853919208284
0 0.14174309506302912 0.3382632149645525 0.027184126280124364 0.038227425705962936
0 0.16001495292730203 0.30575459184501436 0.024802578925077735 0.024119461599340218
0 0.18254240031058355 0.32069763024567416 0.03132559471009326 0.02898881802583091
0 0.17630781086216213 0.3473965225655422 0.02682010523343701 0.03197742570596294
0 0.09515652139962325 0.36145667405661025 0.042627115756780666 0.03555706677218975
0 0.14366263985782704 0.3990415905913731 0.036013094710093264 0.029125210345699058
0 0.18612315564284257 0.3931265597125607 0.055020699943530274 0.06087531551854841
0 0.20430400824544362 0.36218043659302257 0.02985409997176518 0.030505853919208282
0 0.1951194530684764 0.45291909685957926 0.03517863680346807 0.04157974623907634
0 0.13234643728346082 0.4594251611244865 0.03957771046687397 0.0635456744523216
0 0.23672312414339863 0.47510633392745555 0.04877069994353027 0.06069345909205772
0 0.2942303292074264 0.2644128748353978 0.039866136803468066 0.041716138558944314
0 0.27138363438439367 0.17460622875460605 0.07431673151356133 0.07079588479802065
0 0.2673794028708323 0.2433562287546061 0.04299113680346807 0.04180706677218975
0 0.31038667924977875 0.30839855555592566 0.0644867052052021 0.06271060015828453
0 0.3019301661661863 0.38663721582248234 0.05189569994353027 0.06078438730530307
0 0.2883990162085386 0.43148671456884113 0.03288809471009326 0.029034282132453626
0 0.35839997404457663 0.3678357400373772 0.07008425782192056 0.07847199247815251
0 0.3544790425168978 0.4217647220906885 0.06715667889684288 0.05498902837152997
0 0.1564595004941102 0.5140982892585896 0.024802578925077735 0.024119461599340218
0 0.21195136632147804 0.5522598673135504 0.06284861049510884 0.03458560015828453
0 0.2253845347655644 0.576046708300635 0.023422089448421436 0.0271989974927175
0 0.26235391374711187 0.6108476056350679 0.05696263154179624 0.04065374373179385
0 0.3831893294897751 0.5581963155850554 0.05538472099021767 0.06712531551854842
0 0.43195305318141586 0.564576696226441 0.06485072625188959 0.06896060015828454
0 0.41274729784915687 0.49260240782578124 0.04924113680346807 0.04198892319868044
0 0.3761041425592501 0.46559127843803694 0.030582142065139983 0.04300585391920819
0 0.41534094780680453 0.4480711578257813 0.03307010523343692 0.03215928213245363
0 0.3470327506352845 0.6567391156641977 0.07320925782192056 0.07856292069139795
0 0.29264138224766795 0.6934184132360576 0.046116136803468065 0.041897994985435005
0 0.322951237551692 0.7354324169969813 0.0700086631118273 0.050392456584775404
0 0.3185220718090288 0.784696631103604 0.0496961631118273 0.04980142319868044
0 0.3836388375940444 0.7781223706787628 0.09186825256024882 0.07754598997087019
0 0.4229806006070497 0.6248920705996204 0.0384856473268119 0.04479567445232178
0 0.4745431006070497 0.6233917550810719 0.05703822625188941 0.06873327962517131
0 0.44184545071998915 0.7428919128403462 0.0861642841302798 0.0867391335443795
0 0.5023048085842621 0.7091557588419957 0.042718121018452494 0.03711956677218975
0 0.49326446657559186 0.8108091870552411 0.04197466837349921 0.05113660266556721
0 0.549378687706984 0.8918485868969566 0.06459312101845249 0.037756064264907255
0 0.5178780587254364 0.8568885651893441 0.052821163111827295 0.04989235141192587
0 0.3716701876363967 0.8229264053184988 0.055491136803468066 0.04217077962517131
0 0.4187503139871082 0.8582130359598843 0.056749799915295364 0.09056281551854824
0 0.5437727007905763 0.8140191035900038 0.040412168373499216 0.051091138558944496
0 0.3701840113703897 0.8752246912118761 0.0554757262518895 0.06868781551854823
0 0.47870768486438636 0.6724059166012699 0.027002115756780753 0.03510242570596276
0 0.43438374828679727 0.9513492705204781 0.05034861049510884 0.03422188730530316
0 0.389799290380172 0.940167729612536 0.0570382262518895 0.06873327962517095
0 0.4315471746233914 0.9732697346271009 0.054581084186749604 0.026545779625171306
0 0.46230362193608576 0.9138803627612038 0.040973610495108836 0.03394910266556721
0 0.45929201400122566 0.8718519871343833 0.038303636803468065 0.041670674452321775
0 0.5036265719502031 0.9274965818823915 0.029383663111827295 0.04921038981258548
0 0.5418322272401099 0.9544622471635129 0.057235647326811724 0.04534124373179367
0 0.6024967114550943 0.9573766470052286 0.053200594710093266 0.02962531551854859
0 0.5353833481173881 0.7705873523363627 0.03803062101845249 0.03698317445232178
0 0.2947113874387526 0.6177053593959916 0.033707142065139986 0.043096782132453625
0 0.29257463687405527 0.025023765901624605 0.05540013154179624 0.04060827962517115
0 0.3201312185005561 0.07413721582248232 0.039304694681858446 0.058858174452321665
0 0.36256091318241446 0.017537357911241162 0.08030912628012432 0.035074715822482325
0 0.3605525501976441 0.19696931057049055 0.030582142065139983 0.043005853919208234
0 0.3957921001835267 0.18112535022479156 0.03334312101845249 0.036846782132453626
0 0.37499375277201025 0.13649481182413178 0.03445059471009326 0.029079746239076297
0 0.38030287905213467 0.09890388361088642 0.02792757892507769 0.024210389812585564
0 0.4279290369728773 0.12481551425227196 0.04895271046687384 0.06381845909205772
0 0.42747328164061826 0.05229565657214001 0.03388915258848364 0.04622178213245363
0 0.40024511077745756 0.2519690476383668 0.03775760523343692 0.03229567445232169
0 0.4429632317959101 0.2148494808661771 0.024802578925077867 0.024119461599340218
0 0.4875631002541138 0.25254805766749666 0.03701415258848364 0.04631271034569897
0 0.4970584685711432 0.1430821294542513 0.07736613680346807 0.042807277117888676
0 0.5267452395472435 0.061885953748288425 0.06924979991529537 0.09092652837152992
0 0.46859110530402415 0.029261321853261642 0.02507559471009326 0.02880696159934022
0 0.4830862448089153 0.0615964487337235 0.03655912628012441 0.03850021034569897
0 0.47208085537461136 0.10325275132014824 0.04364358418674961 0.026227530878812376
0 0.4563942131682971 0.004561159046168972 0.038774073663405774 0.009122318092337944
0 0.5077915712443315 0.18644568454795854 0.03517863680346807 0.0415797462390763
0 0.5237204081325041 0.23433761526848634 0.03628611049510884 0.03381271034569897
0 0.5439272213431535 0.28912440366914616 0.0926117052052021 0.06352895407749282
0 0.615673418726435 0.3026353227111914 0.06779371572854594 0.06592652837152997
0 0.5684575135071155 0.3500247997499379 0.04629814732681172 0.04502299498543501
0 0.5963627056287251 0.36637121377741827 0.0353606473268119 0.044704746239076346
0 0.46197229507714654 0.3437640910535915 0.05640118942018653 0.05779577962517113
0 0.41926115031058353 0.313809818092338 0.05080363680346807 0.04203438730530316
0 0.4412040397448875 0.27183526675955444 0.03352513154179633 0.03997178213245363
0 0.50222556875467 0.33557350633471317 0.02480257892507769 0.024119461599340218
0 0.5492510291509567 0.19771815366914613 0.02480257892507769 0.024119461599340218
0 0.5565853870152295 0.16552777929596676 0.030779563140062294 0.01961381802583091
0 0.5983402475103384 0.13155594457708836 0.061088689420186526 0.05793217194503919
0 0.6593232501411743 0.12900159441880382 0.07182876834526439 0.08164245658477531
0 0.5990220579489776 0.03950483689695643 0.03619510523343692 0.032250210345698985
0 0.5237637236916408 0.00044731472712565833 0.03684755261671846 0.0008946294542513167
0 0.6075024158838376 0.08137408815059766 0.052366136803468064 0.04207985141192579
0 0.5518747711878618 0.12588861777576882 0.021677578925077868 0.024028533386094876
0 0.5305542370575819 0.21074099089530698 0.03132559471009326 0.02898881802583091
0 0.5688053949783245 0.2369254061764286 0.04299113680346807 0.04180706677218975
0 0.5715887607351051 0.20252767412311723 0.03003611049510866 0.03363085391920819
0 0.6093540712443315 0.18349051761748425 0.03426858418674961 0.025954746239076298
0 0.6257911423474886 0.23604721628470077 0.038849668373499215 0.051045674452321596
0 0.6428568159826596 0.18407553932509663 0.03307010523343692 0.03215928213245363
0 0.6924326107774574 0.24346725969992544 0.031143584186749607 0.02586381802583091
0 0.6652785765765905 0.25439639951251103 0.03637711575678075 0.03537521034569906
0 0.6587786766189427 0.29904130977906773 0.03343412628012441 0.03840928213245363
0 0.4640037738892849 0.20175844748008226 0.032706084186749605 0.025909282132453627
0 0.37941594226278397 0.1543044374509524 0.030870568401734032 0.02117631802583091
0 0.4582942872552259 0.42030385900028017 0.027654563140062295 0.019522889812585476
0 0.5411823819653192 0.3898147254559008 0.036468121018452496 0.03693771034569897
0 0.5455212714702105 0.42244536902941004 0.023513094710093264 0.028761497492717503
0 0.5079526530120066 0.38454220374828846 0.030127115756780752 0.03519335391920819
0 0.6435107214137407 0.3603197905787378 0.034814615756780756 0.035329746239076344
0 0.6261713029696543 0.33664660985821 0.03426858418674961 0.025954746239076343
0 0.7122676976656301 0.2912455301538966 0.039411110495108835 0.033903638558944314
0 0.6156895583019134 0.40948471628470073 0.053473610495108834 0.03431281551854841
0 0.5837115162085386 0.42289399841715436 0.03454159997176518 0.030642246239076344
0 0.590067932021789 0.44766667788404096 0.03288809471009326 0.029034282132453626
0 0.6656286451194988 0.3822940789793976 0.031143584186749607 0.02586381802583091
0 0.7144602582454436 0.3473364057807172 0.02976309471009344 0.028943353919208194
0 0.7222426661661863 0.3744073711409811 0.027745568401734033 0.021085389812585655
0 0.7158792741010463 0.41670853140753783 0.055475726251889415 0.06868781551854841
0 0.6422296714984453 0.4492686303121811 0.04299113680346807 0.04180706677218975
0 0.5241475294333053 0.4948204742022595 0.05888915258848364 0.046949207838416385
0 0.4919944530684764 0.4442809166012699 0.052093121018452496 0.03739235141192587
0 0.5677834083442657 0.4553344253767585 0.026911110495108838 0.03353992570596294
0 0.689458800197644 0.1873991161264162 0.039411110495108835 0.033903638558944314
0 0.6845599266189428 0.2982911520197935 0.03096157366340595 0.022738818025830908
0 0.6601727035625865 0.9580382250601893 0.036574536831702885 0.011983174452321776
0 0.7388360298568284 0.9331315017823666 0.10585515785015538 0.049875631037097176
0 0.7423474377069839 0.8862337697290552 0.05621917889684287 0.05467077962517095
0 0.7971714455994916 0.8822987759972614 0.05153167889684287 0.054534387305303154
0 0.6421808377352187 0.9187855084462843 0.04517526308359247 0.07930706677218993
0 0.7051127482162102 0.8693788903413111 0.055491136803468066 0.04217077962517095
0 0.6060228008329286 0.8566635931651625 0.04170165258848364 0.04644910266556721
0 0.6645710482020927 0.855739939166812 0.04364358418674961 0.02622753087881229
0 0.7106171084995575 0.6141829249810471 0.05456567363517095 0.05306281551854859
0 0.7187341744116299 0.7426345339148203 0.03141659997176518 0.030551318025830908
0 0.586450837382283 0.549942231724107 0.0780787683452644 0.08182431301126591
0 0.6590692900272362 0.5618679187128409 0.05805469468185844 0.05940374373179384
0 0.6651519610315713 0.5109957404995955 0.04593412628012441 0.038772994985435
0 0.7315750796309495 0.6962452672217728 0.033161110495108836 0.03372178213245362
0 0.562794987551692 0.7284536766303997 0.03617969468185826 0.058767246239076344
0 0.6399559980044487 0.648995845672445 0.0369231473268119 0.04475021034569906
0 0.5309296084995575 0.6194112972426554 0.042900131541796324 0.04024456677218975
0 0.5538287822053156 0.6413628535900038 0.03426858418674961 0.025954746239076343
0 0.5362926717102068 0.6746299946562306 0.03445059471009344 0.029079746239076342
0 0.5902759744680995 0.8056466624446348 0.029490078925077868 0.024255853919208193
0 0.6057266692205452 0.8215755393250965 0.03288809471009326 0.029034282132453626
0 0.6405867876081619 0.7854645430860203 0.04179265785015538 0.04801160266556703
0 0.6516677717525591 0.7157287046062182 0.03445059471009326 0.029079746239076342
0 0.7049832165755918 0.8046488006078677 0.03141659997176518 0.030551318025830908
0 0.5953561295462448 0.6112972688711255 0.03463260523343692 0.03220474623907634
0 0.6745816269859961 0.683864939166812 0.018188557878390375 0.01768760517284953
0 0.6246201533649425 0.7516123803121811 0.03288809471009344 0.029034282132453626
0 0.6162685980468009 0.6941408611118514 0.05656778939195171 0.0874378155185486
0 0.5888723691640754 0.7627915727111915 0.0509856473268119 0.04515938730530315
0 0.49435434264395467 0.5510621140148452 0.03581567363517095 0.052517246239076346
0 0.7092659820782587 0.5034727455141604 0.019933068401734033 0.020858069279472247
0 0.6220705479903311 0.6346976649519173 0.02792757892507769 0.024210389812585477
0 0.6847008086548492 0.7779415481005852 0.04013915258848364 0.04640363855894449
0 0.7709036191640755 0.7574950042896491 0.025075594710093442 0.02880696159934022
0 0.7604574847796818 0.5752962697290552 0.039502115756780753 0.035466138558944496
0 0.74563612158315 0.5351713749019048 0.03463260523343692 0.03220474623907634
0 0.3054360558122518 0.5674780388628783 0.021313557878390378 0.017778533386094964
0 0.2735637005082276 0.5255094992085771 0.026911110495108838 0.03353992570596276
0 0.3307699847796818 0.5877988990502926 0.02516659997176518 0.03036946159934022
0 0.3451803662508909 0.4742903285171792 0.02011507892507769 0.023983069279472247
0 0.7527836797438889 0.8141769133025646 0.05805469468185844 0.05940374373179402
0 0.47210355616518757 0.9330933640148451 0.03463260523343692 0.03220474623907634
0 0.2514953395895958 0.11435069035394627 0.052821163111827295 0.04989235141192579
0 0.6025866737057581 0.014268122328115335 0.05732665258848364 0.02853624465623067