0 0.690677074502104 0.09790053825144776 0.0558333377489479 0.03535961124870499
0 0.8977182481859014 0.08485053638942093 0.06995040145127902 0.037577082712657715
0 0.5221601982785687 0.17299892989822688 0.022857146641955418 0.029143844499481996
0 0.5799454164274034 0.1764728403611436 0.06666171034428636 0.03274403349844599
0 0.6301512583527025 0.26254092700274273 0.08234127404661713 0.035034279569504535
0 0.819813959078342 0.2541591544625515 0.06973214664195523 0.03132708271265772
0 0.04465896361358823 0.24522476282028158 0.08931792722717646 0.057637025640563166
0 0.5993898424734534 0.31431959677128435 0.04467758293962447 0.028600188998963993
0 0.9923337828125 0.266107496875 0.8964689515625001 0.2759414765625 0.859384409375 0.27272786718750003 0.7823512390625 0.26318915 0.64952294375 0.27485509218750004 0.6381212546875 0.3457421578125 0.7138779390625001 0.3492705828125 0.9895467968749999 0.345916309375 0.9923337828125 0.266107496875
0 0.4896130491895425 0.36554814888098025 0.07280258293962447 0.029910131926869442
0 0.33226682985958167 0.2776200016526299 0.12954365626060227 0.046592517782680254
0 0.21795879319909278 0.2793387053339022 0.10498016587924912 0.05792812406898662
0 0 0.5210694546875 0.5059975750000001 0.5077170234375 0.5114580890625 0.43655324218749997 0 0.43386932343750007 0 0.5210694546875
0 0.66492494375 0.4303103484375 0.6679651171875001 0.38581529375 0.273098740625 0.3599868859375 0.15458694687500002 0.43034701093749994 0.3387302203125 0.44041266874999996 0.66492494375 0.4303103484375
0 0.9871759640625 0.4138080984375 0.583932978125 0.448855075 0.565674071875 0.5030566125 0.9848063874999999 0.48166386875 0.9871759640625 0.4138080984375
0 0 0.6322067437500001 0.0597894328125 0.6312571359375 0.5622820078124999 0.6427567468750001 0.9804805218749999 0.6055404671875 0.9835325515625 0.5181417828125 0 0.5557576265625 0 0.6322067437500001
0 0.25231885799773196 0.6847197181541838 0.14582342068857254 0.06607026385373889
0 0.27059759892723934 0.9007642491714304 0.11737103847458741 0.05538532092583352
0 0.39291903222968355 0.8712480312221345 0.11435516587924913 0.058364771711621445
0 0.571088672248217 0.900674473735755 0.15116568511654283 0.08503858767505648
0 0.9439780791417915 0.7544952564056315 0.06468254809323426 0.06541098428423435
0 0.8601129625 0.720606665625 0.9764864921875 0.7199144921875 0.980375103125 0.6085592859375 0.6803585140624999 0.6274256312500001 0.704969678125 0.689574715625 0.8601129625 0.720606665625
0 0 0.7568985015624999 0.2419413 0.7409133031249999 0.23401506562500002 0.712276303125 0 0.72226339375 0 0.7568985015624999
0 0.9733063046874999 0.8109831765625 0.7667829234375 0.836776303125 0.7709524203125 0.8801181031249999 0.9719174828125 0.8507538359375 0.9733063046874999 0.8109831765625