0 0.6188955764598272 0.9704145425462574 0.06028418977951393 0.04148184585538672
0 0.45953680062427155 0.864016009428721 0.02569098423243048 0.03070617193911005
0 0.5174765871934035 0.8718404382879136 0.06958645459715278 0.038738847832553346
0 0.5773769576343757 0.7962302846375922 0.08528418977951394 0.04250051779449713
0 0.7657497798227091 0.8413703241809192 0.07271145459715278 0.0388661818249421
0 0.027321099826840868 0.7043519189733607 0.023220600873680608 0.058703837946721474
0 0.5526302243518756 0.7390252796946764 0.047602351823611146 0.0331600098858317
0 0.5953261125 0.7157298625 0.5984246921875 0.7880169421875001 0.7294783140625001 0.82504165625 0.8073838484375001 0.8303908546875001 0.8447275890625001 0.8343291171875 0.9867969265625 0.876640675 0.9936847859375 0.7928273171875 0.671258159375 0.726777609375 0.5953261125 0.7157298625
0 0.44872266793111165 0.6676675914439436 0.07736258700597229 0.037494682813525235
0 0.2830080553739242 0.7241364728511437 0.1325228656913195 0.060035527680328826
0 0.1692903942797575 0.7007706156270503 0.11086607123840282 0.06851918973360735
0 0.0148226375 0.4276186078125 0.0110277265625 0.473796115625 0.011965495312500001 0.514086459375 0.4796491109375 0.6016226734375001 0.4825054625 0.5302020078125 0.0148226375 0.4276186078125
0 0.6319094468750001 0.6372449484375 0.3079098203125 0.5646613781250001 0.123166625 0.5392799 0.2331028625 0.6315992578125 0.629750678125 0.6818288515625001 0.6319094468750001 0.6372449484375
0 1 0.658414328125 0.5414523828125 0.5462619484375 0.5533328359375 0.603364778125 0.9989437421874999 0.7288349109375 1 0.7159820781249999 1 0.658414328125
0 1 0.5339003328125 0.554364140625 0.40746357812499995 0.0520968046875 0.32241204218749997 0.0239511859375 0.316539940625 0.01763016875 0.39345579062499997 1 0.6208397015625 1 0.5339003328125
0 0.24986040852871555 0.30599396790822786 0.15014677678548613 0.07948586463846716
0 0.29337009992375007 0.09624889479025402 0.1217672036472223 0.06740235870696816
0 0.41244806145475704 0.14871200300293058 0.11867857123840295 0.06883752471457938
0 0.5928622600679863 0.1537217910633828 0.15999455547083344 0.10018036661563352
0 0.956579921162153 0.3724306176785788 0.08684015767569413 0.0772575197716634
0 1 0.4153549328125 0.8603463015624999 0.3876297046875 0.7020673890625 0.38854630156250003 0.6702844921875 0.44528200625 1 0.529939440625 1 0.4153549328125
0 0.2464700578125 0.24892775781249998 0.034047176562499996 0.19368915 0.0312612921875 0.2275885609375 0.23522859375 0.2757255109375 0.2464700578125 0.24892775781249998
0 1 0.2848525328125 0.7900675453125 0.212782096875 0.7808560859375 0.25484209999999996 1 0.32520301093750004 1 0.2848525328125