0 0.07890625 0.66015625 0.03046875 0.0515625
0 0.0578125 0.853125 0.03203125 0.065625
0 0.15625 0.50546875 0.0265625 0.01953125
0 0.15703125 0.559375 0.028125 0.0609375
0 0.23515625 0.609375 0.02890625 0.0765625
0 0.21875 0.7859375 0.0265625 0.0640625
0 0.246875 0.05234375 0.0484375 0.1015625
0 0.284375 0.58203125 0.025 0.04140625
0 0.22916750000000002 0.75139 0.2347225 0.8236100000000001 0.23611 0.8583325 0.2152775 0.9974999999999999 0.29444499999999996 0.9974999999999999 0.3125 0.6902775 0.3125 0.619445 0.24583249999999998 0.6277775 0.22916750000000002 0.75139
0 0.3375 0.48125 0.025 0.06796875
0 0.2625 0.33203125 0.0390625 0.11953125
0 0.26875 0.225 0.0484375 0.096875
0 0.469445 0.50139 0.505555 0.006945 0.42361000000000004 0 0.4027775 0.5041675 0.469445 0.50139
0 0.41389 0.343055 0.4125 0.1708325 0.3416675 0.2791675 0.34861 0.64861 0.3902775 0.6472225 0.41389 0.343055
0 0.41111000000000003 0.5722225 0.3541675 0.9974999999999999 0.41944499999999996 0.9972225 0.4625 0.556945 0.41111000000000003 0.5722225
0 0.53889 0 0.45416749999999995 0.9974999999999999 0.5333325 0.9974999999999999 0.593055 0.5583325 0.6041675 0.08889 0.6097225 0 0.53889 0
0 0.64609375 0.2703125 0.05546875 0.134375
0 0.846875 0.29453125 0.04609375 0.10859375
0 0.8140625 0.4078125 0.05 0.10390625
0 0.83359375 0.575 0.071875 0.1390625
0 0.68203125 0.94453125 0.05859375 0.10859375
0 0.6444449999999999 0.9974999999999999 0.6527775 0.8388899999999999 0.630555 0.693055 0.5736100000000001 0.6680550000000001 0.5375 0.9972225 0.606945 0.9974999999999999 0.6444449999999999 0.9974999999999999
0 0.694445 0.005555 0.6722225 0.2541675 0.6986100000000001 0.2625 0.7277775 0.004167499999999999 0.694445 0.005555
0 0.7652775 0.755555 0.7236100000000001 0.9974999999999999 0.7597225 0.9974999999999999 0.805555 0.76086 0.7652775 0.755555