0 0.9144473202164045 0.767393267863498 0.041715941558013725 0.06320911201270896
0 0.880111050734644 0.5867978327983062 0.03330342370110628 0.02869774431795715
0 0.8634905665629564 0.6441018181878096 0.04812958279171582 0.07269320616851012
0 0.7661110060923753 0.6746990276027307 0.05308981818121907 0.08840002678536116
0 0.7307387475709586 0.8666643851512127 0.04659435633066593 0.07422843262955965
0 0.9157868668839729 0.10897679586667526 0.07000458279171581 0.07307503571381498
0 0.7230837548745592 0.6340564366933402 0.03996252678536116 0.05224433847375849
0 0.6841347265625 0.9877537046875 0.6906501203125 0.937976259375 0.702504715625 0.9017148390624999 0.7299505703125 0.8269959796874999 0.7495761640625 0.6922229421874999 0.6824048828125 0.6659001109375 0.6611798203125 0.74061635 0.6058647328125 0.9891199125 0.6841347265625 0.9877537046875
0 0.6978537041432106 0.5134399736249712 0.04826595048646727 0.08050570616851012
0 0.8213066152624149 0.3761700243563198 0.07737279788867965 0.1372466298696163
0 0.8459538336057898 0.26171205804153985 0.080143241882325 0.11698867694751698
0 0.62260716875 0.52055909375 0.7397291734375 0.033889826562499996 0.6551399531250001 0.0126011546875 0.553771325 0.5000958437499999 0.62260716875 0.52055909375
0 0.592803140625 0.674745271875 0.635930278125 0.68716734375 0.7538892390624999 0.299294209375 0.712331390625 0.166390359375 0.6592721046875 0.3476902359375 0.592803140625 0.674745271875
0 0.534862621875 0.990359259375 0.5935068546875 0.590154109375 0.544381775 0.5605234453125 0.46561270937500004 0.9915680203124999 0.534862621875 0.990359259375
0 0.543054859375 0 0.5365913515625 0.0295466640625 0.40753488125 0.5276512328125 0.34307445 0.9738873359375001 0.41671868593749994 0.9924214687499999 0.4279680828125 0.9922251093750001 0.6214254765625 0.004116190625 0.6050700484375 0 0.543054859375 0
0 0.4383828413164276 0.21025033847705377 0.09806712743398442 0.1594761858759707
0 0.22174081209543436 0.18279136039115101 0.08192393019392785 0.12951595048646736
0 0.22262938190150647 0.31086181331325036 0.08340460957707681 0.12485572402541764
0 0.15168781615591942 0.48236071225759014 0.11695349512873605 0.1676159683433749
0 0.20461657833407934 0.895373181008002 0.08453073295387145 0.09988299756436803
0 0.339575365625 0.973006715625 0.39497656875 0.64850381875 0.32797725624999996 0.6598981078125 0.2610548765625 0.8078847437500001 0.2295772671875 0.9453233609374999 0.339575365625 0.973006715625
0 0.4173392546875 0 0.38587561406250004 0.1878374390625 0.4159476296875 0.185987946875 0.45151955 0 0.4173392546875 0
0 0.12478284375 0.6853960906250001 0.10468630625 0.9138919015625 0.14309700625 0.9235587703125001 0.1684628359375 0.6903931453125 0.12478284375 0.6853960906250001