0 0.36208638866187737 0.0795310311538892 0.05488748789975162 0.0356478656913195
0 0.16618353620254936 0.042154398460729305 0.06895907825883123 0.0375376740119445
0 0.5162648285534188 0.1706314226807643 0.0220477168225127 0.030196646276527784
0 0.4608097140920382 0.16699662319385455 0.06424430718159221 0.03274107123840282
0 0.40567224131759716 0.24306750750253503 0.07988748789975161 0.036229747150208345
0 0.22535802742195066 0.21230455072118076 0.06736930718159231 0.032813806420763925
0 0.9601370275201464 0.29425925237163275 0.07688975292686635 0.05803201196784728
0 0.43036771428842996 0.295993138961424 0.04546703610435347 0.027617160144236142
0 0.39049372187500003 0.3211861421875 0.385937715625 0.2523403078125 0.26036186250000004 0.22571014374999998 0.18608285156249998 0.22579453749999998 0.1504469359375 0.2245223375 0.014267474999999998 0.1935763578125 0.0095732953125 0.2740985296875 0.3179666875 0.315695403125 0.39049372187500003 0.3211861421875
0 0.5300222806434045 0.3576956647969796 0.07047612646343318 0.029761541603125073
0 0.6874580516224474 0.29181935771062556 0.1237102107723885 0.049748039703264
0 0.7975370335702707 0.3076645228888548 0.10344316256778666 0.057087761017916704
0 0.9953719328125 0.564551271875 0.9970149125000001 0.5363682078124999 0.9973403546874999 0.48042958750000003 0.5031451671875 0.4224747609375 0.50201328125 0.4908899875 0.9953719328125 0.564551271875
0 0.3574133 0.39859820468749996 0.6674492671875 0.446331690625 0.8438747640625 0.45825995468749997 0.737172271875 0.377401465625 0.358477521875 0.3558653796875 0.3574133 0.39859820468749996
0 0.43296515468749996 0.42572335624999996 0.0059892390625 0.33557808125 0.0021086859375 0.40214361875 0.4455434078125 0.479478878125 0.43296515468749996 0.42572335624999996
0 0 0.5198736109375 0.436336840625 0.61292726875 0.9163471640624999 0.660685090625 0.9891789734374999 0.6707829703125 0.9934266125000001 0.5979205484375 0.000040165625 0.437626259375 0 0.4383152453125 0 0.5198736109375
0 0.7281178504162246 0.6896944664680908 0.1409977047222643 0.06733558320625015
0 0.6909940585563344 0.8927642618709382 0.11280907220870695 0.055743466564999976
0 0.5779446127128647 0.8502838615103478 0.10971134328594587 0.06035823138263865
0 0.4052201850197676 0.8579839926848962 0.14579428903121966 0.08619468597979178
0 0.047359771568218176 0.6730205791221875 0.09471954313643635 0.06791615824437507
0 0 0.6335644874999999 0.145505871875 0.652274509375 0.2961549796875 0.6408459296875 0.325149071875 0.58452991875 0 0.5238901640625 0 0.6335644874999999
0 0.7329516265625 0.7438406828125 0.9821631109375 0.7911304234375 0.98412485625 0.7574794109375 0.7430571296874999 0.71749255 0.7329516265625 0.7438406828125
0 0 0.7557204609375 0.2162914453125 0.814612428125 0.224125375 0.7738203375 0 0.717726725 0 0.7557204609375