0 0.6321746451614357 0.06737138360793479 0.059631865177646404 0.0424296946818584
0 0.47130345761021386 0.15748960744074988 0.026382717535011223 0.031143584186749562
0 0.5293342814315315 0.15616930212260832 0.07042381596343468 0.03994173151356133
0 0.5874506883797915 0.23710775995864636 0.0861943651776464 0.04397678413027979
0 0.7750983916467792 0.21121863609759636 0.07354881596343468 0.04012374203690507
0 0.02482871794929605 0.27521210260260104 0.0496574358985921 0.0660492052052021
0 0.5614296898275335 0.2912114310335686 0.048330492142117085 0.03398015785015547
0 0.8166264265625 0.2259254765625 0.7390870484375001 0.223580409375 0.60799923125 0.24757615624999998 0.6032432437499999 0.3193371140625 0.6789537453125 0.3158065375 0.963601325 0.2856808484375 0.9588992187500001 0.20485029843749997 0.8538265296875001 0.22567962968750002 0.8166264265625 0.2259254765625
0 0.4567378817219817 0.3524835890248984 0.07660104135632899 0.03874325256024873
0 0.29327900330976886 0.2795102786568465 0.13372433664159916 0.060769441980435344
0 0.17908807072094568 0.2924436471856374 0.11079625889134012 0.07034186305535757
0 0 0.5517277359375 0.4868286984375 0.4931794546875 0.4856471296875 0.4216953796875 0 0.46453718593750004 0 0.5517277359375
0 0.6377756796875 0.40118780625 0.6366647484375 0.356527290625 0.2413477515625 0.367512128125 0.129961709375 0.44871487656250003 0.3141311421875 0.44161815156250006 0.6377756796875 0.40118780625
0 0.5457772328125 0.48297803124999994 0.97147860625 0.421093609375 0.9675063906249999 0.35281006718749996 0.558907590625 0.427220446875 0.5457772328125 0.48297803124999994
0 0 0.6638684625 0.0543082421875 0.657916240625 0.5553879078125 0.6226250609374999 0.9773344328125001 0.5448822 0.9779325921875 0.5320394765625001 0.9736099109374999 0.45773135 0 0.5865649390625001 0 0.6638684625
0 0.2505198451231637 0.6929889497317687 0.1518579065339753 0.08208299985882572
0 0.289132773163873 0.906747612843596 0.12322348428423427 0.06950740514873247
0 0.40775864868060163 0.8658712548381488 0.12017125889134021 0.07088789462538898
0 0.5881182367699429 0.8787261125612474 0.16061647642635143 0.10285052616718496
0 0.9412197737830456 0.6979660201290543 0.06108735731976367 0.07367969468185827
0 0.8589844718749999 0.6725542421874999 0.9719115359374999 0.6613139578125 0.97717975625 0.54820316875 0.6714561 0.596346575 0.701722846875 0.6560413671875 0.8589844718749999 0.6725542421874999
0 0 0.7898334671875 0.24575365625 0.7503324546875 0.2352045859375 0.7225086390625 0 0.754694075 0 0.7898334671875
0 0.967551871875 0.754917678125 0.7769140828125 0.79710224375 0.7850918734375 0.8399416375 0.9656376890624999 0.7960159734375 0.967551871875 0.754917678125