0 0.6899572200162106 0.073526462815492 0.05955909057054054 0.03783634328594585
0 0.8967679921421171 0.03645877575262096 0.0752568651776464 0.03948974687674204
0 0.5311516083532208 0.16867027029167195 0.024820217535011225 0.029823855386194253
0 0.5903810591390092 0.16589070393669741 0.06886131596343467 0.036328385440423536
0 0.6543215887085138 0.2474906827612627 0.08768409057054054 0.037999969749379046
0 0.8442723465663967 0.21735425174851591 0.07184076674922295 0.03322156615858276
0 0.05992092535011291 0.29714316559284876 0.09509848428423431 0.06303633118569749
0 0.6311602245643246 0.303590691836449 0.048330492142117265 0.03152271077238851
0 0.8870863984374999 0.231964475 0.8079005734375 0.2309534921875 0.6756896546875 0.257769378125 0.6751026437500001 0.33106450781249996 0.752075128125 0.32611375625 0.999995940625 0.2953329515625 0.9908355140625 0.216672425 0.9249949875000001 0.231050903125 0.8870863984374999 0.231964475
0 0.5279667580627706 0.368597547419035 0.07809076674922295 0.033257927594901204
0 0.3559055134394541 0.2965220386384363 0.13677656203449332 0.052344270880847074
0 0.24097187220695976 0.31069310206654455 0.1122132096771284 0.06157382513557321
0 0.0340300984375 0.5844351921875 0.566748640625 0.51049219375 0.5612991265625 0.43758532343749995 0.023045865625000002 0.4948039875 0.0241011046875 0.5174603828125 0.029001590625 0.5595408281250001 0.0340300984375 0.5844351921875
0 0.715166896875 0.4139532015625 0.711382271875 0.36841041875 0.3090335265625 0.386660128125 0.20030450000000002 0.47148748124999995 0.3876323390625 0.460966240625 0.715166896875 0.4139532015625
0 1 0.36850092968750003 0.6363117015624999 0.44191677343749997 0.626237203125 0.4990344890625 1 0.43760769374999997 1 0.36850092968750003
0 1 0.47485344218750003 0.03609660625 0.6204656843749999 0.045107651562500004 0.6978434828125 0.13560361875 0.686262178125 0.6443274265625 0.6413309078125 1 0.5687552171875 1 0.47485344218750003
0 0.3380910446615885 0.7189601200205255 0.1532748573197636 0.07118517447164337
0 0.3896129650493027 0.9363885145361353 0.12456766046291667 0.05852154800821019
0 0.5086326387467859 0.8925617673648057 0.12009848428423417 0.06318177693097127
0 0.692626649085868 0.9022236345566608 0.1604709272121397 0.0915340359079618
0 1 0.5702413984375 0.7610912109375 0.6124537640625001 0.7954911609375 0.6728150484375 0.956790190625 0.6868596671875 1 0.6817708812500001 1 0.5702413984375
0 0.060130160937499996 0.8268416890625 0.336258303125 0.7771342234375 0.32385190625 0.748936359375 0.056511481249999995 0.7905504109375 0.057601864062499994 0.805131203125 0.060130160937499996 0.8268416890625
0 1 0.786466390625 0.88052064375 0.8153854812500001 0.8914013453124999 0.85894445625 1 0.8301980671875 1 0.786466390625