0 0.6617586288985612 0.5662462352403225 0.07435801285158128 0.061773841343090476
0 0.6457874134989723 0.40244736457673136 0.0652376808363588 0.06791475334181776
0 0.5833311758562619 0.34460813991886735 0.1623036818249421 0.0737294960216354
0 0.6686718151721275 0.47324112257323153 0.06472834486680376 0.05541475334181776
0 0.7847199209133461 0.3656911572247322 0.04215300790866543 0.03797271467218159
0 0.5591548937273088 0.4971609752546399 0.04071784190105419 0.04107953333863605
0 0.4628714372249684 0.29212912460218476 0.037338173916276675 0.034793170671545234
0 0.3493143201150433 0.45353079595004775 0.09993101581733085 0.07612724267981755
0 0.4844559826626134 0.4714802699315941 0.07521485870696817 0.12113066000954512
0 0.523249227225406 0.4967978959261853 0.03265067391627667 0.03473862667090906
0 0.44761255726346205 0.5132955999363665 0.039410009885831696 0.04731135200509069
0 0.5659858724727705 0.5978149559198218 0.30659219269935695 0.12694649737427088
0 0.6291650103057613 0.7337337272438222 0.059433349809719614 0.07877952800763595
0 0.6971536649446659 0.7899468172342773 0.08031885277546902 0.09307838534372674
0 0.347453389772976 0.518365455283275 0.06004084486680368 0.055360209341181486
0 0.7476788828528939 0.5465053525620958 0.061603344866803765 0.05537839067472703
0 0.5054011995450771 0.6281933465945487 0.09017401384016441 0.06664315467854501
0 0.07631587741568636 0.5800863946530915 0.047222509885831744 0.04740225867281787
0 0.8529393858186433 0.5312247032145508 0.19144203657757758 0.17558289735836255
0 0.20798632456366759 0.4340915473026833 0.05066584486680368 0.05525112133990895