0 0.6847854948690977 0.5273106916364116 0.06849673328249999 0.05898768083635879
0 0.6482635005686809 0.36927269855649386 0.06082970364722229 0.0649193458553869
0 0.5790582524685419 0.31891721289094993 0.15766833605604164 0.06730419961943915
0 0.6787517407850351 0.43606360912689757 0.05897626291777787 0.052355678859192525
0 0.7792764580156253 0.3201428373780678 0.03989895459715278 0.03752917490485981
0 0.5755364750174656 0.4699849643738247 0.03840918977951393 0.04059050790866543
0 0.4537848423243059 0.27866623908840404 0.03513871941479181 0.03421317391627667
0 0.36388980698944484 0.44811125886006753 0.0937876740119445 0.0725063527754692
0 0.4985193801277088 0.45357339718734985 0.06362870174736131 0.11810801285158128
0 0.5396353426086462 0.47301180528629566 0.028888719414791632 0.03395850593149898
0 0.46826948888517406 0.4978154871112377 0.035429660144236055 0.046713173916276676
0 0.5958145670574311 0.5684715439175891 0.29767639342673624 0.11359556228073994
0 0.6753773933298269 0.694258111104064 0.05330814437666671 0.07710101087441501
0 0.7492155900431952 0.7420788457810248 0.07391158510611114 0.0904286818249421
0 0.37006837822784766 0.5119827578714844 0.054325130508958354 0.05372717787060921
0 0.7670161134102088 0.4989363408381089 0.05741376291777787 0.052292011862998145
0 0.5395288526766324 0.6028266392786844 0.08419446846486114 0.06274935079830275
0 0.1116577726045144 0.5975833127378506 0.04476829255305561 0.04553267589344294
0 0.8688870847248615 0.47445365258737626 0.17878222948277767 0.16963070357377177
0 0.22144773385118094 0.44296745551375716 0.046548998100138926 0.054971342889637495