0 0.3203125 0.51328125 0.05859375 0.04453125
0 0.3796875 0.36640625 0.0484375 0.05390625
0 0.45390625 0.32578125 0.15 0.03359375
0 0.3390625 0.42578125 0.05 0.04140625
0 0.26015625 0.3015625 0.03359375 0.02890625
0 0.43515625 0.47265625 0.03046875 0.03359375
0 0.58046875 0.3046875 0.02890625 0.0265625
0 0.64296875 0.47890625 0.08203125 0.05390625
0 0.51171875 0.46640625 0.04140625 0.10703125
0 0.46875 0.48046875 0.0234375 0.02890625
0 0.53515625 0.5125 0.0265625 0.0390625
0 0.40078125 0.5640625 0.28359375 0.05
0 0.30546875 0.675 0.0390625 0.06796875
0 0.2265625 0.71171875 0.05703125 0.0765625
0 0.6265625 0.5390625 0.04609375 0.04296875
0 0.2453125 0.47578125 0.0484375 0.04140625
0 0.45 0.60546875 0.075 0.04609375
0 0.8640625 0.65625 0.0359375 0.0375
0 0.15078125 0.43828125 0.1484375 0.13359375
0 0.78046875 0.4921875 0.0359375 0.04453125