0 0.4942567695605611 0.31615820291880403 0.06470430913596843 0.07293866801906326
0 0.3626559667561706 0.41142801826064923 0.07046298620519006 0.06367276217486477
0 0.3453257038658718 0.4977649387153445 0.08203565128862396 0.16534435633066594
0 0.4104892791714995 0.35606440827653535 0.05796298620519007 0.06345457386326192
0 0.2601716966297826 0.30270580884572823 0.04127345318850324 0.04286933847375849
0 0.48686807270363597 0.443256491068251 0.04423467887824373 0.03979888555165907
0 0.36256519278459537 0.6330984667185218 0.03634029172311406 0.03810001785690744
0 0.5581200322237173 0.656025272317839 0.08015889077317447 0.0997466298696164
0 0.5051068176152532 0.523189452918804 0.12399742198083885 0.07241256249917623
0 0.5057752029613607 0.47636899999670473 0.03757524310259512 0.03187729139585791
0 0.5588869148562912 0.5366167532431156 0.048840291723114146 0.038318206168510116
0 0.5705160543862702 0.38617642247999484 0.13940549525030158 0.3068421095770768
0 0.6529456948207603 0.2611685142001642 0.08263543758467104 0.057640950486467266
0 0.6654656269783644 0.17240602312861797 0.09776247060135787 0.07819891233702041
0 0.6150350955435574 0.6250167800284767 0.05936171189493056 0.06035684740221221
0 0.432100928312417 0.24716669520816628 0.05779921189493074 0.06032957386326192
0 0.6265104268420789 0.42696110957378164 0.07185506784239593 0.09023526217486459
0 0.8067223857963335 0.842229373777241 0.05089411465389233 0.047720479707460586
0 0.3650152476251508 0.1585757536501527 0.18474457146044046 0.18899213636243806
0 0.6145448518751355 0.7943843887947748 0.057226001809022264 0.04939207386326192