0 0.5237054703686744 0.7105524338271684 0.06221935633066593 0.07627570967712849
0 0.3790730344927037 0.6085810572769823 0.06830571509696393 0.06719180810555195
0 0.3517644663114846 0.5198802762597357 0.07323076866768634 0.17046235731976367
0 0.4339474951254408 0.6665605312221344 0.05418866801906326 0.06341183664159918
0 0.2865054792971281 0.7166781935470781 0.039826159090609534 0.045569365177646405
0 0.5034730166357961 0.5800280258454509 0.044459112012708954 0.04266268899896399
0 0.35481950811437957 0.3818537373846062 0.035002291395857824 0.037538541356328906
0 0.5519984711827486 0.3637159751834972 0.07671823295387145 0.10193068114108109
0 0.5121837690714282 0.49768856079163903 0.1230477621748646 0.07286391935425698
0 0.5184979987788887 0.5463807719165095 0.03648297077900686 0.032923815963434674
0 0.5658445572208752 0.48613678473679106 0.04750229139585791 0.038120738213175895
0 0.5935173640380084 0.6404261784504849 0.12105243425111781 0.3163228209258335
0 0.6910253839235108 0.7706466794839422 0.0822318474022122 0.06003427956950454
0 0.7144958859521057 0.863071773983424 0.0950864034085667 0.08092897642635144
0 0.6134678051922803 0.39702293486062556 0.05728639448011279 0.0619948858558109
0 0.4679151663909149 0.7789899106678045 0.05418866801906326 0.06341183664159918
0 0.6474684784863494 0.6007857896991898 0.06720686525911965 0.09368153349844607
0 0.7868978023529064 0.1810641027671404 0.04766593262955983 0.04749573821317572
0 0.40858680518898494 0.8683392009906761 0.17668305113509053 0.1940154813887503
0 0.5948290791382677 0.22363893878956703 0.05550570616851012 0.049422111248705033