0 0.42109375 0.31036861939049737 0.059375 0.07256589067472685
0 0.58828125 0.33809527207985995 0.0671875 0.06328179734245412
0 0.64765625 0.40597366275458685 0.0703125 0.1648806600095451
0 0.51640625 0.3106964307367695 0.0546875 0.061573846674090583
0 0.6265625 0.20025946475172338 0.0390625 0.04264203333863605
0 0.49140625 0.42056177940004236 0.0421875 0.03955339600572696
0 0.7 0.5331452374283593 0.034375 0.03789998933799978
0 0.534375 0.6374680160725421 0.075 0.09931020401018138
0 0.515625 0.49818734006999676 0.1203125 0.07014996268299925
0 0.49140625 0.4572805294000425 0.0359375 0.03166817067154533
0 0.4734375 0.5336339440642698 0.0453125 0.036464758672817864
0 0.38828125 0.40608056138604304 0.1203125 0.30921246268299923
0 0.25078125 0.33182435403404387 0.0796875 0.05717724801081765
0 0.19375 0.25850448535963516 0.0921875 0.07919769867918128
0 0.46796875 0.6343515593968607 0.0546875 0.0600113466740904
0 0.4421875 0.22389531739336088 0.0546875 0.06001134667409058
0 0.35703125 0.46587318471513406 0.0671875 0.08984429734245403
0 0.403125 0.9085970340547249 0.0484375 0.047438621339908595
0 0.45859375 0.11705497139558804 0.1734375 0.18795562802354437
0 0.55390625 0.7837890327418602 0.0546875 0.047511346674090404