0 0.4838690908289909 0.334846642253361 0.0634474303072194 0.07364810015828453
0 0.35072426333166196 0.4332122829238765 0.07098711179556512 0.06606292069139812
0 0.33271336251335526 0.5208797674844703 0.0839087524470707 0.16789820533113406
0 0.39948665634542024 0.37687736638911357 0.05843254809323426 0.06413670783841648
0 0.24704121342432916 0.3248338301000248 0.04215278366526398 0.04493206677218975
0 0.47748765997361736 0.4649971435070023 0.04673115626060227 0.041943459092057725
0 0.35079621831847063 0.658766212390763 0.037247028855940556 0.03854567445232178
0 0.5490526690441101 0.6817049218785323 0.08161707694917482 0.10227320533113407
0 0.4951687224948218 0.5466790525199178 0.12594743030721922 0.07546666442319179
0 0.49660224772256534 0.49833248073316305 0.0370833377489479 0.033858174452321775
0 0.5502654502623032 0.5599890462517116 0.04974702885594055 0.038909387305303154
0 0.561297175582714 0.4065601693712497 0.1420536130615094 0.3131939849563052
0 0.6458036064380874 0.27868287344874254 0.08176092068857255 0.06169366943775678
0 0.6582366298517324 0.18773126451496935 0.09971231252120454 0.08406877461060622
0 0.6072545494439966 0.6498388079301941 0.05994048439090331 0.0626196719450391
0 0.4221478516287641 0.2659315062016992 0.05837798439090349 0.06257420783841657
0 0.6189112681409854 0.4472593772096662 0.07196925843752044 0.09418792069139811
0 0.8022297766633238 0.8693570007249157 0.05169147477225664 0.049892351411925516
0 0.35346728429823615 0.17652201372354653 0.1863442716843644 0.19585337226160834
0 0.6062253067003908 0.8215092194503921 0.056378974772256465 0.05002874373179367