0 1 0.4880549921875 0.4643353140625 0.6260674625 0.118463878125 0.6700108609375001 0.0513904234375 0.6878795890625 0.0660890796875 0.7745448578125 0.1909733328125 0.7503283781250001 0.532702646875 0.6984961890625 0.82864299375 0.624691771875 1 0.56237293125 1 0.4880549921875
0 0.3225665903611436 0.5817199779599109 0.05999573821317572 0.047547709341181486
0 0.2430075229499668 0.6021875666375014 0.07536818114108117 0.07583634134309047
0 0.6046299195591447 0.5119956345878672 0.05999573821317572 0.047547709341181486
0 0.595312731593638 0.5636944945894581 0.07689213978475226 0.04149770401018138
0 0.4644437212545557 0.5566188859405028 0.07129711124870504 0.05548747867599957
0 0.6935468703449329 0.5078342985757769 0.06839043507002263 0.060138616008908664
0 0.7937994274170276 0.478527511895323 0.1272560128202816 0.04989200668363551
0 0.4817188426374551 0.2226433279360484 0.10527400496239885 0.0808692866804539
0 0.28221330231458364 0.2859353106301835 0.06937073821317571 0.047656797342454114
0 0.10592693817039449 0.34426707332113693 0.10610875889134012 0.06526246801399935
0 0.7452548037623257 0.22504852323364094 0.09597608767505647 0.14947383601209036
0 0.5681850355653606 0.24977744525782164 0.0986943651776464 0.04018974267981754
0 0.4883562944567007 0.31480355593573023 0.05174659057054072 0.03808180267345422
0 0.8554795202638796 0.1581053765515962 0.1696276033908223 0.0878647213558172
0 0.75227851457761 0.34681443523236827 0.4954429708447801 0.2526930267345424
0 0.4073075016526298 0.3368518259468661 0.09084763192686936 0.07289315467854492
0 0.37304812572161644 0.4404313592855022 0.3308219685684686 0.12878171737745242
0 0.13431526550636871 0.4838562846515007 0.1685017510334573 0.09722154002227175
0 0.5711794489237615 0.1965888105904126 0.04956766046291676 0.05835794000636332