0 0.6953766109374999 1 0.725502140625 0.8135591265625 0.7413887421875 0.5327758359375 0.7297932640625 0.2137039171875 0.7303598874999999 0.0784174203125 0.7373403546875 0.0257484921875 0.694720803125 0.024260184375 0.654333940625 0.0375762140625 0.645455928125 0.1600998328125 0.664828675 0.48172432968749995 0.6315051140625 1 0.6953766109374999 1
0 0.600463244721699 0.36060523873689065 0.03996252678536116 0.05292659255827141
0 0.6053632045436571 0.2834797435462141 0.06512616801906326 0.06317461179556512
0 0.586377019882207 0.6271379743089204 0.039907979707460586 0.049801592558271324
0 0.6305809874148031 0.6099430398253498 0.03242276217486477 0.06827877404661713
0 0.6035491087630026 0.49266377058805605 0.04637616801906326 0.06251984736759475
0 0.5971566071381496 0.7079341065229056 0.052571620941162675 0.059613102176918176
0 0.5878964297835955 0.8036459106065894 0.03633869480442442 0.11370040145127902
0 0.3056803989410445 0.5595585715916972 0.06712504464226869 0.08822917549789597
0 0.3288882536501527 0.3682986545313217 0.038509120941162586 0.059122028855940555
0 0.35091543790456564 0.19885917376861542 0.05473413879807003 0.09404266587924907
0 0.3535896136309714 0.7993676052569612 0.13094208279171565 0.07640378729346117
0 0.34522986850223536 0.6335516322988031 0.029679591720169363 0.09004464664195541
0 0.3906457341683921 0.5515947933687289 0.030451159090609536 0.044786710344286364
0 0.31180330843539583 0.9103398215916971 0.06977848620028233 0.15078373920022692
0 0.46434983562779414 0.7835640120657176 0.1968354586008468 0.4328719758685649
0 0.39555933075982547 0.47525054817805223 0.06071140340856669 0.07863592068857254
0 0.4829405539744642 0.4267708973597456 0.0941899253226639 0.29686013103285874
0 0.4813841879045656 0.20341524291324192 0.07756371266133186 0.14949405771188112
0 0.29781908035278837 0.6459499393777121 0.05224433847375849 0.04086310217691817