0 0.3579864953125 0 0.34175736562500003 0.072779890625 0.253300909375 0.4072605625 0.202223684375 0.7070777671874999 0.1866937859375 0.9351892390625001 0.249932459375 0.948123640625 0.34408810624999997 0.369417875 0.44113518437500004 0.0338736875 0.4463728265625 0 0.3579864953125 0
0 0.4395882565386039 0.254858550457066 0.053690484390903494 0.06333906203449331
0 0.45258181905980843 0.1731355155108779 0.08079862141421187 0.08020123035529285
0 0.3906770082678845 0.5387091656347124 0.0535813569862416 0.06021406203449331
0 0.3479091549098399 0.5126218546336764 0.04954862141421188 0.07874573821317572
0 0.40509915073348857 0.39374126799207726 0.0634474303072194 0.0747132096771284
0 0.3580976320443491 0.6229043831697237 0.06808036660488845 0.07336903349844608
0 0.34592995954167804 0.7256483935088059 0.06681053248413757 0.12634848428423417
0 0.6929389127143881 0.526971029159729 0.09115576805616729 0.10876287799792798
0 0.7157663214220611 0.3199932830886705 0.053963302902557686 0.07115156203449331
0 0.7338690245947713 0.1366349735353765 0.07871033175849824 0.10974318114108117
0 0.5877429481089327 0.7697643048002922 0.15354664065150558 0.10854886228216216
0 0.635096641662996 0.597523277711987 0.05343751324684387 0.10076628742738744
0 0.6088193730586744 0.5012497452469983 0.04237103847458741 0.05189213978475245
0 0.6029909474759605 0.8915108722114689 0.10707343393541642 0.16254284946188094
0 0.4727826362207003 0.7337797630296785 0.3122818114248961 0.4996919007430069
0 0.6210862492822098 0.41800059760436314 0.08134425843752062 0.09582623035529281
0 0.5446899295894292 0.3498007152632089 0.1674355589778255 0.3275899607105857
0 0.5989409530878922 0.11406011435358612 0.11521331614940156 0.17228172249740997
0 0.6819071542768678 0.6195224021952583 0.06273810217691818 0.05440070967712849