0 0.5853144546875 0 0.583051653125 0.11500775625 0.62118215625 0.44880312499999997 0.6150648203125 0.9759974546875 0.684273065625 0.9647268578125001 0.7032720046875001 0.7862334984375 0.704446009375 0.4892126 0.674628225 0.1567619546875 0.6677466359374999 0.014864674999999999 0.6689125171875 0 0.5853144546875 0
0 0.5472789552246683 0.3318700851927182 0.05154921189493074 0.059656801131468117
0 0.5483711437138504 0.2514195159108774 0.0787668091359686 0.07231133723582168
0 0.546560823723748 0.6138195219610016 0.05138543758467105 0.05653180113146803
0 0.5931425746282593 0.5893371515476927 0.04603619629109836 0.07368293969514958
0 0.5564381919956852 0.4700558864223822 0.0598530348257091 0.06907725292686635
0 0.5632326673467414 0.6980718021134267 0.06602114767057934 0.0675511143631848
0 0.5579100022633076 0.7996343021134268 0.056305310944990875 0.12060339149054773
0 0.2485703810506943 0.5921228257247485 0.08492827792830412 0.1004636083130606
0 0.26164134837269176 0.38742169018612904 0.050232373360319826 0.0643352107723885
0 0.275827758367743 0.20614441910889014 0.07251016508343389 0.10195338544042354
0 0.31083692842801786 0.8346552384889268 0.1500619549975256 0.09147040339440445
0 0.2932820154922906 0.6629347745932803 0.04553822930778519 0.09398634933607006
0 0.3364764948000757 0.5689620607958297 0.03847600180902226 0.04864657825883114
0 0.2718795697670191 0.9371944312091387 0.09544969810012063 0.12239315046753844
0 0.4260801481248645 0.7816569826351942 0.26947585481581166 0.43268627673457977
0 0.3383908768668228 0.4877256963344491 0.07481629353213641 0.08634656615858276
0 0.42694544380470745 0.42238652176460995 0.14779120533620987 0.31638859016268783
0 0.4134472670741703 0.1881615126894236 0.10687187697836435 0.16151019262201594
0 0.24456123247560377 0.6835245305452086 0.06191350180902226 0.048782933645025395