0 0.243005128125 0.5195557953125001 0.286875440625 0.796721275 0.33749304062499996 0.9852998187500001 0.4017768765625 0.982680453125 0.3149171359375 0.4603348921875 0.30244383125 0.13868018124999998 0.28134397031249997 0.0179514203125 0.2331141828125 0.0078979953125 0.195891575 0.0120108640625 0.2089546484375 0.06697005 0.22296509062499997 0.201300915625 0.243005128125 0.5195557953125001
0 0.36768946096232613 0.3323443374152489 0.04186149810013893 0.054780341901054186
0 0.3546095391345831 0.25716792387909554 0.06867857123840286 0.06680018083635879
0 0.4084001542572217 0.5952780775294171 0.04182513050895835 0.053217841901054184
0 0.3618342787822565 0.5839068374152487 0.03750130642076392 0.06865184091247087
0 0.3778976495075691 0.4638344179475965 0.049892203647222286 0.06447367688202625
0 0.40491017192465223 0.6781542445256115 0.05450696846486114 0.06153967787060921
0 0.42458493265822855 0.77179415657889 0.04171733415618064 0.11565417490485999
0 0.6830566217721523 0.4982306866934958 0.07085932028847228 0.09342634783255317
0 0.6413815341005901 0.3102651130812303 0.04044446846486131 0.06096667490485981
0 0.6023223001524999 0.1440472054765761 0.05843205547083343 0.0960420118629981
0 0.660232145139166 0.741118523651634 0.13615701196784719 0.08203786167271758
0 0.6515689260087149 0.5767841096211892 0.0333229526972918 0.09033583992388791
0 0.5979549231589232 0.4993567879860901 0.032268292553055564 0.04502333992388792
0 0.7124102813477076 0.8467026787848304 0.07700152393569457 0.15611734882113631
0 0.547659409956805 0.7488275473776304 0.21686933662472258 0.4646540434976597
0 0.5848931851267705 0.42339912444993677 0.06275587955902787 0.08060801285158128
0 0.4928881762930552 0.3857810607235031 0.10694620991548635 0.30251218775644106
0 0.47230749183187487 0.1633940661607106 0.08470492116215293 0.15174818380210836
0 0.7006240218484022 0.5818098492410659 0.05407055737069442 0.04278967787060939