0 0 0.755 0.0675 0.7424999999999999 0.2 0.735 0.5125 0.73 0.7875 0.7 0.9974999999999999 0.655 0.9974999999999999 0.595 0.4625 0.6575 0.14750000000000002 0.655 0.027500000000000004 0.67 0 0.755
0 0.34375 0.60078125 0.0484375 0.03671875
0 0.26875 0.609375 0.05703125 0.06015625
0 0.6046875 0.57265625 0.046875 0.03671875
0 0.58828125 0.61796875 0.06484375 0.0296875
0 0.47265625 0.59609375 0.05703125 0.04296875
0 0.684375 0.58046875 0.0546875 0.0484375
0 0.778125 0.565625 0.10859375 0.03125
0 0.5390625 0.3015625 0.08359375 0.06171875
0 0.3515625 0.33359375 0.05625 0.03515625
0 0.18515625 0.3640625 0.08828125 0.0484375
0 0.7734375 0.33515625 0.06484375 0.1265625
0 0.61171875 0.3359375 0.08515625 0.025
0 0.53125 0.384375 0.04140625 0.028125
0 0.88203125 0.2890625 0.14375 0.06015625
0 0.77734375 0.44609375 0.4453125 0.171875
0 0.45625 0.39375 0.0734375 0.05625
0 0.40859375 0.48125 0.28515625 0.078125
0 0.18984375 0.4921875 0.14140625 0.06875
0 0.62265625 0.2890625 0.03671875 0.0484375