0 0.2820680203125 0 0.24016585468749999 0.21195888749999997 0.2121532125 0.5168861578125 0.212658675 0.8639585375 0.207545259375 0.9943652374999999 0.2948361921875 0.995887978125 0.30260687656249996 0.9238343125 0.2937157640625 0.573839140625 0.3508879859375 0 0.2820680203125 0
0 0.35906507530471227 0.70703125 0.04404266587924912 0.053125
0 0.35026548337941305 0.790625 0.07104167549789597 0.065625
0 0.3849082903735039 0.41796875 0.04404266587924912 0.053125
0 0.3355084910991433 0.43515625 0.0368849303072194 0.071875
0 0.36185771469027356 0.56328125 0.050729175497895976 0.065625
0 0.37554815934064517 0.32890625 0.056815484390903316 0.0609375
0 0.38988842313564326 0.225 0.04019346878180681 0.121875
0 0.6876364754900467 0.49609375 0.07364088584218216 0.0953125
0 0.6550224160488851 0.703125 0.04280754809323426 0.0625
0 0.6247421829239261 0.8875 0.05817957694917482 0.1
0 0.6456845553496284 0.234375 0.1448065577118811 0.075
0 0.6480531311176768 0.4140625 0.03296132213985139 0.09375
0 0.5956945121505356 0.503125 0.034449411069925516 0.046875
0 0.6953894002701524 0.1140625 0.07593256134007831 0.1609375
0 0.5240005283077863 0.23984375 0.21362605661557268 0.4796875
0 0.5868949202252363 0.58671875 0.06695437622353531 0.0828125
0 0.49020345869982374 0.63671875 0.10488099527549473 0.31875
0 0.48309039626343725 0.88046875 0.08519843393541641 0.1578125
0 0.7000149352013608 0.403125 0.054598219962933035 0.0421875