0 0.5794125 0.3838225 0.60294 0.385295 0.6426475 0.40293999999999996 0.65294 0.388235 0.6808825 0.4044125 0.6794125 0.3823525 0.639705 0.360295 0.6 0.32794 0.55147 0.335295 0.52647 0.336765 0.525 0.3661775 0.5794125 0.3838225
0 0.3088225 0.22206 0.30147 0.19705999999999999 0.2441175 0.1661775 0.23676499999999998 0.1691175 0.25441250000000004 0.2088225 0.3088225 0.22206
0 0.1338225 0.22206 0.135295 0.25441250000000004 0.17353000000000002 0.2558825 0.18529500000000002 0.22941250000000002 0.2205875 0.25146999999999997 0.2176475 0.28088250000000003 0.26176499999999997 0.30294 0.32058749999999997 0.3294125 0.3661775 0.30735250000000003 0.36323500000000003 0.2661775 0.2823525 0.23529499999999998 0.25294 0.225 0.2205875 0.20293999999999998 0.17353000000000002 0.175 0.10146999999999999 0.15147 0.16029500000000002 0.136765 0.11911750000000002 0.12205999999999999 0.07647000000000001 0.1323525 0.00294 0.09852999999999999 0.00294 0.18676500000000001 0.0676475 0.20293999999999998 0.1338225 0.22206
0 0.5306825 0.2727275 0.49659000000000003 0.25909 0.49659000000000003 0.2772725 0.5113624999999999 0.2931825 0.5363625 0.2897725 0.5306825 0.2727275
0 0.3511375 0.7056825 0.40113750000000004 0.7238625 0.4 0.6943175 0.3636375 0.6534099999999999 0.395455 0.6590900000000001 0.4125 0.7056825 0.45909000000000005 0.729545 0.45341 0.707955 0.4397725 0.6761375000000001 0.43068249999999997 0.6193175 0.3931825 0.582955 0.3636375 0.5818175 0.3125 0.5625 0.332955 0.5863625 0.31591 0.5965900000000001 0.30341 0.6193175 0.30909 0.6511375 0.3511375 0.7056825
0 0.9011374999999999 0.6261375 0.9477275000000001 0.6193175 0.967045 0.5886375 0.9488625 0.55341 0.8761374999999999 0.4863625 0.8295450000000001 0.457955 0.8125 0.4977275 0.8193175 0.554545 0.8681825 0.5875 0.9011374999999999 0.6261375
0 0.4431825 0.2386375 0.41022749999999997 0.22272750000000002 0.38181750000000003 0.24431750000000002 0.4261375 0.2738625 0.44659000000000004 0.270455 0.4431825 0.2386375
0 0.3738625 0.18636250000000001 0.35909 0.1693175 0.33863750000000004 0.1761375 0.3261375 0.170455 0.3352275 0.15113749999999998 0.3011375 0.13409 0.275 0.14659 0.2818175 0.1522725 0.292045 0.179545 0.3238625 0.192045 0.35795499999999997 0.20795499999999997 0.3738625 0.18636250000000001
0 0.5431825 0.5897725 0.5511375000000001 0.575 0.5602275 0.54091 0.517045 0.5102275 0.5056825 0.5318175 0.4625 0.50909 0.46022749999999996 0.5681825 0.5363625 0.6068175 0.5431825 0.5897725
0 0.6647725 0.49545500000000003 0.7011375 0.47159000000000006 0.732955 0.42727250000000006 0.72841 0.3943175 0.6886375 0.3988625 0.65 0.41477250000000004 0.629545 0.3943175 0.60909 0.40340999999999994 0.5659099999999999 0.3852275 0.5659099999999999 0.4068175 0.6136375000000001 0.457955 0.6647725 0.49545500000000003
0 0.1488625 0.34886249999999996 0.13409 0.3238625 0.12159 0.31591 0.11363749999999999 0.292045 0.095455 0.3022725 0.0727275 0.34091 0.1181825 0.34545499999999996 0.1363625 0.35909 0.1488625 0.34886249999999996
0 0.7772725 0.9193175 0.745455 0.9545450000000001 0.7306825 0.9738625000000001 0.7022725000000001 0.967045 0.7011375 0.9909100000000001 0.75909 0.9974999999999999 0.9974999999999999 0.9974999999999999 0.9974999999999999 0.9681825 0.9681825 0.9397724999999999 0.97159 0.9170450000000001 0.9863625 0.8988625000000001 0.9602275 0.8829549999999999 0.90341 0.8511374999999999 0.8431825 0.8147724999999999 0.8102275000000001 0.7897725 0.7784099999999999 0.7875 0.7784099999999999 0.8147724999999999 0.7477275 0.8193175 0.7159099999999999 0.792045 0.707955 0.77159 0.6636375 0.7863625 0.6625 0.8443175 0.7181825 0.870455 0.792045 0.8772724999999999 0.79091 0.9011374999999999 0.7863625 0.925 0.8181825 0.9534100000000001 0.8 0.9454549999999999 0.7772725 0.9193175
0 0.4806825 0.8045450000000001 0.4977275 0.7784099999999999 0.4488625 0.7306825 0.417045 0.7159099999999999 0.4068175 0.7193175 0.3977275 0.75909 0.4068175 0.7897725 0.44431750000000003 0.8261375 0.4806825 0.8045450000000001
0 0.5965900000000001 0.817045 0.6136375000000001 0.77159 0.5806825 0.757955 0.5590900000000001 0.7375 0.5806825 0.7125 0.5647725 0.6840900000000001 0.5352275 0.6636375 0.507955 0.6590900000000001 0.5147725000000001 0.6988624999999999 0.5261375 0.7204550000000001 0.5181825 0.7431825 0.5125 0.770455 0.5727275 0.8 0.5965900000000001 0.817045
0 0.579545 0.8863625 0.570455 0.9022724999999999 0.5818175 0.9397724999999999 0.5954550000000001 0.9636374999999999 0.6375 0.95909 0.682955 0.97159 0.6477275 0.9386374999999999 0.7136375 0.9102275000000001 0.7170449999999999 0.9306825 0.7386375000000001 0.9284100000000001 0.7272725 0.8897725 0.6977275 0.8670450000000001 0.64659 0.845455 0.6431825 0.84659 0.6397725000000001 0.87159 0.617045 0.8897725 0.6056825 0.9102275000000001 0.579545 0.8863625
0 0.7693175 0.6909099999999999 0.7852275 0.732955 0.8136374999999999 0.7625 0.8113625000000001 0.7693175 0.8375 0.7693175 0.8431825 0.7488625 0.8693175 0.7431825 0.8693175 0.7136375 0.83409 0.6943175 0.8227275000000001 0.66591 0.7977274999999999 0.6863625 0.77159 0.66591 0.7625 0.6431825 0.7795449999999999 0.6238625 0.7465900000000001 0.60909 0.7215900000000001 0.6352275 0.679545 0.6272725 0.6693175 0.6511375 0.70341 0.67841 0.7738625 0.7113625 0.7693175 0.6909099999999999
0 0.1988625 0.1352275 0.18636250000000001 0.125 0.1772725 0.14431750000000002 0.195455 0.15909 0.22272750000000002 0.15113749999999998 0.1988625 0.1352275
0 0.43068249999999997 0.3568175 0.42159 0.375 0.46022749999999996 0.38181750000000003 0.5193175 0.407955 0.5329550000000001 0.40227250000000003 0.5136375 0.3625 0.49318249999999997 0.32841 0.5227275 0.332955 0.5352275 0.3147725 0.48977250000000006 0.3 0.4613625 0.3227275 0.454545 0.3 0.4056825 0.27954500000000004 0.420455 0.3068175 0.417045 0.317045 0.43068249999999997 0.3568175
0 0.2488625 0.39091 0.3181825 0.395455 0.28636249999999996 0.4261375 0.292045 0.47159000000000006 0.34545499999999996 0.5034099999999999 0.382955 0.5068175 0.4193175 0.5238625 0.45 0.5181825 0.44545500000000005 0.4852275 0.5227275 0.5022725 0.5193175 0.454545 0.4693175 0.425 0.4261375 0.4 0.3613625 0.3636375 0.2988625 0.35 0.20681750000000002 0.33863750000000004 0.2193175 0.37159 0.1977275 0.39091 0.2488625 0.39091
0 0.4977275 0.2056825 0.479545 0.20795499999999997 0.49318249999999997 0.2397725 0.5022725 0.2318175 0.4977275 0.2056825
0 0.4568175 0.22954500000000003 0.4511375 0.20454500000000003 0.40909000000000006 0.19318249999999998 0.395455 0.192045 0.4318175 0.22272750000000002 0.4613625 0.25341 0.47840999999999995 0.2522725 0.4568175 0.22954500000000003
0 0.7931825 0.44090999999999997 0.81591 0.44204499999999997 0.8238625 0.4318175 0.7840900000000001 0.3943175 0.7375 0.3875 0.7568175 0.41022749999999997 0.7795449999999999 0.4136375 0.7931825 0.44090999999999997
0 0.023862500000000002 0.2056825 0 0.1988625 0.0022724999999999998 0.22272750000000002 0.0352275 0.2522725 0.0806825 0.2431825 0.0647725 0.22613750000000002 0.023862500000000002 0.2056825
0 0.0522725 0.3022725 0.0056825 0.28409 0.0022724999999999998 0.3397725 0.0556825 0.3511375 0.0522725 0.3022725
0 0.18409 0.307955 0.1488625 0.307955 0.1556825 0.32954500000000003 0.19091 0.32727249999999997 0.18409 0.307955
0 0.67421875 0.32578125 0.01953125 0.0375
0 0.4140625 0.1625 0.0328125 0.02265625
0 0.54140625 0.25859375 0.0328125 0.0375
0 0.640625 0.33125 0.03828125 0.021875
0 0.542045 0.6022725 0.58409 0.63409 0.6545449999999999 0.5761375 0.6602275 0.545455 0.645455 0.517045 0.5920449999999999 0.47159000000000006 0.5329550000000001 0.45341 0.5375 0.52159 0.5636375 0.5329550000000001 0.542045 0.6022725
0 0.9170450000000001 0.7125 0.94091 0.757955 0.9534100000000001 0.7068175 0.9613625000000001 0.67841 0.9974999999999999 0.6897725 0.9974999999999999 0.670455 0.9465899999999999 0.6534099999999999 0.9443175 0.6488625 0.9204549999999999 0.6397725000000001 0.8909100000000001 0.6613625 0.8943175 0.6977275 0.9170450000000001 0.7125
0 0.9974999999999999 0.817045 0.8727275000000001 0.7261375 0.8363625000000001 0.7568175 0.9974999999999999 0.8761374999999999 0.9974999999999999 0.817045
0 0.73828125 0.571875 0.0328125 0.03828125
0 0.79921875 0.60546875 0.028125 0.03203125
0 0.6859375 0.59140625 0.0375 0.03515625