0 0.40601868750000003 0.32286498125 0.4252043109375 0.295530065625 0.4025349453125 0.29532379375 0.3762225859375 0.3342401046875 0.339393934375 0.3723555 0.34227854375 0.42257880312499996 0.34139631875 0.44827131875 0.3712942703125 0.45205566093750005 0.3945022484375 0.3977519515625 0.398249171875 0.3737941421875 0.42005517968749995 0.33453573593749997 0.40601868750000003 0.32286498125
0 0.184794625 0.7167054875 0.2035011140625 0.6620626265625 0.17726838125 0.6676470515624999 0.1402610453125 0.7239325062499999 0.14256259375 0.7316830921874999 0.184794625 0.7167054875
0 0.29607598749999997 0.6099929687500001 0.2537446609375 0.6098113046875 0.2144939828125 0.690171290625 0.2011758296875 0.719466290625 0.1755621390625 0.7508571984375 0.14254141250000002 0.7968375375 0.11164075468750001 0.8687408828125 0.1022313359375 0.807414496875 0.08328771406249999 0.8484048578125 0.0897331359375 0.8928372703124999 0.05499608593750001 0.953537659375 0.14252123125 0.960182075 0.16098089375 0.907336521875 0.1868166765625 0.8411124609374999 0.2199977015625 0.8421141437499999 0.225144278125 0.8031082796875 0.199232934375 0.7890188203124999 0.22512437031250002 0.75461968125 0.2548821734375 0.7599080453125 0.28161498281249997 0.716479678125 0.31425866562500004 0.6583483015625 0.29607598749999997 0.6099929687500001
0 0.2943474390625 0.434506603125 0.2763983625 0.4389965671875 0.2592204265625 0.47282072968750005 0.27778966875 0.474230403125 0.295446478125 0.460349525 0.2943474390625 0.434506603125
0 0.586673065625 0.6838480671875 0.6086922328125 0.69839938125 0.6417305718749999 0.6950549109375 0.701444534375 0.6562631734375 0.7247782046875 0.60651555625 0.6944963343749999 0.6053887828125 0.649251946875 0.6394212625 0.65808623125 0.6073078093750001 0.707294815625 0.593480628125 0.736106740625 0.5476624828125 0.7135159953125 0.5518000765625 0.67972154375 0.56328639375 0.6208263484375001 0.5681815546875 0.5801151828125 0.6037302234374999 0.5761366781249999 0.6338707625 0.551532865625 0.684694015625 0.5778530921875 0.665615684375 0.586673065625 0.6838480671875
0 0.4940590859375 0.14757833125 0.53305248125 0.168101309375 0.5917284640625 0.1655310453125 0.6300431859375 0.11809018593750001 0.6726444218750001 0.0873680734375 0.6701212359375 0.03917114375 0.640630396875 0.017028007812500003 0.6029200968749999 0.032900132812499996 0.5275129234375 0.10210999843749999 0.4940590859375 0.14757833125
0 0.266060178125 0.5248589421875 0.2332410515625 0.5258785171875 0.2138507296875 0.558362671875 0.23319134843749997 0.5891039859375 0.26759022187500003 0.54604893125 0.266060178125 0.5248589421875
0 0.152449284375 0.6403460375 0.133587540625 0.6295480109375 0.11292731250000002 0.663105240625 0.123201246875 0.6908167265625 0.1296545921875 0.6842820140625 0.1584822609375 0.6759322421875 0.17428160625 0.6443475375000001 0.19378037812499999 0.610699559375 0.173245221875 0.5927498828125 0.1544292703125 0.6065427640625 0.159444396875 0.6279973234375 0.152449284375 0.6403460375
0 0.57142051875 0.533988378125 0.6181359671875 0.45908680312500005 0.6013786375 0.45078749218749997 0.5870503546875 0.4415031 0.5531018999999999 0.429559775 0.5176497796875 0.47136281562500004 0.5386157015624999 0.4846621171875 0.511287784375 0.5270819015625 0.57142051875 0.533988378125
0 0.41942584375 0.2461200328125 0.42027562031250004 0.2871653125 0.432840340625 0.3279304453125 0.410000090625 0.3472729578125 0.4173358140625 0.3689062578125 0.394649809375 0.4116758546875 0.4166990265625 0.41334970625 0.4734745421875 0.3684823421875 0.51664735625 0.3190713203125 0.4957417765625 0.280014534375 0.453515115625 0.244024821875 0.41942584375 0.2461200328125
0 0.3113451703125 0.8666810999999999 0.327003459375 0.8491374875 0.3177501671875 0.835555284375 0.2908100125 0.8487314234375001 0.28149661875 0.860904146875 0.256365821875 0.8671904515625 0.26507735 0.886586659375 0.302369834375 0.91283564375 0.3113451703125 0.8666810999999999
0 1 0.0425128328125 0.999342465625 0.0430873515625 0.9764564234374999 0.037838953125000005 0.9592955875 0.021314917187499997 0.940558034375 0.0468214359375 0.9026468171875001 0.102487021875 0.8597662671874999 0.1612889578125 0.8310926015625 0.1930683734375 0.8257382968750001 0.22544600625000003 0.85359088125 0.2275604171875 0.8553072937499999 0.25930533906250003 0.824421240625 0.28974474375 0.8027727375 0.29629798125 0.81363423125 0.3427863703125 0.8727134828124999 0.348443390625 0.9047156765625 0.2934987078125 0.9187202078125001 0.21845544218750002 0.9429846062499999 0.221466940625 0.966921103125 0.227969715625 0.9989690890625 0.1976159390625 0.9891113734375001 0.215602475 0.9602510984375 0.23682951718749998 0.9931944156249999 0.2721144890625 1 0.2782855984375 1 0.0425128328125
0 0.7926316359375 0.60581405 0.8333453531250001 0.5702655734375 0.814760609375 0.531384971875 0.7896947828124999 0.511919296875 0.73629335 0.55821485625 0.7181731703125 0.5896233750000001 0.7206780609375001 0.6003517406250001 0.7604298828125 0.612735625 0.7926316359375 0.60581405
0 0.793780540625 0.39279816875 0.77671360625 0.4254587015625 0.753764909375 0.4459650359375 0.7302917812499999 0.42193461875000005 0.6997606484375 0.4360102046875 0.676056315625 0.4646532703125 0.668811940625 0.49220434375 0.7100803765625 0.4883126 0.7332156828125 0.47835863749999996 0.75566816875 0.48825977187499997 0.7829789859375 0.49618818750000004 0.8188944734374999 0.43685750624999997 0.8385770625 0.4137642625 0.793780540625 0.39279816875
0 1 0.341583478125 0.9676312609375 0.3708702953125 0.9449008156250001 0.30123241093750003 0.9661157625 0.2993319125 0.9658535484374999 0.2770635359375 0.925310696875 0.285696015625 0.899282975 0.31416270156250004 0.8723583234375001 0.36480976875 0.8731925953124999 0.3683841203125 0.8983992359374999 0.3738112609375 0.9148016453125001 0.398474390625 0.9346084250000001 0.41168569843749997 0.9077438796875 0.4365778390625 0.9231256453125001 0.4471116859375 0.9625065640624999 0.4383935734375 0.988179365625 0.426290709375 0.9875436984375 0.38292014375 1 0.349747746875 1 0.341583478125
0 0.6404998187500001 0.244170421875 0.6648097703125 0.2717753859375 0.6526770125 0.31417664375 0.676074534375 0.326491059375 0.7071774859375 0.2937240046875 0.7475478 0.224195875 0.72622695625 0.2272603921875 0.7706831046875 0.2142419125 0.8035651250000001 0.1874650484375 0.8103107359375 0.19032125 0.812802675 0.1635788765625 0.792454365625 0.1561790171875 0.7891452546875 0.1289988390625 0.758971834375 0.12670824375 0.7358823218749999 0.16125311250000002 0.7057872984375 0.17067615625000002 0.7242913296875 0.1978403671875 0.7009118671875 0.22299707500000002 0.67683431875 0.23053539218750002 0.6587284453125 0.21159807812500003 0.6404998187500001 0.244170421875
0 0.12286183125000001 0.7446514750000001 0.1043381453125 0.7678352703125 0.0927013625 0.7798316140625 0.11156310625000002 0.79062964375 0.1283833296875 0.7731716625 0.12286183125000001 0.7446514750000001
0 0.3108243359375 0.5586997484375 0.3527429875 0.5478301765625 0.370445353125 0.5585427671875001 0.381091546875 0.519539675 0.413418609375 0.4611086359375 0.40891543906249994 0.446714978125 0.36645525624999997 0.463395996875 0.32968999062500004 0.4816814 0.337148471875 0.45180504218750006 0.3197709765625 0.4376060953125 0.300350603125 0.4829677125 0.320852915625 0.5137972171875 0.2969920265625 0.5190104437499999 0.27144341562499996 0.567417859375 0.30070440625 0.55441790625 0.3108243359375 0.5586997484375
0 0.33321280937500003 0.6821721890625 0.312833090625 0.7754663609375 0.347678234375 0.7652318625000001 0.3653507859375 0.7888193593749999 0.370225978125 0.736500996875 0.381476596875 0.6659291703125 0.409778003125 0.70086433125 0.45673904375 0.6985742171875 0.49432794218750004 0.6463951828125001 0.5013831578125 0.608291540625 0.522257490625 0.572409025 0.519381934375 0.5405761078125 0.485292665625 0.54267131875 0.5100673453125 0.46493206875000004 0.46099957500000005 0.46472071406250004 0.4260591734375 0.5135872125 0.396410659375 0.5558282546875 0.3530991046875 0.619283121875 0.33321280937500003 0.6821721890625
0 0.239167175 0.47480941718749997 0.2319096109375 0.4648923140625 0.2047854 0.4675162734375 0.205372725 0.48629573437499996 0.239167175 0.47480941718749997
0 0.2252551109375 0.5112230453125 0.1991818328125 0.5150962640625 0.183568859375 0.5572359 0.1811072078125 0.57109825 0.21590911093749998 0.5362730390625 0.25006103749999997 0.508423096875 0.25052464531249996 0.49089289531249997 0.2252551109375 0.5112230453125
0 0.47318475312499997 0.183460846875 0.4765107265625 0.1602953828125 0.46682387500000005 0.15136591875 0.42473435625 0.189151490625 0.4133299734375 0.23629111875 0.43838260937499995 0.21828861718749998 0.44403197343749995 0.19529953125 0.47318475312499997 0.183460846875
0 0.15960728125 0.9523474140625 0.156175521875 0.9612186328125001 0.18782311093749998 0.963621140625 0.20827178281249997 0.9443314859375 0.20332210312500001 0.897119828125 0.18439770312499998 0.9120765359374999 0.15960728125 0.9523474140625
0 0.2609603453125 0.9307684843749999 0.24255120468750002 0.9677757890625 0.2984702828125 0.9720208484375 0.3111898078125 0.9310680281250001 0.2609603453125 0.9307684843749999
0 0.298672003125 0.8270797906249999 0.2997097421875 0.790860875 0.27933114375 0.7963410343749999 0.275972565625 0.8323837656249999 0.298672003125 0.8270797906249999
0 0.3441794507081345 0.2955575747562555 0.039317038669636165 0.02301160266556703
0 0.15253903274186018 0.5496553560307793 0.026980670671545238 0.036710389812585474
0 0.2628669107256337 0.42687342240725756 0.04106135200509069 0.03868206677218957
0 0.3461510307129069 0.33066836064963284 0.02705339600572696 0.04296038981258556
0 0.4853409375 0.39163164375 0.461140628125 0.4506796203125 0.53120413125 0.451315371875 0.5453028046874999 0.42545411718750004 0.6140360625 0.452920428125 0.650538875 0.412369209375 0.5980708828125 0.33579074375 0.5672775359375 0.327597953125 0.5368548515625 0.3405097171875 0.4853409375 0.39163164375
0 0.7236764250000001 0 0.7048304296875 0.042978128125 0.699969546875 0.0449506546875 0.6884111625 0.0686606390625 0.70764356875 0.10056321875 0.7451069218749999 0.09989620625 0.7623604625 0.077788046875 0.8110575687500001 0.0568948484375 0.760024121875 0.0401409328125 0.7317705859375 0.029801990625000004 0.743696715625 0.001199859375 0.727891275 0 0.7236764250000001 0
0 0.7999283515625 0.1637735890625 0.930762259375 0.015400821875000002 0.8705040109375 0.010826356249999999 0.772062815625 0.1241884421875 0.7999283515625 0.1637735890625
0 0.6015555987030438 0.2505559971635131 0.044204533338636054 0.040335494985435094
0 0.6422709580283168 0.18997619833801208 0.036301126670909054 0.03229567445232169
0 0.6170356953771343 0.30481158815059767 0.039535214672181594 0.041761602665567034