0 0.658901128125 0.621141571875 0.64804083125 0.653649521875 0.6703889015625 0.646563390625 0.6848654890625 0.600604284375 0.7099157734375 0.5520375515625 0.69237685625 0.5045645328125 0.6857227390625 0.479521246875 0.6552203078125001 0.4854821484375 0.6483004984375 0.5452724234375 0.6516303140625 0.569564565625 0.6416843531249999 0.6144052078125 0.658901128125 0.621141571875
0 0.76110361875 0.1705075359375 0.7587087921875 0.229178075 0.78286500625 0.215366365625 0.80277168125 0.149231796875 0.798239896875 0.14250220156249999 0.76110361875 0.1705075359375
0 0.7269701734375 0 0.72269545625 0.0512668125 0.6897798546875 0.0609643859375 0.6961389 0.1002080625 0.72573866875 0.10545927968749999 0.7103535140624999 0.14692993906250001 0.6795485703125 0.1513963859375 0.66597951875 0.20183885625000003 0.65090341875 0.2683500515625 0.6829359875 0.3091068015625 0.7246077703125 0.2956784859375 0.7396721953125 0.205622478125 0.7441899953125 0.1731111453125 0.760182740625 0.1346287609375 0.7791867531250001 0.0797063109375 0.788517425 0.00048325156249999995 0.815721728125 0.0565594890625 0.822346465625 0.010969609375 0.8171388187499999 0 0.7269701734375 0
0 0.7360090859375 0.47766685625000005 0.7523415171875001 0.46757187031249997 0.759328203125 0.42945544062499996 0.740658928125 0.4340642625 0.7273630328125 0.453115315625 0.7360090859375 0.47766685625000005
0 0.375610565625 0.33131775937499996 0.3497022328125 0.32437068281250003 0.3181992515625 0.3382107734375 0.2708469703125 0.39478360156250003 0.2624697859375 0.45022358125000006 0.2925716671875 0.441578215625 0.32709126875 0.39424173749999997 0.32780694375 0.4280282875 0.2834747890625 0.45716691562499995 0.2685612296875 0.5105805390625 0.2895603390625 0.49933350625 0.319423175 0.47740417187500006 0.375893703125 0.45376045937500004 0.40551254062500003 0.4064196046875 0.4006004140625 0.37609477343750003 0.4099114640625 0.31921004375 0.389619571875 0.34605389375 0.375610565625 0.33131775937499996
0 0.48229664375 0.9794069046875 0.4913535109375 0.9824352171875 0.5298117765625 0.981092225 0.5502021640625 0.9638548312499999 0.604078521875 0.872925078125 0.623658240625 0.8183568625 0.5793132703125 0.8111096718749999 0.5223776515624999 0.8324424453124999 0.498596346875 0.8904736453125001 0.46570628281250004 0.933770546875 0.48229664375 0.9794069046875
0 0.7373694203125 0.3815044046875 0.7693374937499999 0.369975253125 0.7788916046875001 0.33243922187499997 0.7508771000000001 0.3090291390625 0.7296617671875001 0.3615753796875 0.7373694203125 0.3815044046875
0 0.8152586015625 0.23370050625 0.836963896875 0.238045209375 0.8474523890625001 0.19906696562499998 0.82923889375 0.17566309687499998 0.8248072421874999 0.1840343859375 0.7989093359375 0.201344946875 0.792622428125 0.2368602015625 0.7833024046875 0.2755526546875 0.80874658125 0.2862516140625 0.8232078656249999 0.26691286875000003 0.8119963515625 0.24784882968750002 0.8152586015625 0.23370050625
0 0.43447774843750003 0.47083547968749995 0.41047628437499994 0.55803008125 0.42938109999999996 0.5606430437500001 0.44618614531249995 0.564985909375 0.483059425 0.565586140625 0.5056767984375 0.5139079953125 0.4811705046875 0.5078290140624999 0.49561990624999996 0.45816726875 0.43447774843750003 0.47083547968749995
0 0.6681867968749999 0.6994088406250001 0.65533531875 0.6601267421875 0.631048153125 0.624879275 0.6478413203125 0.59889914375 0.6342959578125 0.5804085875 0.6440791984375001 0.53190143125 0.6219112 0.5373739734375 0.5792265328124999 0.598857575 0.55124569375 0.6603485859375 0.5832331671875 0.691269346875 0.63528485625 0.7123827421875 0.6681867968749999 0.6994088406250001
0 0.5927784109374999 0.0666442734375 0.5825196515625 0.0885828546875 0.595593340625 0.098698378125 0.6182225906250001 0.07734323125 0.623815609375 0.06261951875 0.6466829656249999 0.0484855234375 0.6324398734375001 0.032592965625 0.5880908828125 0.019281046875 0.5927784109374999 0.0666442734375
0 0.25231656406249997 0.73293270625 0.19257593125 0.7464664703125 0.177197615625 0.8097005156250001 0.1853978 0.886519846875 0.160660325 0.8914151640625001 0.13522315468749999 0.8928405765624999 0.11260082812500001 0.932391175 0.1170270078125 0.9118897953125 0.13918714999999998 0.8821589843750001 0.09646881406249999 0.8587414921875001 0.0735941125 0.8486197578124999 0.074747621875 0.818009065625 0.0500101453125 0.8229043828125 0.0512550375 0.8375224875 0.08347193124999999 0.99667875625 0.235770884375 0.991360359375 0.2600946359375 0.9226658234375 0.2789821 0.8828256968750001 0.2747677 0.8499028640624999 0.2467650703125 0.8568157812500001 0.235784228125 0.826774903125 0.25723911875 0.7875151765624999 0.27660466875 0.7742429921875 0.25231656406249997 0.73293270625
0 0.1959641609375 0.472704659375 0.16634275468749998 0.5200461468750001 0.1959968921875 0.55154293125 0.226339265625 0.5622468984375 0.2652885546875 0.5004712265625 0.2739087984375 0.464379946875 0.26830535312500003 0.45484602343749997 0.22559744531249998 0.45568616874999995 0.1959641609375 0.472704659375
0 0.2571950234375 0.678356446875 0.26441322968750003 0.6413970734375 0.280972309375 0.6142605171875 0.31108513125 0.6298753328125 0.3369815859375 0.6064994109375 0.351901553125 0.5712786921874999 0.350958375 0.5423998125 0.311524078125 0.5594120921875 0.291692321875 0.5764393328125 0.26671930625 0.574112865625 0.2375472734375 0.5752487515625 0.219605553125 0.6439671234375 0.20701490625000002 0.6725470890625 0.2571950234375 0.678356446875
0 0.1598961984375 0.7302738 0.13654982031250001 0.7117770328125 0.11320891250000001 0.70541035625 0.13233396875 0.6727888390625 0.114127396875 0.66758041875 0.0779617578125 0.688637284375 0.05626431875 0.7085508546875 0.0695860265625 0.750142625 0.0661055859375 0.79952225 0.09269079375 0.755356053125 0.135425025 0.815161271875 0.11512364374999999 0.8238103046875 0.1219005125 0.8451859875000001 0.159233590625 0.823838253125 0.1764894625 0.7880408796875 0.18813385 0.730580125 0.18626723437499998 0.7274036328125 0.1598961984375 0.7302738
0 0.451405765625 0.7723309015625001 0.4194237625 0.7535402312499999 0.4189392703125 0.7087793796875 0.3923306421875 0.7044309359375001 0.371343928125 0.746003509375 0.3520076890625 0.8259807015625 0.3720724171875 0.816175878125 0.3321759328125 0.8430079421875 0.307686475 0.8793795062499999 0.3002182859375 0.87879473125 0.305597134375 0.9053670484375 0.32776915156249997 0.9059592343749999 0.3389795484375 0.9310892687500001 0.3693155140625 0.9236003265624999 0.3819032578125 0.8828896390625 0.40873297812500003 0.8641375015625 0.3825881703125 0.8439058218750001 0.3982093671875 0.8121492890625 0.419674684375 0.7971472000000001 0.443019609375 0.80957860625 0.451405765625 0.7723309015625001
0 0.8138124671875 0.12367368125 0.8252372125 0.09537887187500001 0.8331661406249999 0.0800785 0.8114608421874999 0.07573379999999999 0.8000346453124999 0.09796325 0.8138124671875 0.12367368125
0 0.6834520515625 0.3632773359375 0.6454212453125 0.38722307031250003 0.6248808234375 0.3825881328125 0.6258320375 0.42359646875 0.611154953125 0.4902947 0.6197960515625 0.50271869375 0.656657965625 0.4729984671875 0.687451165625 0.44356219374999994 0.6888645671875 0.47475074531250006 0.7101062234375 0.48284986874999997 0.7159200015625 0.4328942203125 0.6867375421874999 0.40977246718749993 0.7086705171875 0.39708068124999996 0.7196176921874999 0.34222047187500004 0.6946551046875 0.364151640625 0.6834520515625 0.3632773359375
0 0.6252939609375 0.251482071875 0.6180186671875 0.1550257125 0.5867563578125 0.176086321875 0.5624761140625 0.1590343078125 0.572999209375 0.2110199765625 0.5825979296875 0.2826452171875 0.54454575625 0.25807313593750003 0.49904582499999994 0.2753712765625 0.47736522187499997 0.33773539218750004 0.481583640625 0.376722953125 0.4715653765625 0.4180108640625 0.48371160468749996 0.4477640515625 0.5166135453125 0.434790146875 0.51501416875 0.517668628125 0.563317665625 0.5021041359375 0.5833641078125 0.44378340625 0.6001473640625 0.3935481796875 0.6241532656250001 0.31847858281249997 0.6252939609375 0.251482071875
0 0.77846163125 0.4210947359375 0.7885002359375 0.42831955468749994 0.8143995953125 0.41707435625 0.8083244703125001 0.3991654 0.77846163125 0.4210947359375
0 0.78147936875 0.3815323515625 0.80597976875 0.369420965625 0.8089934859374999 0.32379385625 0.8073554843749999 0.309643696875 0.783334621875 0.3543883875 0.75791078125 0.39220216093750004 0.7625869484375001 0.40924493125000005 0.78147936875 0.3815323515625
0 0.6336765062499999 0.7770689515625 0.6371882234374999 0.8004622343750001 0.6493260796875 0.8059546078125001 0.6796452109375 0.7560151187499999 0.6770574484375 0.7069219890625 0.6576968546875 0.7323217203125 0.6588726671875 0.7562916625 0.6336765062499999 0.7770689515625
0 0.6168314921875 0.100735315625 0.6264143140625 0.135972828125 0.6448454828125 0.1241428546875 0.637596 0.08832931875 0.6168314921875 0.100735315625
0 0.727556452578004 0.6274527780533323 0.04251476400381797 0.029598219962933037
0 0.8412307906190477 0.321262287039007 0.030142033338636055 0.040099210344286276
0 0.7691547012651394 0.47528015364389553 0.04580339600572714 0.04376984736759475
0 0.7146661012492311 0.5943228195231447 0.030196577339272324 0.044786710344286364
0 0.5607829703125 0.580362009375 0.56728951875 0.5156808109375 0.49821955000000007 0.5375833984375 0.4919291390625 0.56703646875 0.4163123671875 0.5626550671875 0.39229552343749996 0.613464484375 0.46629847187499995 0.670402003125 0.498971796875 0.668401765625 0.5251023375 0.646182265625 0.5607829703125 0.580362009375
0 0.45125893125000005 0.9834291171875 0.455681609375 0.9568655515625 0.42743353125 0.9323015890624999 0.3907962140625 0.9449834234375001 0.3803053328125 0.97183348125 0.3626892625 0.986928271875 0.4507442484375 0.9838533234375 0.45125893125000005 0.9834291171875
0 0.331092103125 0.98803166875 0.35718261562500003 0.930235503125 0.3181976921875 0.9010421796875001 0.2772792234375 0.9899108562500001 0.331092103125 0.98803166875
0 0.48790251189532297 0.7537424926587878 0.04736589600572696 0.04382441106992552
0 0.46520935188577806 0.8248188844914198 0.03948067067154533 0.037301592558271326
0 0.45643488323523174 0.7064235485565703 0.045839758672817865 0.04689484736759475