0 0.4066141703125 0.581395840625 0.3777513703125 0.5319749875 0.34866001875 0.5408733906250001 0.3523498671875 0.5660033671875 0.35501389375 0.6159247406249999 0.395542775 0.6470581953125001 0.425780903125 0.6807998359375 0.44813090000000005 0.6766734765625 0.42619701875000005 0.6530950578125 0.43876917656250003 0.6391811875 0.41294087656249995 0.60432299375 0.4066141703125 0.581395840625
0 0.1646535875 0.3038243140625 0.1213309046875 0.296394715625 0.11990993593749999 0.30441999062499997 0.16260891875 0.353402728125 0.18911103906249999 0.3543579796875 0.1646535875 0.3038243140625
0 0.286187609375 0.3895751140625 0.2988263765625 0.338844284375 0.2602313796875 0.28728985625000003 0.2290832109375 0.249180903125 0.2002952046875 0.2595350765625 0.1709681484375 0.23016569531250003 0.19499432187500002 0.21181652812500001 0.18563509843749998 0.17432360625 0.1529983125 0.18105194062500002 0.120234115625 0.1203556828125 0.0927961390625 0.0645949328125 0.005571609375 0.08667986718750001 0.051509931249999995 0.146954465625 0.05002433125 0.1917935921875 0.07321775625 0.22885150625 0.075774821875 0.1668749171875 0.1141607703125 0.2322832890625 0.151794575 0.271815259375 0.180517434375 0.2982724609375 0.196875721875 0.3247951765625 0.24443031875000001 0.3970801484375 0.286187609375 0.3895751140625
0 0.3037373578125 0.5625612609374999 0.3019863328125 0.5369403765625 0.28303753125000003 0.5263367890625 0.264866034375 0.5309377453125 0.2855305578125 0.5612493625 0.3037373578125 0.5625612609374999
0 0.7272978828125 0.3747553296875 0.693835584375 0.3346545546875 0.6437539015625 0.32956445625 0.6315115296875 0.299492228125 0.67989798125 0.32515138593750004 0.7096598328125 0.318801715625 0.681172915625 0.273886028125 0.6179840703124999 0.2460477765625 0.5850112109375 0.24847458906250003 0.5648769453125 0.26660462812499996 0.5581730140625 0.2860726375 0.53010389375 0.271853878125 0.55996235625 0.31760821875 0.5671960281249999 0.3465793921875 0.6112749625 0.3745151203125 0.669936375 0.369139221875 0.7045488328125 0.37459351406249997 0.7272978828125 0.3747553296875
0 0.6267397703124999 0.775778459375 0.5685498078125 0.7834042296875 0.5323187578125 0.8103483953125 0.5703238203125001 0.8493015671874999 0.6523381609375 0.904356696875 0.691296453125 0.91344911875 0.7179715578125 0.8865552421875 0.7151731906250001 0.8386904703125 0.6697585312500001 0.8158314203125 0.6267397703124999 0.775778459375
0 0.2659062359375 0.47854589843750006 0.2650911265625 0.4574291296875 0.22641820156249998 0.42101429687499997 0.21070391093750002 0.45461249531250003 0.23340482499999998 0.48322258281249997 0.2659062359375 0.47854589843750006
0 0.16685669375 0.42780141406250005 0.18515348125 0.4065840609375 0.1622178359375 0.376847484375 0.14315958906249998 0.3485010109375 0.11379306250000001 0.345273628125 0.1067071546875 0.3399600375 0.0996084125 0.369007571875 0.12368035468750001 0.39845383437500004 0.14111036562499998 0.384563665625 0.14936890625000002 0.3955047484375 0.1467735796875 0.41748502812500005 0.16685669375 0.42780141406250005
0 0.50767998125 0.433916946875 0.5393048 0.4709304109375 0.5200726125 0.4876461265625 0.5596476171875 0.522646634375 0.5918411875 0.5050183828125 0.6049631671875 0.49340230468749996 0.6205904875 0.4823352015625 0.5662677703125001 0.41671349218750003 0.50767998125 0.433916946875
0 0.5357938671875 0.6376817390625 0.48776442500000006 0.5965308296875 0.4268088984375 0.5622053140625 0.40523196562499997 0.567668515625 0.4323140171875 0.6058295874999999 0.4274480828125 0.62838738125 0.45211176562500005 0.6434683859375 0.4441845671875 0.6857577984375001 0.4478497078125 0.726295390625 0.481722665625 0.7224573609375 0.519447534375 0.67973360625 0.5357938671875 0.6376817390625
0 0.2591689203125 0.0904741484375 0.2252448125 0.1227586046875 0.21877561406249998 0.1433531015625 0.24426723749999998 0.14518974843750002 0.25479440625 0.155556425 0.28282770468749996 0.163859853125 0.29046953593749997 0.1488928515625 0.2730911921875 0.1343390734375 0.2591689203125 0.0904741484375
0 1 0.6562406234375 0.9901700343750001 0.6494013640625 0.9672603921875 0.6599430859375001 0.9436440515625 0.6671059734375 0.9215885281249999 0.5956835671875 0.8839762921875 0.5471539765625 0.8262910984375 0.5629455796875 0.8206728296874999 0.6105721765625 0.8427570296875 0.6132741765625 0.8765788359375 0.637882571875 0.8783681781249999 0.669418153125 0.8511121828125001 0.676319271875 0.8599491171875 0.70725374375 0.8917345296875 0.733563671875 0.940505975 0.78400626875 0.9840289890625 0.8322225890625001 1 0.8486179359375001 1 0.6562406234375
0 0.744162334375 0.3065106453125 0.7062897 0.3255768171875 0.70499479375 0.336567559375 0.7263241625 0.36433899375 0.7841064859375 0.400653875 0.8067082875 0.3771605859375 0.820783496875 0.33568375625 0.7767020640625 0.3077486625 0.744162334375 0.3065106453125
0 0.780782325 0.4879818875 0.8012096171875 0.5171676484375001 0.8431192140625001 0.48878308906249995 0.8211603000000001 0.469464690625 0.7792047281250001 0.4172963390625 0.7531213640625001 0.4298249546875 0.7320492 0.44345398906250005 0.7081245046875 0.4376628328125 0.666969225 0.4409754828125 0.6771418828125 0.4668332765625 0.7036788671875 0.4909169234375 0.7353548359375 0.4994839625 0.7558839125000001 0.4717743953125 0.780782325 0.4879818875
0 1 0.5057520515625 0.9935203734375 0.4933535765625 0.9893887796874999 0.45056485 0.962724009375 0.44309823125000003 0.9229019562499999 0.4413348375 0.908877384375 0.4543627625 0.938121634375 0.47420838437499996 0.9200237609374999 0.49063689374999997 0.9065422765625 0.517745353125 0.8822610875000001 0.527448425 0.8818299406250001 0.53111014375 0.9139595281249999 0.57628944375 0.942770134375 0.5997974187499999 0.9837295156250001 0.601275453125 0.9815448468750001 0.579316925 0.9603990578125 0.5811184046875 0.9751907828125 0.5086574421875001 1 0.525040628125 1 0.5057520515625
0 0.7387410578125 0.7509753031249999 0.7694761125 0.7550394953125 0.7960539125 0.7850372078125 0.8255810312499999 0.7775610484375 0.8258644171875 0.75024174375 0.84513440625 0.73943825 0.8397407125 0.7135537578125 0.8333968031250001 0.71753185625 0.7980070421875001 0.6968730171875 0.7527043234375 0.6917562203125 0.7740823453125001 0.6910818625 0.7266113203125 0.6296497296875 0.6923200515625 0.6027883562499999 0.670580025 0.61895573125 0.68720655 0.6585807875 0.666243828125 0.6899527062499999 0.68780793125 0.7188506296875 0.7035988578125 0.697081828125 0.728188403125 0.7003328015625 0.7540222171875001 0.7210419328125 0.7387410578125 0.7509753031249999
0 0.10046503124999999 0.2870428109375 0.10278480781249999 0.258021975 0.08426913593749999 0.2437535578125 0.066839125 0.2576437296875 0.0796399140625 0.267434734375 0.10046503124999999 0.2870428109375
0 0.4154661078125 0.5307193921875 0.41833095625 0.51577598125 0.38001555468750003 0.46387187656249995 0.36522900625 0.4273334984375 0.3489338234375 0.44093894375 0.30637118124999996 0.4374976078125 0.29685355156250004 0.44346259843749997 0.266549128125 0.4357342125 0.2970749375 0.47894773749999997 0.32119553125 0.4799482078125 0.304344428125 0.5138342421875 0.3284880109375 0.55511116875 0.34408002656250003 0.538131209375 0.3334409171875 0.5100222796875 0.3717313484375 0.5216530406250001 0.4154661078125 0.5307193921875
0 0.5141874984375 0.41923715 0.5135324671875 0.38741436406249996 0.4889940734375 0.35571696406250003 0.47785019531249995 0.3194422 0.43502785 0.274601028125 0.3884302234375 0.280474978125 0.3643326171875 0.3197509625 0.345485603125 0.25225204687499997 0.3349334625 0.20161202031249997 0.320080434375 0.227881828125 0.2845683953125 0.2238412296875 0.31491828125 0.3121200515625 0.34144493125 0.370564190625 0.39115229218750003 0.4255109015625 0.42504771874999997 0.4619468515625 0.4648927609375 0.503986703125 0.5132950593750001 0.4952865796875 0.48031454218749997 0.4230751796875 0.5141874984375 0.41923715
0 0.21024460312499998 0.5269970984375 0.2117255890625 0.545578634375 0.238782671875 0.543466359375 0.244857059375 0.5324513890625 0.21024460312499998 0.5269970984375
0 0.1769915515625 0.447746984375 0.18094205937500002 0.460962165625 0.2009745390625 0.4997274515625 0.22713152656250002 0.49902639375 0.254301065625 0.5146588453125001 0.25191998125000004 0.4974885234375 0.21515919062500002 0.47599350781250005 0.1769915515625 0.447746984375
0 0.459339746875 0.7814364203124999 0.50502444375 0.811334815625 0.5136046875 0.80087129375 0.5077803624999999 0.778650996875 0.47771015625 0.7720466234375001 0.46961220781249996 0.750401996875 0.4429121328125 0.7370225234375 0.459339746875 0.7814364203124999
0 0.1628466203125 0.07576625000000001 0.1322814484375 0.054597396875 0.1058893734375 0.061279775 0.11393955156249999 0.07630053906249999 0.14282429531250002 0.11163854375 0.1631421421875 0.12308141875 0.1628466203125 0.07576625000000001
0 0.26587284843750003 0.071006140625 0.2456835375 0.025884400000000002 0.1896319390625 0.0400764609375 0.21633374062500002 0.0799941015625 0.26587284843750003 0.071006140625
0 0.2419449625 0.174211215625 0.249214453125 0.209097721875 0.2699276265625 0.21096354375 0.2649292609375 0.1755019984375 0.2419449625 0.174211215625
0 0.36764750676317737 0.6900062898154747 0.04091590133672707 0.027366136803468066
0 0.1509214413987697 0.473567760664518 0.03012385200509069 0.03922909997176518
0 0.27406004408017814 0.5750631002541138 0.0442227146721816 0.043173147326811726
0 0.3672475174251776 0.6556312898154747 0.03017839600572696 0.04391659997176518
0 0.5356492984375001 0.5050279234375 0.46657266249999996 0.5177793984375 0.496935378125 0.571697096875 0.5533844734375 0.6130880249999999 0.584825709375 0.620528575 0.614317009375 0.6071370843749999 0.6576954546875 0.522699590625 0.61722086875 0.48911277656249996 0.5524011140625 0.528036584375 0.5356492984375001 0.5050279234375
0 0.7739394640625 0.9138499671875 0.7934489734375 0.908910228125 0.7798419921875 0.8851053078125 0.8065912359375 0.8700414640625 0.855118309375 0.84472246875 0.804766071875 0.8325905515625 0.7853125015625 0.813821128125 0.74826634375 0.8196485250000001 0.73278626875 0.8543707375 0.7467949953125 0.8757020921875001 0.7518086921875 0.8768018812499999 0.7739394640625 0.9138499671875
0 0.8092500312500001 0.785251159375 0.9165053359374999 0.87775280625 0.9754431531250001 0.862829965625 0.8324072375 0.7414748015625 0.8092500312500001 0.785251159375
0 0.6272043200986318 0.6905244163779478 0.04578521467218159 0.04326415258848364
0 0.6739344167727224 0.7425272611586282 0.03789998933799978 0.036559126280124234
0 0.6359338827577685 0.6345096348079167 0.042696577339272325 0.0462071420651398