0 0.3827196765625 0.3158647375 0.40555079843749997 0.2862706453125 0.3812221171875 0.2861905265625 0.34979379375 0.3283169 0.3071368796875 0.36964570625 0.3061431078125 0.4237804953125 0.3031025015625 0.45148879218750004 0.3349027328125 0.4553815640625 0.3642507421875 0.3966833296875 0.3702265328125 0.3708274859375 0.396843184375 0.3283605328125 0.3827196765625 0.3158647375
0 0.11305287187499999 0.7419088609375 0.13759419687500002 0.6828731953125 0.10896691562500001 0.6890592171875001 0.0646378 0.749980871875 0.0664780859375 0.7583234359375 0.11305287187499999 0.7419088609375
0 0 0.9454693234375 0.07073439687500001 0.9504760156250001 0.0719478203125 0.9476048031250001 0.1050890734375 0.87603704375 0.1406418203125 0.8769088281249999 0.14934670781249998 0.8348187484375 0.12266739687499999 0.8197895390625 0.1532756625 0.7825364125000001 0.1848028515625 0.7880517625000001 0.2170503046875 0.7410576578125 0.2568435140625 0.6781730421875001 0.2412559265625 0.6261484046875 0.1958095171875 0.6262182328125 0.14710985625 0.713112146875 0.13042034687499998 0.7447828546874999 0.10035544062499999 0.7787906359375001 0.0611472453125 0.828575853125 0.0221039453125 0.90629905 0.0169950359375 0.8402334 0 0.8720341218750001 0 0.9454693234375
0 0.2536963359375 0.436942409375 0.23405435156249998 0.44189634375000003 0.21285068593749998 0.4784748125 0.23267805 0.47987822500000005 0.25277122812499997 0.4648004453125 0.2536963359375 0.436942409375
0 0.5473221671874999 0.703958065625 0.5697838953125001 0.7195096999999999 0.6055374859375 0.715696171875 0.6728269 0.673494459375 0.7019387171875 0.6197080078125 0.669509671875 0.6186831484375 0.6181474140625001 0.655662403125 0.63025114375 0.6209808625 0.6842245890624999 0.6057629359375001 0.7188995828125 0.5561790203125 0.6943014390625 0.5607821484375 0.657072521875 0.57337930625 0.5934239421874999 0.5790271515625001 0.546806559375 0.617612771875 0.5400783609375 0.6501365531250001 0.5095148609375 0.7050907734375 0.5393354453125 0.6843544984375 0.5473221671874999 0.703958065625
0 0.622563259375 0 0.6178027796875 0.0019764171875 0.5311816890625 0.07707475 0.49155007343749996 0.12631061875 0.53175455625 0.1481946078125 0.59497830625 0.14505494218749998 0.6399909109374999 0.0936616984375 0.6882448953125 0.0602684140625 0.689461721875 0.008316276562499999 0.6789771640625 0 0.622563259375 0
0 0.21595663125 0.5345416890625 0.1806278703125 0.535847040625 0.1571574078125 0.570994540625 0.175423553125 0.6040197328125 0.21587346875 0.5573800328125 0.21595663125 0.5345416890625
0 0.08453694687499999 0.6597778921875 0.06516031562499999 0.64825339375 0.040238631250000004 0.684565903125 0.0490145609375 0.714381115625 0.05647742812499999 0.7072946046874999 0.088116803125 0.698110578125 0.1076575 0.6639554421875 0.131339246875 0.627552371875 0.110748115625 0.60832716875 0.089417259375 0.623317340625 0.09305530468749999 0.6464190765625 0.08453694687499999 0.6597778921875
0 0.5431508546875 0.5424687296874999 0.5994225203125 0.46141344999999995 0.5821023328125 0.45256996562499996 0.5674710421875 0.442649078125 0.5319855296875 0.42998436562500003 0.49050649375 0.47528070468749994 0.5119391015625 0.4894889765625 0.4791347078125 0.5353993203125 0.5431508546875 0.5424687296874999
0 0.40337048906249995 0.23303092187500002 0.4009391640625 0.2772823515625 0.41111178125 0.3211581796875 0.385006953125 0.342157459375 0.3911226109375 0.36543735625 0.3632748421875 0.41169574375 0.3868179609375 0.4133621640625 0.4514466453125 0.3646279 0.5018370453125 0.31107985 0.48256768437500003 0.26909838750000004 0.44015093906249997 0.2305578046875 0.40337048906249995 0.23303092187500002
0 0.236741859375 0.9028245859374999 0.25498715625 0.8838100375 0.246156228125 0.8692232125 0.2161507296875 0.8835993796875 0.20515701874999998 0.8967829859374999 0.1776559671875 0.903718890625 0.1854314078125 0.9245780203124999 0.2233427265625 0.9526467140625 0.236741859375 0.9028245859374999
0 0.8704058265624999 0.2445119140625 0.8347562500000001 0.2775268390625 0.8109732171875 0.2847287015625 0.8188504062499999 0.33478627968749997 0.8818369687500001 0.3405150875 0.920681640625 0.28107052499999996 0.9418353640625 0.200067790625 0.9676484703125 0.2031626109375 0.98784031875 0.2086654640625 0.997315496875 0.0052295875 0.9875722140625 0.00453994375 0.9792707406250001 0.0148676546875 0.934021415625 0.0751266125 0.8831798203125001 0.13879850625 0.8497970390624999 0.17324440000000002 0.8414090625 0.208188946875 0.8711487453125001 0.21029396875 0.8704058265624999 0.2445119140625
0 0.774866228125 0.6185257078124999 0.8214863375 0.579940278125 0.8046950578125 0.5381342171875 0.779361778125 0.5173028359375 0.7182402921875 0.5675558656249999 0.69622151875 0.6015356015625 0.69803758125 0.6130876562500001 0.739719653125 0.62619096875 0.774866228125 0.6185257078124999
0 0.7934543484375001 0.3888357390625 0.772464690625 0.4241588375 0.74614858125 0.44641368281249993 0.7228976453125 0.4206504046875 0.68896238125 0.4360189390625 0.6611718718749999 0.46705189375 0.65114729375 0.496804103125 0.695784084375 0.492348821875 0.7214409046875 0.481470821875 0.7447468374999999 0.49200571406250004 0.77343103125 0.5003830421875 0.8168356625 0.436184746875 0.8398549296875 0.41116108906250004 0.7934543484375001 0.3888357390625
0 0.912277175 0.4353255046875 0.9279380500000001 0.4465869953125 0.9709409625 0.436939571875 0.9773462953125 0.43397635156250003 0.9808119796874999 0.3595667046875 0.9632079171875001 0.2891570984375 0.9841843109375 0.2871613984375 0.9852871703125 0.263482590625 0.9434350890625 0.272528059375 0.9131637734375 0.30338542031250004 0.8801221921875 0.3581642375 0.8807269484375 0.36201301875 0.9073551640625 0.3677065734375 0.922961040625 0.39419645000000003 0.943155971875 0.40831711718749997 0.912277175 0.4353255046875
0 0.64094900625 0.2295411203125 0.664807421875 0.2591533734375 0.648323190625 0.30494836406250003 0.672447425 0.3180794234375 0.70851956875 0.28255336875000003 0.7575391859375 0.20733179062499998 0.7343922640625 0.2107699109375 0.7831960062500001 0.19645379062499999 0.820690740625 0.16737544531249998 0.8277024140625 0.1704127796875 0.8325572859375001 0.14156237968750002 0.8113073328124999 0.133711259375 0.809967903125 0.104425209375 0.7777501421874999 0.10214478593750001 0.75013909375 0.139537459375 0.7170512265625 0.1498866859375 0.734710353125 0.1790601421875 0.7075527640625 0.206331921875 0.68108083125 0.2146111875 0.663179065625 0.19430582031250002 0.64094900625 0.2295411203125
0 0.044264167187499995 0.7724301546875 0.022482112500000002 0.7975441765625 0.009007596875 0.8105521859374999 0.028384226562499996 0.822076684375 0.047870390624999995 0.803147171875 0.044264167187499995 0.7724301546875
0 0.261273559375 0.5707493046875001 0.3071771203125 0.5587661515625 0.3253156109375 0.5702058046875 0.339926515625 0.52808419375 0.3794041078125 0.46487845625 0.3757406234375 0.449386871875 0.328782040625 0.46763957187500005 0.287808734375 0.4875864359375 0.2982526875 0.4553256640625 0.2807471203125 0.440124834375 0.2561952640625 0.4891575546875 0.27570181250000003 0.5222705421875 0.24965198437499997 0.5280414359375001 0.21827064531249998 0.580396728125 0.2507542234375 0.5661959609375 0.261273559375 0.5707493046875001
0 0.275258165625 0.7037419953125 0.2457710015625 0.8044636484375 0.2840263125 0.7932096625 0.301083875 0.8185317734374999 0.3105818734375 0.7620892953125 0.328413775 0.6859251375000001 0.35596158125 0.72341606875 0.4065813875 0.7206520000000001 0.4512005171875 0.6641544125000001 0.4618816578125 0.623025165625 0.48722271875 0.584204090625 0.4867279578125 0.549898540625 0.4499475109375 0.5523716578125 0.48288734062499994 0.46839439374999997 0.43020882968749996 0.46847449374999994 0.388703890625 0.5213837421874999 0.35342188124999996 0.5671159234375 0.3017383421875 0.6358075125 0.275258165625 0.7037419953125
0 0.191152725 0.4807449734375 0.1841664921875 0.4700974859375 0.1548230078125 0.4730970015625 0.1539238046875 0.4933421296875 0.191152725 0.4807449734375
0 0.17324543750000002 0.5200950125 0.1449288125 0.5244349421875001 0.1247283625 0.569969684375 0.1209553453125 0.5849321093750001 0.1611676109375 0.5471636421875 0.2001135671875 0.5169202890625 0.2020396296875 0.498015571875 0.17324543750000002 0.5200950125
0 0.46620901249999996 0.16513169375 0.471668175 0.1401328328125 0.4619925796875 0.1305655078125 0.413712690625 0.1715717046875 0.397624659375 0.222471234375 0.42599628437500003 0.20290292031249998 0.433936253125 0.1780796546875 0.46620901249999996 0.16513169375
0 0.22635795937499997 0.8602043234375 0.23042316093749998 0.8211450390625 0.20809135156249997 0.8271818921874999 0.20154806875000003 0.8660657765625001 0.22635795937499997 0.8602043234375
0 0.31862145161435784 0.2872455359573628 0.04498716832079959 0.028855340343632997
0 0.09229643031702084 0.5617453262101388 0.03157963978475227 0.04218085594746519
0 0.22084742349259529 0.4287546845324533 0.04727741439185813 0.04456222749876275
0 0.31843736104381726 0.3246636488022331 0.03187073821317572 0.04843085594746528
0 0.4623044546875 0.389513971875 0.43150423125000004 0.45333390625 0.5066962765625 0.453579621875 0.5239442734375 0.42560642812499994 0.5955218515625 0.45479034062499996 0.638027278125 0.410837171875 0.587918721875 0.32859635625 0.5555160453125 0.319955828125 0.5217920640625 0.334068796875 0.4623044546875 0.389513971875
0 0.7326630093750001 0 0.7264270875000001 0.012203262500000001 0.7210460984375 0.0143606359375 0.7067014734375 0.0399982984375 0.7247568 0.07427629375 0.7650444484375 0.073321940625 0.785374815625 0.0493756875 0.8393746296875 0.026542090624999997 0.7859328171875 0.0087976375 0.7622756171875 0 0.7326630093750001 0
0 0.884975925 0 0.7920143296875 0.09934565937499999 0.8187152015624999 0.14185313593749999 0.9514461750000001 0.0019828859375 0.9234320109375 0 0.884975925 0
0 0.5984566548813455 0.235950872344267 0.05040241439185813 0.04472600180902227
0 0.6466801391655798 0.1710761448455042 0.03917381596343468 0.03790279172311406
0 0.61049858250777 0.2953291943705344 0.04586046360606986 0.04760534034363308