0 0.3795927984375 0.5986682609375 0.365393934375 0.5394009578125 0.33439188125 0.5368029625 0.3308590515625 0.56268803125 0.3192743125 0.61230371875 0.35008992031249997 0.6582879546875 0.37009227031249997 0.7028281 0.3931397734375 0.7074615093750001 0.378375684375 0.6760261515625 0.3946358828125 0.667350159375 0.3792669546875 0.623429928125 0.3795927984375 0.5986682609375
0 0.22169114687499997 0.2348917296875 0.1814024484375 0.21089549531250001 0.17773021875 0.218155990625 0.2055954046875 0.2823514078125 0.23126203906249998 0.29353721093749996 0.22169114687499997 0.2348917296875
0 0.247265871875 0.2677708265625 0.2732587921875 0.356523653125 0.31626115625 0.3653793328125 0.3430531921875 0.32089793125 0.31993576562500003 0.2557878921875 0.30028431875 0.20664519062500003 0.269165296875 0.20558138124999997 0.24881165156249999 0.1656490109375 0.27754305 0.15708909531249998 0.27904178281249997 0.116978096875 0.245186665625 0.11089607812499999 0.23037488750000001 0.0391454578125 0.22484674999999998 0.0065423718749999995 0.14307502968750002 0.0041630578125 0.1555513046875 0.0384362984375 0.14135006249999998 0.0814999421875 0.153514828125 0.12654131562499998 0.1736367234375 0.06721371875 0.1926110296875 0.1457258625 0.218205559375 0.1987633703125 0.238795765625 0.23562772187499997 0.247265871875 0.2677708265625
0 0.2842594828125 0.5405254 0.28982944375 0.5149128828125 0.27429831875 0.49726015625000003 0.25520548125000003 0.49470568437500007 0.26681305 0.5322027265625 0.2842594828125 0.5405254
0 0.7521984578125 0.5216628171875 0.730848375 0.469686071875 0.6832794015625 0.445351015625 0.67984671875 0.41134626250000006 0.7199089828125 0.4550436015625 0.75084269375 0.4603815625 0.735730946875 0.4056442640625 0.681800746875 0.35409775625 0.6488395796875001 0.3436993359375 0.623979571875 0.3535521296875 0.61188375625 0.369904509375 0.5884541296875 0.34520391250000004 0.6046698187499999 0.40128818906249997 0.6035133953125 0.43228303749999997 0.6387125953125 0.4765290109375 0.6976541015625 0.49399859218750003 0.729979471875 0.5127016140625 0.7521984578125 0.5216628171875
0 0.6012541437500001 1 0.6084402765625 0.968483921875 0.57049053125 0.92866178125 0.5397737375 0.873033290625 0.4806540359375 0.8579357859375 0.43753399843749996 0.8701373703125 0.46365643749999996 0.922755253125 0.5221582734375 1 0.6012541437500001 1
0 0.2711179546875 0.4441191796875 0.2763234484375 0.42325237187500003 0.2488257390625 0.372846403125 0.22389423437499997 0.39946369531250003 0.2379785875 0.43609283593750003 0.2711179546875 0.4441191796875
0 0.1886020953125 0.356401928125 0.212541409375 0.34283339218750003 0.19854756406250001 0.305017084375 0.1879534265625 0.27005418593749997 0.160129278125 0.255548584375 0.15470473906249999 0.2476350703125 0.1394991609375 0.27315769375 0.15468765625 0.31113120156249996 0.1756956046875 0.304358228125 0.18066799218750001 0.31820235937499997 0.171879146875 0.33858974375 0.1886020953125 0.356401928125
0 0.520434671875 0.49424985 0.5408640625000001 0.542510853125 0.5172890156250001 0.5513362875000001 0.5460716859375 0.60071489375 0.5825917453125 0.59601731875 0.5987368296875 0.589790371875 0.6171778781249999 0.58506725 0.5826665609375 0.5001800656250001 0.520434671875 0.49424985
0 0.49002233281249996 0.7034387062499999 0.4547136078125 0.6448025687500001 0.40481346562500004 0.587806775 0.3821425265625 0.5847735828125 0.3977995609375 0.632393446875 0.3866242390625 0.652464175 0.4064757640625 0.67668605 0.38669484375 0.7147753984375 0.3787576203125 0.755645978125 0.41300092812500006 0.7650192984374999 0.4620689546875 0.738038725 0.49002233281249996 0.7034387062499999
0 0.3748483796875 0.0638307609375 0.332468015625 0.0821224203125 0.320281690625 0.099661965625 0.3447087578125 0.11131450937500001 0.3520647953125 0.1254775546875 0.37714102656250004 0.144407340625 0.38887520000000003 0.132798415625 0.37600411093749997 0.111909021875 0.3748483796875 0.0638307609375
0 0.9814069484375001 1 0.995892078125 0.8100070890625 0.9822394390625 0.808830065625 0.9871377046875001 0.8394383453125001 0.9656776031250001 0.8521419375000001 0.9261546828125 0.8803995703125 0.9517923890625 0.9077915078125001 0.9586989015625 0.927885525 0.9313984015625 0.8906848093749999 0.90597934375 0.8920784125000001 0.880829190625 0.8899101625 0.879547546875 0.8118647640625 0.8565320468750001 0.7500788921875 0.7955849234375 0.743123925 0.7765465 0.7873010890625001 0.7973926390625 0.7984771703125 0.8234988875000001 0.8355154671875 0.81628495 0.8668991453125001 0.7876470046875 0.8630676140625001 0.7875015859375 0.8965936453125 0.8111310484375001 0.9344998468749999 0.8433128390625001 1 0.9814069484375001 1
0 0.7881052484375 0.461771803125 0.7456181875000001 0.46567104375 0.7412262890625 0.47586639062499997 0.7542067046875001 0.5111485546875 0.8004356078124999 0.5688524421875 0.8292353609375 0.5547349203125 0.8548024625 0.5198156375 0.8196006375 0.4755693109375 0.7881052484375 0.461771803125
0 0.7723558234375 0.6525558234375 0.784051278125 0.6888653453125 0.8331385140625001 0.67745949375 0.8171388515625001 0.65016040625 0.790906890625 0.5831523609375 0.7618167921875 0.5852514484375 0.7373184296875 0.5903607937500001 0.71554916875 0.5754660125 0.6743278562499999 0.5627631734375 0.6769329796875 0.5918653671875 0.69605859375 0.62557379375 0.7246250421875 0.6461698218749999 0.752594809375 0.62714678125 0.7723558234375 0.6525558234375
0 0.9567497765624999 0.747912446875 0.9885490718750001 0.7893076234375 0.979040059375 0.7401117625 0.9871607296875 0.6968698078125 0.9631860124999999 0.6792840359375 0.9247126187499999 0.662157009375 0.9072827734375 0.6694087046874999 0.930262871875 0.7000402718750001 0.9078796515625 0.7090251640624999 0.8869784031249999 0.7301905578125 0.860455403125 0.730237184375 0.8589924453125001 0.7336340109374999 0.8775944109375 0.7900375515625 0.899108928125 0.82406559375 0.938776575 0.8413550359374999 0.9428809515625 0.8191389953125 0.92167296875 0.812708975 0.9567497765624999 0.747912446875
0 0.656443084375 0.8922379218750001 0.6853687484375001 0.9080875374999999 0.7028530078124999 0.9475674749999999 0.733877228125 0.9517182703125 0.7419211515625 0.925240109375 0.76385241875 0.9221832265625001 0.7659321609374999 0.8949044687500001 0.758592309375 0.8963210078125 0.729828653125 0.8625197296874999 0.6869445484375001 0.8400081125 0.7080593953125 0.8476249499999999 0.6790629265625 0.769466721875 0.6531376984375 0.7300540890625 0.6272640625 0.73737535 0.632271853125 0.782373790625 0.6028365015625 0.8047933046875 0.6157264046875001 0.8412626375000001 0.637369953125 0.8261876703125001 0.6605120578125 0.8388675718749999 0.67990880625 0.8690197156250001 0.656443084375 0.8922379218750001
0 0.1636392015625 0.19371904375 0.1741599109375 0.16637298125 0.16009457031250002 0.1453211703125 0.13908662031250002 0.1520941453125 0.14883156250000001 0.1665768078125 0.1636392015625 0.19371904375
0 0.40266311874999994 0.5527743109375 0.40971525 0.5393396859374999 0.38697088125 0.47399752968750003 0.3828864109375 0.43271518281250004 0.3630700875 0.43965022343750004 0.3223914359375 0.419829596875 0.31138054843749996 0.421951621875 0.2839180421875 0.4027025703125 0.30150920000000003 0.45657231875 0.324832128125 0.466880496875 0.2987061734375 0.49333797968750004 0.31060146093749996 0.54285310625 0.330688915625 0.5323617828125 0.32826723750000003 0.5008882109374999 0.3624364203125 0.527025675 0.40266311874999994 0.5527743109375
0 0.5309770203124999 0.48248146406250003 0.5393827828125 0.45125724062500006 0.5243777359374999 0.41091236093749994 0.5237834828125 0.3712962546875 0.49462015625 0.3110837703125 0.44734415156249996 0.2987675015625 0.41259358593749995 0.3276662734375 0.41333677656249995 0.25468098125 0.4174055515625 0.20131324374999998 0.3954003625 0.22113166093749997 0.36179265625 0.20345635 0.36640008281249997 0.301116690625 0.3757472859375 0.3682616078125 0.40877623593749995 0.4409735078125 0.43159210000000003 0.48955116875 0.45863785625000003 0.54588514375 0.5084835828125 0.5561493046875 0.496733715625 0.47310814375000004 0.5309770203124999 0.48248146406250003
0 0.2028665796875 0.46973244999999997 0.1990335328125 0.4883895984375 0.22611538437499998 0.49680477187500005 0.23519195 0.4884354734375 0.2028665796875 0.46973244999999997
0 0.192851 0.379735571875 0.1929605234375 0.39412573281249996 0.2015462171875 0.439605503125 0.22734593125 0.449045778125 0.24949322031249999 0.4747740859375 0.252044128125 0.4571420375 0.22217633281250002 0.42199639375000003 0.192851 0.379735571875
0 0.3743272015625 0.8137571671874999 0.41054003281250007 0.8605346765625 0.42191236718749997 0.8536718109375 0.4225289515625 0.8297924890624999 0.394976134375 0.8117279953125 0.39320381718749997 0.7875290578125 0.37087550625 0.7641750859374999 0.3743272015625 0.8137571671874999
0 0.2847569421875 0.0122406390625 0.2817787703125 0.008198925 0.2420207140625 0.0070420828125 0.2549625734375 0.03940395625 0.2715950125 0.058403307812500006 0.2847569421875 0.0122406390625
0 0.3276303640625 0.0095330703125 0.33590401718749996 0.037054415624999996 0.3869441953125 0.0474783828125 0.3820712671875 0.0111171390625 0.3276303640625 0.0095330703125
0 0.3341854234375 0.138660221875 0.3313823953125 0.1754258828125 0.3511243953125 0.1852575953125 0.35631370156250003 0.1488112015625 0.3341854234375 0.138660221875
0 0.310447350487489 0.6897063238318187 0.042914925705962934 0.02622753087881229
0 0.16058477665567028 0.39496682218246604 0.02921613855894436 0.03831835391920828
0 0.25148622446495694 0.5412400801000249 0.04488660266556703 0.040335494985435004
0 0.3195806580884787 0.654845590524866 0.027790030878812468 0.04296038981258547
0 0.527592809375 0.574280753125 0.4563609046875 0.55995865 0.47074936718749993 0.6241828515625001 0.5142303515625 0.6863109265625 0.542887309375 0.7057197875 0.575558134375 0.704099771875 0.6420181796875 0.638710234375 0.6119531734375 0.5903593375 0.537447075 0.6031561859375 0.527592809375 0.574280753125
0 0.7019337953125 1 0.6978609140625001 0.997219121875 0.684157215625 0.971423859375 0.646242671875 0.9627586328125 0.6212208578125 0.9905604828125 0.6239776984375001 1 0.7019337953125 1
0 0.79993269375 1 0.7508170953125 0.9192399265625 0.7157075109375 0.9528825 0.7438908796875 1 0.79993269375 1
0 0.5647376968848499 0.7907760449980703 0.04488660266556703 0.040335494985435004
0 0.5956216355229365 0.8595858809705899 0.03845474623907634 0.033903638558944495
0 0.58977714931299 0.739205184810656 0.04346049498543501 0.04497753087881229