0 0.5916675 0.5166675 0.7183325 0.2983325 0.835 0.1916675 0.9666675 0.0033325 0.78 0 0.6683325 0.15833250000000001 0.43 0.505 0.2883325 0.7283324999999999 0.1183325 0.9966675 0.2566675 0.9974999999999999 0.43499999999999994 0.775 0.5916675 0.5166675
0 0.6916675 0 0.5683325 0.175 0.29500000000000004 0.6166674999999999 0.1533325 0.8666674999999999 0.1233325 0.9366675000000001 0.2316675 0.7733325 0.5766675 0.2533325 0.7616674999999999 0 0.6916675 0
0 0.275 0.64 0.2433325 0.635 0.1683325 0.7466675 0.0916675 0.8733325000000001 0.05500000000000001 0.9199999999999999 0.0083325 0.9974999999999999 0.08 0.9974999999999999 0.1183325 0.9383324999999999 0.15666750000000002 0.8566675 0.19 0.7933325 0.275 0.64
0 0.53515625 0.17578125 0.0296875 0.028125
0 0.40078125 0.35390625 0.06796875 0.075
0 0.47890625 0.22890625 0.03203125 0.03515625
0 0.58828125 0.05078125 0.03203125 0.0375
0 0.667045 0.4431825 0.6386375 0.42954499999999995 0.49659000000000003 0.67159 0.5227275 0.69659 0.5818175 0.604545 0.64659 0.4943175 0.667045 0.4431825
0 0.5363625 0 0.43409000000000003 0.1625 0.479545 0.179545 0.5863625 0.0011375 0.5363625 0
0 0.1761375 0.6852275 0.1602275 0.6875 0.13409 0.73409 0.145455 0.767045 0.2238625 0.6431825 0.1988625 0.6477275 0.1761375 0.6852275
0 0.3261375 0.520455 0.3068175 0.5147725000000001 0.2522725 0.6193175 0.27841 0.6215900000000001 0.3261375 0.520455