0 1 0.1310840625 0.8739156453125 0.197642734375 0.7479761890625001 0.30572899531250003 0.503292990625 0.409222815625 0.21299103281249998 0.538814178125 0.030337325 0.65135455 0.0371161109375 0.79689778125 0.2449869734375 0.6991195921875 0.496685134375 0.580548603125 0.88953683125 0.3771463484375 1 0.31824171093750003 1 0.1310840625
0 1 0.337804559375 0.7788010328125 0.46055650937500003 0.1909854 0.752536503125 0.0385747875 0.8282161718750001 0.038887407812500004 0.8349282578125001 0.08356038906249999 0.8221752906249999 0.36333630625 0.7072078203125 0.8603019625 0.4798930640625 1 0.40545974375 1 0.337804559375
0 0.0420335375 0.9024769015624999 0.0693367859375 0.8860222703125 0.21165923437499998 0.8226407703125 0.3379964984375 0.7589809265625 0.3364327265625 0.72505474375 0.1650585015625 0.7935843890625 0.09447894375 0.8200248531250001 0.03902738125 0.8379335250000001 0.0420335375 0.9024769015624999
0 0.8555759894515209 0.514898327330045 0.03604881596343468 0.03693771034569906
0 0.6521492365560366 0.6319052855641729 0.09448205417661057 0.08544941818411544
0 0.7922433895753553 0.5660265698081975 0.044006865177646404 0.04029003087881229
0 0.985071801797855 0.47489178978731506 0.029856396404289852 0.041943459092057725
0 0.6005116734375 0.3716774703125 0.589472665625 0.3400070890625 0.5332431359375 0.3545748703125 0.409617203125 0.40769053125 0.30579937031250004 0.45729658281249996 0.3290670328125 0.48811887656249997 0.6005116734375 0.3716774703125
0 1 0.5044391312500001 0.8451409562500001 0.5725048546875 0.8577755015624999 0.62253538125 1 0.5561594328125 1 0.5044391312500001
0 0.2730085390625 0.8391461031249999 0.2772604515625 0.822747846875 0.319399190625 0.8039541234375 0.327106028125 0.778318540625 0.187530659375 0.8439083421875001 0.2209003109375 0.8602946078124999 0.2730085390625 0.8391461031249999
0 0.4720008015625 0.7085684046875 0.46827552031249997 0.68751474375 0.35621479375 0.72396198125 0.3555530578125 0.751713159375 0.4720008015625 0.7085684046875