0 1 0.6451721125 0.8337734375 0.5497809703125001 0.5351176203125 0.4238400890625 0.28401638125 0.323335146875 0.1488161140625 0.21762826406250002 0.006860631250000001 0.1473005046875 0.015160912500000002 0.32551087968750003 0.1530111984375 0.3944674546875 0.5602142625 0.5924996234375 0.81983055625 0.7078102546875 1 0.78771869375 1 0.6451721125
0 1 0.81683176875 0.8785714859375 0.760098440625 0.27062615624999997 0.4759638671875 0.016006171875 0.343658925 0.019030682812499998 0.40859638125000003 0.1928352734375 0.4954704625 0.70469611875 0.7164520953125 0.9914443687500001 0.8280537156250001 1 0.8303833671874999 1 0.81683176875
0 1 0.8319937765625 0.9805076125 0.825998790625 0.908447625 0.8003681203124999 0.7330082499999999 0.7338711640625 0.7351623468749999 0.7672858171875 0.8659244312500001 0.829245578125 1 0.8856539515625 1 0.8319937765625
0 0.2016868560769093 0.5298824540680634 0.03604881596343468 0.037338173916276675
0 0.4136303920565547 0.6437870810638203 0.09299232878371626 0.08800401878308026
0 0.268750231593638 0.5801808844101306 0.044006865177646404 0.04078150889724856
0 0.0618773393276863 0.4914354249048598 0.045569365177646426 0.04084517589344294
0 0.7144790390625 0.500528096875 0.7339377796875 0.47004542968749996 0.6267779796874999 0.4217949 0.49981962500000005 0.37020203125 0.44311672656249995 0.3561797265625 0.435737446875 0.38742744687499997 0.7144790390625 0.500528096875
0 0.217761834375 0.5865746234375 0.0235626921875 0.505900453125 0.025325300000000002 0.5437443359375 0.027904365625 0.555397828125 0.2108138390625 0.6359099500000001 0.217761834375 0.5865746234375
0 0.8609578625 0.8663746609375 0.8918880734375 0.85004870625 0.747939425 0.7862644000000001 0.7582801531250001 0.8114625609375 0.801629640625 0.8297266625 0.8075797453125 0.8458489953124999 0.8609578625 0.8663746609375
0 0.717162465625 0.7602300843750001 0.71349786875 0.7329084421875 0.5996879328125 0.69766205 0.598324228125 0.7184140484375 0.717162465625 0.7602300843750001