0 0.9041007999999999 1 0.91721915 0.9465971765625 0.8045683531250001 0.8130823015624999 0.5045197375 0.465646678125 0.308220115625 0.2540329328125 0.1023497734375 0.032344959374999996 0.06577336875 0.181242003125 0.22265744375000002 0.39114591718749997 0.4515404453125 0.6285146375 0.6464375609374999 0.823220940625 0.7278074953125 0.9747023718750001 0.7493240828125 1 0.9041007999999999 1
0 0.422583603125 0.293830715625 0.1985696546875 0.07435061875 0.1334028984375 0.022840665625 0.27577304062499997 0.182466796875 0.72900313125 0.6907622234375 0.9220255078124999 0.92703121875 0.9395375187499999 0.85574245625 0.8125168296874999 0.705294334375 0.422583603125 0.293830715625
0 0.205885340625 0.0071896749999999995 0.1211191484375 0.0042295734375 0.1329360515625 0.0172059546875 0.2081194375 0.0807311671875 0.26551743125 0.1337032734375 0.40338924218749994 0.26637383593749997 0.416587975 0.23527192968750002 0.3194896859375 0.1251788078125 0.20722592343750001 0.00894893125 0.205885340625 0.0071896749999999995
0 0.8201423875817231 0.6706970344678721 0.03771816861791066 0.03880952885594056
0 0.6690651800307882 0.48030266904411 0.09740224082661779 0.09400794954451311
0 0.7790992310640605 0.5974033782072699 0.04555793969514976 0.04376984736759475
0 0.9362809928697213 0.7630159984403555 0.048692030054229465 0.04544147477225646
0 0.314562828125 0.48500819375 0.2819764453125 0.50452173125 0.36270245624999997 0.5924597875 0.46088873281250003 0.691606965625 0.50886199375 0.7277330609375 0.5302134781250001 0.70253264375 0.314562828125 0.48500819375
0 0.83023024375 0.6126167062500001 0.9652393234375 0.7511142734375 0.9782594921875001 0.6981111203125 0.8594309359375 0.5708844265625 0.83023024375 0.6126167062500001
0 0.3412140796875 0.0936631671875 0.304093475 0.09563346874999999 0.41300438906250003 0.21282920156250001 0.414598540625 0.18577066874999998 0.38136915312499997 0.15133143124999998 0.38302794375000004 0.13429425156250002 0.3412140796875 0.0936631671875
0 0.430626925 0.249094640625 0.42166020625 0.2753123140625 0.5147043734375 0.354242965625 0.5254921515625 0.336044428125 0.430626925 0.249094640625