0 0.0650371359375 0 0.0522818140625 0.13674515 0.187155878125 0.25129719375000004 0.5257568171875 0.5319327234375 0.7450494421875 0.700323834375 0.9872741375 0.886103753125 1 0.7496744343749999 1 0.7359776359375 0.8080477046875 0.5513845921875 0.5536864984375 0.36412639687500004 0.33814808125 0.2118631171875 0.23818748125 0.0802481765625 0.14290454218749998 0 0.0650371359375 0
0 0.6291523828125001 0.6831543640625 0.8762783421875 0.8539825593750001 0.9464155062499999 0.891716725 0.786495559375 0.7636266953125 0.2773776375 0.3557293015625 0.050446878125000004 0.1564168265625 0.0436760953125 0.2290039359375 0.19480851875 0.3572771359375 0.6291523828125001 0.6831543640625
0 0.8772263765625 0.9190049046875 0.9148582046874999 0.9544952453125 0.9812191171875 0.9510174171875001 0.983622003125 0.9252569656249999 0.947666121875 0.8970917234375 0.8661661140625 0.84958505 0.8033100281250001 0.8089789609375 0.651556215625 0.706178015625 0.6432521 0.7387999140625 0.7524937765625 0.8273475124999999 0.8772263765625 0.9190049046875
0 0.19292182402620534 0.39243208220303266 0.035976041356328904 0.03617651741285455
0 0.3654432950758733 0.5486367373368438 0.0913570541766104 0.08739818068726599
0 0.24207210752465133 0.455641411126705 0.04393409057054054 0.03971095318850324
0 0.06680878018867713 0.32464147388071823 0.04556936517764645 0.041355340343632994
0 0.70611791875 0.477599278125 0.73475756875 0.45258159375 0.6444460421875 0.38244631875 0.5357107984375 0.30471362968750004 0.48433334375000003 0.27867389062500003 0.4673317578125 0.307101134375 0.70611791875 0.477599278125
0 0.190901184375 0.4504370171875 0.033688685937500004 0.3360752984375 0.02869085625 0.38965521718749996 0.168682103125 0.4963601203125 0.190901184375 0.4504370171875
0 0.7360299968749999 0.86196668125 0.77153305625 0.8531068578125 0.649895253125 0.7598854203125 0.6522030703125 0.7864149609375 0.6891282578125 0.8135797984375 0.6899499125 0.8304065421875 0.7360299968749999 0.86196668125
0 0.627755071875 0.7280282921875 0.6326736328125 0.7009335921875001 0.5317676078125 0.641836496875 0.5239542359375 0.6614982281249999 0.627755071875 0.7280282921875