0 1 0.745534434375 0.8219459812500001 0.5919307859375 0.5538765296875 0.4127812390625 0.32731214531249997 0.26731168437499997 0.216626775 0.139582734375 0.0336347390625 0.00039137499999999996 0.0255177171875 0.000296925 0.0255177171875 0.1897294421875 0.182035328125 0.30974399531249996 0.5417692625 0.579207434375 0.7735195125 0.7405240609375 1 0.8979923843750001 1 0.745534434375
0 0.657645684375 0.7262277328125 0.917068571875 0.8893117687500001 0.9897069796875 0.9249776125 0.82021563125 0.8021104421875 0.280616025 0.41084179687500005 0.0255177171875 0.20888311406249999 0.0255177171875 0.2810806359375 0.1993310515625 0.41427046250000005 0.657645684375 0.7262277328125
0 1 0.93633665625 0.9914347359375 0.9302590531250001 0.9066916562499999 0.8851998906249999 0.8409694625 0.84652924375 0.681857621875 0.7484584765625 0.6766691640625 0.780878203125 0.7925455859375 0.8658454078125001 0.9239847859375001 0.953528559375 0.9724112546875 0.9945436781250001 0.9806284328125001 1 1 1 1 0.93633665625
0 0.19998222636710902 0.44892949069063526 0.03296963025772479 0.03317612667090888
0 0.3851052561044354 0.5994305720480433 0.08526247060135787 0.0775079293443632
0 0.25551957541716935 0.5104760653644076 0.03930151741285455 0.03481135200509069
0 0.07014424016191896 0.3849568026734542 0.042426517412854546 0.0348477146721816
0 0.7146382984375 0.5213797171875 0.7405805875 0.4960047328125 0.6450662687500001 0.42879243125000005 0.5306841234374999 0.35449812812500003 0.477621765625 0.32995418593750003 0.46347024687499994 0.3584299046875 0.7146382984375 0.5213797171875
0 0.2040473578125 0.5063973328125 0.0255177171875 0.3884620828125 0.0255177171875 0.4411150265625 0.18635990625 0.552278053125 0.2040473578125 0.5063973328125
0 0.77949401875 0.9004260421874999 0.8136911453125 0.89085626875 0.6851600765625 0.80155673125 0.6898763828125001 0.827713409375 0.7287898171875 0.85370135625 0.7311479703125 0.870306378125 0.77949401875 0.9004260421874999
0 0.6603955671875 0.7705929234375 0.6627537203125 0.74371165625 0.5578067875 0.6876482125 0.551910103125 0.707252696875 0.6603955671875 0.7705929234375