0 0.544102141747814 0.3289599855225794 0.027326391832631813 0.023112168320799587
0 0.27888388031506856 0.37216621422524243 0.02705357332097762 0.015299668320799497
0 0.4893575888452563 0.39527203618453316 0.039826391832631994 0.023694365177646403
0 0.44961304256612067 0.41298392100688674 0.03206845553496294 0.024892992142117265
0 0.4729488496450296 0.4618045647205804 0.038318455534962936 0.025184090570540718
0 0.4997940918404812 0.43253659573782705 0.030396828130301045 0.021695217535011226
0 0.5532390395708957 0.3810319077723204 0.03686508293962447 0.028236315963434677
0 0.6122048118034144 0.395516092842343 0.04791171034428636 0.03187073821317572
0 0.6045634373939774 0.4350687444139195 0.028943455534962758 0.02474744292790554
0 0.5901363496450295 0.4672626602535198 0.025654764427970277 0.01991439371369381
0 0.5529190918404812 0.43501093237942623 0.03384921034428636 0.03121576674922295
0 0.5550495323145016 0.5532707808078496 0.04338790145127867 0.03633991439185813
0 0.29902024320694204 0.7142830936709125 0.036974210344286274 0.03136131596343468
0 0.204660151914615 0.5033027442090316 0.025654764427970277 0.01991439371369381
0 0.26262890853803694 0.4567038800648426 0.022748019237293703 0.026018844499482087
0 0.21590521987811512 0.2933284307267964 0.03519345553496285 0.0250385413563289
0 0.3153397354872117 0.35899628018867713 0.030505955534962846 0.024820217535011225
0 0.33526036588709834 0.3935724873846062 0.03017857332097771 0.015445217535011314
0 0.3519443796820964 0.4984248072769823 0.023983137023308565 0.016716619106587772
0 0.4103347438399142 0.5966119042576637 0.03908234736759475 0.04705909057054054
0 0.6266169974681113 0.5206081381276133 0.040044646641955416 0.029944365177646405
0 0.6308431951985258 0.46681105003827206 0.03255952885594056 0.038955492142117264
0 0.577767780500403 0.5973675372179905 0.035193455534962934 0.02503854135632899
0 0.6927727324071687 0.6653256327509298 0.049637901451278665 0.03663101282028158
0 0.6706993249654403 0.6251715136443419 0.03217758293962447 0.028017992142117264
0 0.6426735286863046 0.6434292080199894 0.03050595553496276 0.024820217535011225
0 0.7772642942954011 0.7107344861417519 0.035193455534962934 0.025038541356328815
0 0.0957812036360463 0.3495526978903042 0.017733137023308566 0.016425520678164406
0 0.09474449329176002 0.37924019789030416 0.02560020072563942 0.018351893713693723
0 0.08766611407299978 0.4250792367654336 0.03061508293962456 0.027945217535011224
0 0.13801085445435293 0.4399444114963741 0.023983137023308565 0.016716619106587772
0 0.20439977940409468 0.1746319346557378 0.02280258293962456 0.027581344499481998
0 0.26173610816736803 0.03410113399378404 0.01951389183263199 0.022748295285270292
0 0.28942459854872116 0.04791107692168948 0.02905258293962456 0.027872442927905427
0 0.4483333178786821 0.1359119987571457 0.03050595553496276 0.02482021753501131
0 0.5528224104369535 0.1016526228261323 0.01778770072563951 0.017988020678164407
0 0.3897097968272899 0.20126086290133488 0.01940476442797028 0.01962329528527027
0 0.2813343016366133 0.18995302770747777 0.021021828130301134 0.021258569892376133
0 0.22736356425048504 0.2116974410658786 0.03519345553496285 0.0250385413563289
0 0.27758676434315227 0.3196769150110307 0.021185519237293705 0.025946069892376133