0 0.48359375 0.6962463396948697 0.0265625 0.025463650162155814
0 0.2546875 0.5510231631510946 0.0265625 0.016088650162155816
0 0.45859375 0.6123077163180752 0.0390625 0.02255683847375849
0 0.42890625 0.5800134135581316 0.03125 0.025545470779006863
0 0.4703125 0.5425719147759477 0.0375 0.0256545649348082
0 0.4828125 0.580634976464345 0.03125 0.020857970779006862
0 0.5125 0.6512105292242885 0.0359375 0.028752291395857908
0 0.57265625 0.6603167479747004 0.0484375 0.030532979707460585
0 0.58125 0.6203229935104735 0.028125 0.025490923701106106
0 0.58046875 0.5843991302799487 0.025 0.019186376623205346
0 0.5328125 0.6000747232179341 0.0328125 0.030260244317956975
0 0.58203125 0.4898406067409983 0.0421875 0.03511138555165907
0 0.40859375 0.23818046956448607 0.0375 0.0319045649348082
0 0.2359375 0.39900669561849866 0.025 0.019186376623205437
0 0.27265625 0.4663345174531656 0.0234375 0.025409103084255237
0 0.1640625 0.6010425284102143 0.034375 0.025600017856907444
0 0.2828125 0.5786572394499885 0.03125 0.025545470779006863
0 0.31484375 0.5538793819015065 0.0296875 0.016143197240056396
0 0.371875 0.46069639772981913 0.0234375 0.017596603084255237
0 0.46484375 0.39188612216227386 0.0390625 0.045994338473758486
0 0.63671875 0.5490422828777365 0.040625 0.02883411201270878
0 0.61875 0.6009184285756654 0.03125 0.039607970779006865
0 0.621875 0.4571138814977648 0.034375 0.025600017856907444
0 0.7546875 0.43760813068698584 0.0484375 0.036782979707460584
0 0.71796875 0.4671553088523188 0.0328125 0.027135244317956976
0 0.7 0.43934395455024766 0.03125 0.023982970779006862
0 0.8515625 0.4281046712720647 0.034375 0.025600017856907444
0 0.07421875 0.5018295068998588 0.0171875 0.01592500892845372
0 0.0859375 0.4727187053577312 0.025 0.019186376623205346
0 0.09765625 0.42642040381560375 0.03125 0.02710797077900686
0 0.14921875 0.43333287703024254 0.0234375 0.017596603084255057
0 0.10546875 0.708315286120852 0.0234375 0.026971603084255058
0 0.10390625 0.8630300596598023 0.01875 0.02220228246740419
0 0.1359375 0.8609084521113204 0.028125 0.027053423701106284
0 0.3171875 0.840557221593081 0.03125 0.025545470779006863
0 0.4015625 0.9133032004897625 0.0171875 0.019050008928454078
0 0.2890625 0.7566731452941872 0.01875 0.01907728246740419
0 0.18359375 0.7233578591733351 0.021875 0.02225682954530477
0 0.1421875 0.682674357955519 0.034375 0.02716251785690744
0 0.23203125 0.5998561294658745 0.021875 0.025381829545304768