0 0.29921875 0.521875 0.01953125 0.02265625
0 0.396875 0.278125 0.01015625 0.025
0 0.37421875 0.4828125 0.015625 0.03671875
0 0.39921875 0.44921875 0.01953125 0.02734375
0 0.44140625 0.48125 0.0171875 0.0328125
0 0.4078125 0.5 0.015625 0.02734375
0 0.346875 0.540625 0.0203125 0.03203125
0 0.3484375 0.6 0.021875 0.04296875
0 0.38671875 0.60078125 0.01953125 0.02421875
0 0.42109375 0.59296875 0.01484375 0.0203125
0 0.3984375 0.55078125 0.02421875 0.02734375
0 0.51015625 0.57734375 0.02734375 0.03671875
0 0.71875 0.3671875 0.02421875 0.03203125
0 0.5375 0.234375 0.015625 0.0203125
0 0.48046875 0.28046875 0.0203125 0.01953125
0 0.33515625 0.20234375 0.01796875 0.0296875
0 0.3765625 0.3109375 0.01953125 0.02578125
0 0.40546875 0.33671875 0.01015625 0.02734375
0 0.50234375 0.3734375 0.01171875 0.021875
0 0.5828125 0.4484375 0.03828125 0.03046875
0 0.46328125 0.6390625 0.0203125 0.03515625
0 0.41171875 0.63203125 0.0328125 0.025
0 0.54765625 0.60859375 0.01796875 0.03046875
0 0.58828125 0.73125 0.02578125 0.0421875
0 0.5546875 0.7015625 0.0203125 0.028125
0 0.57734375 0.67890625 0.01796875 0.02578125
0 0.61328125 0.82109375 0.01796875 0.03046875
0 0.4140625 0.09921875 0.0125 0.01484375
0 0.44296875 0.1046875 0.01328125 0.02265625
0 0.48828125 0.10703125 0.0203125 0.02578125
0 0.49140625 0.1578125 0.0125 0.0203125
0 0.225 0.1671875 0.02265625 0.01796875
0 0.078125 0.19296875 0.01796875 0.015625
0 0.08671875 0.2234375 0.0203125 0.02421875
0 0.1359375 0.39140625 0.01953125 0.02578125
0 0.08046875 0.484375 0.015625 0.01328125
0 0.21015625 0.34921875 0.015625 0.015625
0 0.2234375 0.24375 0.0171875 0.0171875
0 0.25546875 0.196875 0.01953125 0.03046875
0 0.34765625 0.26640625 0.0203125 0.0171875