0 0.43879181083504626 0.6955508100417651 0.029143671939110227 0.02581835391920819
0 0.7077673039149641 0.6706036004874889 0.027262836958138338 0.017960389812585475
0 0.49552463049297907 0.6324346960934271 0.04164367193911041 0.02618206677218975
0 0.5362623770329379 0.6172332449189281 0.03389483893530461 0.027517246239076344
0 0.5123500331547174 0.5665967474262106 0.038582338935304605 0.027653638558944316
0 0.48615228908621644 0.5939261255603137 0.03214133794672147 0.022784282132453627
0 0.43040896646253407 0.6430252036152744 0.03870967292769336 0.030778638558944315
0 0.37108304600629866 0.6233515496169239 0.0497745069200823 0.03422188730530316
0 0.37967945459953606 0.5853658163099713 0.030769838935304696 0.02742631802583091
0 0.394780531177551 0.5538119394295095 0.02582767095052709 0.021039925705962935
0 0.4320868715957305 0.5884513638818311 0.03564833992388792 0.03225021034569906
0 0.4311225963868595 0.4690337741483878 0.04527800790866543 0.038772994985435
0 0.6905718977560035 0.3252001722742436 0.038837006920082115 0.033903638558944314
0 0.7845460267289267 0.5440842160851798 0.02582767095052709 0.021039925705962758
0 0.7254548696185641 0.5876236159268953 0.026082338935304605 0.02728992570596276
0 0.7705166547132668 0.7551437365391509 0.0354573389353046 0.02756271034569906
0 0.6699953898845192 0.6819897298752332 0.03389483893530461 0.027517246239076344
0 0.6505622989720482 0.6455293926490724 0.030387836958138337 0.01805131802583091
0 0.6352636097327323 0.5381798939027137 0.025700336958138337 0.017914925705962936
0 0.5780320884781942 0.43585286427754255 0.0425350098858317 0.04805706677218957
0 0.35736410281265013 0.4973202470304992 0.04346083992388783 0.03247753087881229
0 0.3533106141813566 0.5510446406040084 0.03440417490485981 0.04001724623907634
0 0.40740125349722217 0.42308477665567035 0.0354573389353046 0.02756271034569906
0 0.2926901546760858 0.34639659303214854 0.05159167490485981 0.040517351411925875
0 0.3155029135733344 0.38919785847155475 0.03552100593149898 0.02912521034569897
0 0.34370882661519603 0.37285144444407436 0.032268671939110226 0.025909282132453627
0 0.20784031079786525 0.2939869953811465 0.0354573389353046 0.02756271034569897
0 0.892634393838852 0.707195633015654 0.019386669961944138 0.016170569279472247
0 0.894486053914964 0.6760365612288993 0.027390170950527093 0.021085389812585474
0 0.9019828775272295 0.6302155958686354 0.03395850593149916 0.029079746239076342
0 0.8513143740671885 0.6123544944567096 0.025700336958138337 0.017914925705962936
0 0.7816371799221378 0.8748568429656416 0.02458350593149916 0.028806961599340042
0 0.6929168726214947 0.9905360437776827 0.03083350593149916 0.018927912444634744
0 0.533596269351734 0.896511567959324 0.03389483893530461 0.027517246239076344
0 0.42780652577752465 0.9238660266556703 0.017951503954332714 0.01925010517284953
0 0.5942990060058612 0.8350716142775425 0.019514003954332716 0.019295569279472246
0 0.703529425967805 0.8538563696878189 0.02439250494291585 0.02411946159934004
0 0.7574210885153752 0.8359163634196127 0.03708350593149916 0.029170674452321778
0 0.7083694817855734 0.7236831363808662 0.024519838935304607 0.02724446159934022