0 0.59096350972248 0.6663525144774207 0.027708920171816587 0.023112168320799497
0 0.32847679782754946 0.619058099256993 0.02721759724103805 0.013737168320799497
0 0.537360474896771 0.599931301904808 0.040208920171816584 0.023694365177646403
0 0.4980146918800843 0.5814017797789015 0.03247830732694616 0.024892992142117265
0 0.5213393272261916 0.533325998761655 0.03708392017181659 0.023548815963434677
0 0.5471548767512218 0.562666742351514 0.030752033016686654 0.021695217535011226
0 0.600843120758328 0.6157703176205738 0.03576708163720586 0.028163541356328814
0 0.6588636606724197 0.6021037698541041 0.04834896879233561 0.03030823821317572
0 0.651306788216611 0.5625147309789746 0.029271420171816588 0.023184942927905537
0 0.6363059079588863 0.5303208151393743 0.024420145861557073 0.01984161910658777
0 0.6003617639063515 0.5617549057099149 0.03280585594746519 0.031142992142117087
0 0.6028549208491851 0.44494839537083275 0.04398901741285464 0.03633991439185813
0 0.349111365897088 0.28055637138289946 0.03593085594746537 0.03128854135632882
0 0.2558504460639557 0.488520882755439 0.024420145861557073 0.01984161910658777
0 0.3131583350281078 0.535973771506734 0.02318519448207601 0.026018844499482087
0 0.2660011312737776 0.6971510200589919 0.034040807326946254 0.02496576674922295
0 0.36523316937884703 0.6330092832935582 0.03091580732694634 0.024820217535011225
0 0.38538853912112225 0.5991779387940762 0.030424484396167805 0.015445217535011223
0 0.4018589868825586 0.4950340942945942 0.024256371551297562 0.016716619106587772
0 0.4587054511523384 0.39919074731391285 0.03979284034363299 0.04549659057054063
0 0.6735702125722991 0.479246312658175 0.04045458163720568 0.028381865177646404
0 0.6778759322691459 0.5315172880510692 0.03165279172311415 0.03888271753501123
0 0.6248217740831169 0.4008516389606919 0.035603307326946165 0.02503854135632899
0 0.7388975621881864 0.33601854342775267 0.0485946302577247 0.03499573821317572
0 0.7166850474888653 0.37542779983789343 0.03264208163720568 0.028017992142117087
0 0.6890989580497433 0.357133718158693 0.03091580732694634 0.024820217535011225
0 0.8227469397323777 0.2921721900369305 0.035603307326946165 0.025038541356328815
0 0.14784095149102267 0.6392187036812723 0.017924484396167763 0.014863020678164317
0 0.1462441519659925 0.6087499536812724 0.02590075870642723 0.018351893713693813
0 0.1391409808896648 0.5628745275025899 0.03099769448207601 0.026382717535011223
0 0.1893899643813214 0.5503531027716496 0.024256371551297562 0.016716619106587772
0 0.2548732807533792 0.8135765407371564 0.023267081637205856 0.027581344499482085
0 0.3115437618701867 0.9534716406133217 0.01981453301668683 0.02118579528527036
0 0.3397949146291486 0.9396253103818634 0.0294351944820761 0.026309942927905183
0 0.4967608876053557 0.8563482758499601 0.030915807326946165 0.024820217535011225
0 0.6004115100611644 0.8914616763880794 0.01652575870642714 0.017915246071058634
0 0.4385112963572115 0.7909266370986652 0.01808825870642732 0.017988020678164317
0 0.330862570667471 0.7990730849889693 0.02137703301668683 0.021258569892376046
0 0.2788120697629598 0.7772195097199097 0.035603307326946255 0.025038541356328815
0 0.32805407394683134 0.6707661484712046 0.0216226944820761 0.025946069892376043