0 0.4951796480316514 0.29140625 0.028270445745273775 0.025
0 0.7302581090986274 0.4390625 0.028215903590796287 0.015625
0 0.5220279734618122 0.3765625 0.040761355386194256 0.0234375
0 0.5523058259211402 0.409375 0.031395445745273955 0.025
0 0.5106768621236896 0.44765625 0.03764544574527377 0.025
0 0.49762287110067993 0.40859375 0.03137726502711473 0.021875
0 0.4667864824388026 0.3375 0.03766362646343317 0.028125
0 0.4043364794137405 0.32890625 0.048610216822512695 0.0296875
0 0.3962921752572102 0.36875 0.028270445745273952 0.025
0 0.39764105181883924 0.40546875 0.02510908430895533 0.01875
0 0.44617400058917517 0.3890625 0.032985216822512695 0.0296875
0 0.3978632447354427 0.5015625 0.04238748789975153 0.034375
0 0.5768457210259251 0.75703125 0.03768180718159222 0.03125
0 0.7496752087292851 0.59296875 0.02511817466803503 0.0203125
0 0.7133473441697087 0.52578125 0.023582945745273955 0.025
0 0.821178545768715 0.38828125 0.03451135538619425 0.0234375
0 0.7007342355620605 0.4109375 0.031395445745273955 0.025
0 0.6677717446372469 0.43671875 0.02977840359079629 0.015625
0 0.6109763230924697 0.53046875 0.023528403590796287 0.015625
0 0.5183752117543472 0.6015625 0.03932612041330898 0.0453125
0 0.34196322356000797 0.44140625 0.040788626463433085 0.028125
0 0.35945525058917516 0.3890625 0.03303975897699045 0.0390625
0 0.35860530201523094 0.53515625 0.03607385538619425 0.0234375
0 0.2225587177062755 0.55390625 0.04864657825883123 0.0359375
0 0.25944563934924847 0.525 0.032967036104353475 0.0265625
0 0.2788132628858153 0.553125 0.031386355386194255 0.0234375
0 0.124062130372258 0.5640625 0.03608294574527386 0.025
0 0.9127797176080797 0.4890625 0.01727840359079593 0.015625
0 0.9024552959651068 0.51796875 0.026671584308955686 0.01875
0 0.8904592900131785 0.565625 0.0314045361043533 0.0265625
0 0.837370651449497 0.559375 0.023528403590795933 0.015625
0 0.8788415757247485 0.2796875 0.023601126463433174 0.028125
0 0.8789784519917898 0.121875 0.020439765027114733 0.021875
0 0.8461477712736306 0.125 0.02827953610435365 0.0265625
0 0.6624358466055955 0.1453125 0.031395445745273955 0.025
0 0.5761488886618774 0.07109375 0.01729658430895533 0.01875
0 0.6924046268562166 0.23125 0.020430674668035033 0.0203125
0 0.7992495244950844 0.26328125 0.02200226502711473 0.021875
0 0.8419728347999348 0.30546875 0.03608294574527378 0.025
0 0.7524240005891751 0.3890625 0.022020445745273953 0.025