0 0.5317600915868285 0.320032454770383 0.027708920171816587 0.023267081637205766
0 0.7672549355485062 0.4726129794193268 0.02729948439616763 0.015454581637205677
0 0.5625807236535756 0.40267453640758877 0.040208920171816584 0.023922178878243727
0 0.5931247167561706 0.4354394487774892 0.03247830732694616 0.025075243102595124
0 0.5552053149017198 0.47007007632168046 0.03872830732694617 0.02540279172311415
0 0.5399997167561705 0.43265528550307764 0.030752033016686654 0.02186835594746519
0 0.5066682383528966 0.3615681795556124 0.03732958163720568 0.028445904567984216
0 0.4468838025772479 0.3506439676606818 0.04843085594746519 0.03214411465389251
0 0.44107753787792686 0.388515781885033 0.029353307326946167 0.024911468792335432
0 0.4445234424459111 0.4245351690401627 0.025982645861557074 0.020060194482076098
0 0.4897983208946135 0.4113258401164904 0.03436835594746519 0.0314071302577247
0 0.4493547845985665 0.5167226690401627 0.04398901741285464 0.03658595318850324
0 0.6364707615315023 0.7719468368371301 0.03749335594746519 0.03157090456798421
0 0.7946064088633975 0.6228553188584487 0.025982645861557074 0.020060194482076098
0 0.7544483983479479 0.5553059707128994 0.0231851944820761 0.026146420171816585
0 0.8514351837394838 0.428720216529028 0.03560330732694652 0.025239017412854635
0 0.7362162974888653 0.4452758734718614 0.030915807326946165 0.02499335594746519
0 0.7070167983933764 0.46789782394683127 0.030424484396167628 0.01561835594746519
0 0.6570787533909019 0.5556567735172899 0.024256371551297562 0.016853307326946166
0 0.5715783446390462 0.6189579556748942 0.03979284034363317 0.04571529172311415
0 0.39241870985876565 0.45608506218818634 0.04053646879233552 0.03017217887824373
0 0.4061636273170487 0.4061636273170487 0.03321529172311397 0.03913774310259495
0 0.4135334712787264 0.5467886273170487 0.035603307326946165 0.025239017412854635
0 0.2832661171402834 0.5586601062861496 0.050239017412854546 0.03691350180902227
0 0.31772964834794787 0.5324185108541337 0.032642081637205764 0.028200243102595123
0 0.33791267356271854 0.5607449067156909 0.030915807326946255 0.02499335594746519
0 0.1892671336486268 0.5638621834007995 0.0356033073269463 0.025239017412854458
0 0.9456156309350934 0.5310440343714239 0.018006371551297206 0.01652575870642714
0 0.9369333497274288 0.5586367678630804 0.025900758706427142 0.0184976944820761
0 0.9283705772261918 0.6033760577771722 0.03107958163720568 0.028118355947465368
0 0.8772617786056728 0.5944647252354553 0.024256371551297208 0.016853307326946166
0 0.9006771879233554 0.3276800169585693 0.02326708163720568 0.027708920171816497
0 0.8926931902982045 0.17533626695856933 0.019896420171816233 0.022857645861556985
0 0.8615660210308992 0.1760422738559743 0.029517081637205678 0.028036468792335522
0 0.684464610470021 0.18623838817118257 0.030915807326946165 0.024993355947465278
0 0.5971449949116174 0.11076367537174084 0.018088258706427142 0.018088258706427274
0 0.7184921296918979 0.2706067441186478 0.019732645861557076 0.019732645861557076
0 0.823254872794493 0.3072612963572115 0.021377033016686652 0.02137703301668683
0 0.8667901888278664 0.3500563059681499 0.03560330732694652 0.025239017412854548
0 0.7843295708946136 0.4267615688584486 0.0216226944820761 0.026064533016686653