0 0.275 0.75 0.6552625 0.9974999999999999 0.8394725 0.9974999999999999 0.3460525 0.6394725 0 0.35394749999999997 0.0026325000000000003 0.5539475 0.275 0.75
0 0.35 0.5484375 0.05234375 0.04765625
0 0.45 0.66640625 0.06875 0.03828125
0 0.1453125 0.39296875 0.06171875 0.04609375
0 0.33203125 0.6125 0.01328125 0.0296875
0 0.0140625 0.23828125 0.01484375 0.0265625
0 0.03984375 0.2703125 0.0125 0.01640625
0 0.1015625 0.29453125 0.0234375 0.0140625
0 0.08671875 0.40546875 0.03359375 0.04375
0 0.14453125 0.46015625 0.0359375 0.025
0 0.30859375 0.47109375 0.02734375 0.0375
0 0.17109375 0.35 0.0203125 0.02265625
0 0.2390625 0.45 0.0265625 0.02734375
0 0.3890625 0.646875 0.0375 0.0234375
0 0.5828125 0.753125 0.03125 0.04609375
0 0.5171875 0.71875 0.05390625 0.0328125
0 0.45 0.6203125 0.03515625 0.0390625
0 0.05078125 0.040625 0.06875 0.08125
0 0.15 0.046875 0.0671875 0.06015625
0 0.2125 0.01796875 0.03515625 0.03515625
0 0.09921875 0.0984375 0.03359375 0.0359375
0 0.140625 0.175 0.02890625 0.0296875
0 0.1546875 0.1109375 0.05 0.0609375
0 0.24609375 0.0484375 0.02734375 0.0265625
0 0.29140625 0.0984375 0.02265625 0.02734375
0 0.390625 0.2140625 0.04609375 0.04609375
0 0.45546875 0.24140625 0.0234375 0.0203125
0 0.49375 0.2484375 0.0296875 0.03984375
0 0.5171875 0.340625 0.07109375 0.0640625
0 0.6828125 0.52109375 0.02265625 0.02734375
0 0.2140625 0.1734375 0.06484375 0.0515625