0 0.0539476453125 0.6733780234375 0.3699960109375 0.8049703125000001 0.804012421875 0.9631061046875 0.981194375 0.9227018499999999 0.40785361093750006 0.6815190796875 0.0170772046875 0.489027146875 0.0194514640625 0.557017059375 0.0539476453125 0.6733780234375
0 0.3867857928205747 0.5921219501318407 0.0645188569862416 0.05926720364722229
0 0.5149232057045989 0.6848751074262851 0.07685516587924912 0.05487064437666671
0 0.146520402169069 0.4850497600679862 0.0740029843909034 0.06261040919430556
0 0.38676100016963605 0.6584736487450698 0.01984127404661713 0.03168641109416655
0 0.015875548178052246 0.3875545513867708 0.005342264427970267 0.018859102773541636
0 0.07792168039203737 0.39836607123840284 0.02721726442797028 0.019368249050069418
0 0.09354173510869357 0.510357578172257 0.04549603847458741 0.05101829255305575
0 0.16443707766696497 0.5510384359797917 0.041770837748947985 0.033758057370694414
0 0.32511911732267873 0.5251149816669795 0.037465283665263985 0.04458645459715278
0 0.15969995924797792 0.4377390021842015 0.02592758293962456 0.027144381458888846
0 0.252353739918017 0.5202988886770836 0.034012901451278846 0.03513871941479181
0 0.4515055464487717 0.6794959699834726 0.04327877404661713 0.03223192496187508
0 0.6667510897326825 0.7407101461796186 0.04404266587924912 0.05410692496187508
0 0.5942486071558777 0.721068486985313 0.06095734736759475 0.04669446846486114
0 0.5024306401881695 0.6400892842880213 0.04382441106992552 0.04785692496187508
0 0.05585567431676959 0.14649444671336811 0.08225199400955022 0.07529224715020844
0 0.10823414065150563 0.1039991286090973 0.04366071996293312 0.043169424961875036
0 0.02438990870767297 0.20665004350298616 0.03590278366526396 0.044550087005972294
0 0.08215033420556891 0.27356609298989587 0.0356299651536097 0.036737587005972294
0 0.07829615870767297 0.20790472539871532 0.06500993030721935 0.07332970364722229
0 0.14884178248413762 0.12680150218420153 0.035520837748947987 0.03361258700597225
0 0.20640131134007814 0.16561073546670158 0.029270837748947988 0.033467116641249996
0 0.3337029105217715 0.25678320896555584 0.05821429328391083 0.05755923328250008
0 0.4036161064380875 0.2693390667730906 0.028998019237293705 0.025654616641249996
0 0.44181551088459126 0.26788632275701424 0.040699411069925695 0.04778418977951393
0 0.490047168959292 0.35253473290125037 0.0887202488188736 0.08168771751493065
0 0.6994544292109109 0.49245513734590335 0.029270837748947898 0.033467116641249996
0 0.15256203792643322 0.25568956838861123 0.07885417549789593 0.06740701196784729