0 1 0.2547359859375 0.658595253125 0.6536815984375 0.3505926546875 0.9704014078125001 0.5218264687499999 0.9863413109374999 0.55294605 0.9854358234375 0.76510676875 0.7355530156250001 1 0.4303426828125 1 0.2547359859375
0 0.5672460487320606 0.6415279896416657 0.0561548247398008 0.05935827962517113
0 0.6924297551999243 0.5518169687919832 0.049161196291098365 0.07475595909205772
0 0.39569967661493627 0.8319580760098967 0.05820864767057934 0.06877874373179402
0 0.6303568803692665 0.6662946574300699 0.03363137155129756 0.01657974623907634
0 0.23054274536184324 0.9502176456850803 0.029107645861557074 0.019568353919208192
0 0.26533382519002674 0.9272969712327587 0.017924484396167804 0.014562605172849529
0 0.2926908632950962 0.8670354211536164 0.0184976944820761 0.02550010517284953
0 0.40436202566499657 0.8927364516367173 0.048922178878243724 0.040426423198680436
0 0.4634194431232796 0.8401593694251215 0.03181656603337366 0.04148881802583091
0 0.48607129183465575 0.6751875872926678 0.042344630257724704 0.03399456677218975
0 0.35425912708990615 0.802648660728775 0.024665807326946343 0.0241194615993404
0 0.4599049395052351 0.7432389053184988 0.03280585594746519 0.030596782132453627
0 0.6689380235172899 0.6111836086045688 0.03181656603337366 0.04148881802583091
0 0.7906891135222388 0.42611462364826364 0.05196529172311415 0.038954851411925874
0 0.7509549061498639 0.4890836365803873 0.042010437584671045 0.057386602665567034
0 0.6468306501569702 0.5476666778840409 0.04423467887824373 0.04029003087881229
0 0.06176508988934783 0.8948805909870845 0.0339456320667471 0.08211381802583091
0 0.06121181196104371 0.7947441986672165 0.04299308344622808 0.07613660266556703
0 0.09545069312327964 0.8508661665347628 0.0442346788782438 0.040290030878812645
0 0.17506295002068462 0.8172520329903834 0.036012743102595036 0.03225021034569906
0 0.1113755862713032 0.7964143472552907 0.0717798247398008 0.05981292069139812
0 0.05461325192056397 0.6986959127738391 0.03132524310259503 0.03211381802583091
0 0.10881607304232017 0.6579967049354226 0.03256019448207601 0.025909282132453627
0 0.2332185295101838 0.5683084161390515 0.05426477611928178 0.05306281551854859
0 0.2651402368825586 0.5055667237400411 0.024829581637205767 0.02724446159934022
0 0.27415338873700945 0.46852972499368234 0.0456334045679843 0.03721049498543501
0 0.3688107914959714 0.4532564144896988 0.0760512449116173 0.0817788489046432
0 0.5636618668015991 0.3044000626820616 0.0325601944820761 0.025909282132453627
0 0.17898581015202136 0.74280596245727 0.0631418091359686 0.07360263605166181