0 0 0.6252546328124999 0.24280364375 0.778084321875 0.5686488859375001 0.9604643953125 0.786071290625 0.9402413171875 0.3241655765625 0.6467910453125 0 0.4081627359375 0 0.6252546328124999
0 0.32994197953123255 0.5440945503388184 0.06348461124870504 0.0582367052052021
0 0.4411255744449993 0.6661754057134297 0.08030823821317572 0.05142526308359248
0 0.10175497518800639 0.3914300948512676 0.07285961124870503 0.05878273677523325
0 0.3085892103008102 0.6177973608480446 0.018788541356328813 0.035376057878390196
0 0.053724197685416385 0.2851492737481105 0.02736302067816443 0.018734589448421435
0 0.03614709181339486 0.41161306321064933 0.041464062034493286 0.05383763154179633
0 0.09978790674337228 0.4671203395895958 0.043570217535011314 0.032144642065139804
0 0.2846530583149488 0.46258621608148165 0.03485018899896399 0.045661110495108834
0 0.13139112531184088 0.34061875277201026 0.024601893713693722 0.026365078925077688
0 0.20676565281443082 0.44530698179591005 0.03277826674922295 0.03463260523343692
0 0.37254039433737546 0.649912639857827 0.04505994292790545 0.03067314732681172
0 0.5891756226257537 0.7494898927004245 0.03848461124870504 0.05678062101845249
0 0.5150681885891885 0.7179661478915091 0.0627568651776464 0.0426117052052021
0 0.4411833864794926 0.6147494136059375 0.042735463606069855 0.047678636803468066
0 0.019948626964470716 0.03241068159826596 0.03989725392894143 0.03830363680346808
0 0.11044519437564751 0.02083687379046279 0.07801799214211713 0.0357092578219206
0 0.05379277998378934 0.06620955794897751 0.041027414391858155 0.044462631541796235
0 0.09908170120007305 0.14771789220631426 0.034486315963434724 0.037848610495108834
0 0.11649183312694249 0.07502384485126763 0.06264985731976358 0.07377069994353028
0 0.21962114123249438 0.004586030360493886 0.031832196856846906 0.009172060720987772
0 0.26974526571576574 0.046619581838262335 0.02809076674922295 0.034359589448421435
0 0.37951190984374417 0.16566644247454548 0.057234611248705033 0.057872684158514695
0 0.4524571042193918 0.18868744254513267 0.02765411910658777 0.024984589448421433
0 0.49584323118386237 0.1939517952183209 0.03812073821317572 0.04896812101845249
0 0.5200191317219817 0.2938306978773917 0.08630568114108109 0.07982327886860804
0 0.7038182812266436 0.47946654806091826 0.02809076674922295 0.034359589448421345
0 0.18133127502139063 0.1382526159685422 0.07627570967712845 0.0652147472985769