0 0.41104126562500004 1 0.6684045765625 0.7838858609375 0.9831563328125 0.49397558906250005 0.9882984359375 0.34672502656250004 0.5790858953125 0.6877627640624999 0.21247725625 0.9573274375 0.3870248421875 1 0.41104126562500004 1
0 0.4911457450210405 0.6622316587364513 0.05999504809323426 0.0631727093411815
0 0.6327181753282599 0.5919747974219959 0.054181557711881115 0.07559998400699967
0 0.2853619925739698 0.8255294480426343 0.0618849303072194 0.07256589067472703
0 0.548620939123258 0.6949447087444055 0.03346726442797028 0.019131808004454243
0 0.10002963858295306 0.9179425726845901 0.030451391832631992 0.022220445337363514
0 0.13815712115975792 0.9004101746896808 0.019295637023308564 0.015843176002545433
0 0.17837538259250327 0.8453868673615442 0.01967758293962456 0.02678067600254508
0 0.28323400818306643 0.8864669480426344 0.05152778366526398 0.04433180267345449
0 0.3511680418483304 0.8434896547183157 0.03428571996293313 0.0425693080044546
0 0.40519832133724315 0.6838970260582246 0.04344246515360961 0.036428396005727136
0 0.2506248940252487 0.7907362773710892 0.027435519237293704 0.02530908267027243
0 0.36624245954167806 0.7475322647199066 0.033958337748947985 0.03319430800445424
0 0.5971601320443491 0.6478338987507689 0.03428571996293321 0.04256930800445424
0 0.7522444800449162 0.4816014661043589 0.05454365626060227 0.041243165340545215
0 0.7010068730586745 0.5388412540976774 0.04582342068857255 0.0598840773392725
0 0.5877603393934105 0.581291288749178 0.046785719962933216 0.04271475867281786
0 0.004355106268451471 0.8009903353357725 0.008710212536902942 0.04260567067154497
0 0.07207330809039922 0.7784982646801357 0.03870040145127882 0.03481135200509069
0 0.02497763031506859 0.7488920333386362 0.04995526063013718 0.06333634134309048
0 0.036450810537469944 0.6123914593411814 0.0337946466419554 0.028506808004454244
0 0.1756794908446893 0.5421073260264079 0.05821429328391083 0.05690452800763594
0 0.218323347830931 0.48476754069858946 0.026036710344286274 0.029978401336727068
0 0.23595728113337522 0.44980219470081656 0.04823909255827132 0.039607940006363404
0 0.3321328766868715 0.4485765967138615 0.08107143992586625 0.0852840666772721
0 0.5512325954686783 0.3292015300763601 0.03379464664195542 0.02850680800445433
0 0.08867302024878403 0.7060056466820448 0.06824405771188106 0.07576361600890866