0 1 0.35387892656250003 0.6588690140625 0.689444228125 0.3185285515625 0.98387201875 0.40739163906250003 1 0.5467838546875 1 0.76372065 0.7849231796875 1 0.5268844140625 1 0.35387892656250003
0 0.5639651104543598 0.6677252814382296 0.058185204722264315 0.06540810087368065
0 0.7040946858845206 0.5858421146444798 0.05201701795398091 0.07932513050895836
0 0.3674087939029936 0.8521872811538891 0.05979315651766246 0.07325696846486096
0 0.6282048724564124 0.6996851026766324 0.03292158430895533 0.01951371941479163
0 0.1828888690385668 0.9572527215989932 0.02661704215447771 0.009993249050069508
0 0.2226235347296114 0.9394300951740974 0.01884999394987581 0.017623911094166545
0 0.2566440107255063 0.8792926821800696 0.018904536104353477 0.026998911094166543
0 0.3709064986252579 0.9163225163362503 0.05180793969514967 0.04338763050895835
0 0.43779401677563057 0.8663238227570144 0.033048849336070066 0.04138871941479181
0 0.4758611224564124 0.6961392625365281 0.043949987899751616 0.03539329255305575
0 0.32658380600324194 0.8168667237831947 0.028270445745273952 0.025654616641250173
0 0.4426718934354554 0.7648886093261462 0.033003397540672094 0.03357621941479181
0 0.6739804598886258 0.646070446616459 0.031504530054229284 0.04447735182361114
0 0.8166441619786114 0.46269751500507017 0.054932939695149584 0.0434603656913195
0 0.7701464118804155 0.5264502372696535 0.042542024004105096 0.06191942496187508
0 0.6556117340891225 0.5769022193178825 0.04556703005422928 0.04480466014423605
0 0.017640598059523824 0.8838846907294444 0.025499969749378976 0.08651938145888885
0 0.02251392953980886 0.7816682272985764 0.03641019867214012 0.08208645459715277
0 0.05021674872345376 0.8440234101442361 0.04242384933607006 0.04160692496187508
0 0.13832073672140122 0.8156094290459377 0.03614657825883123 0.03677395459715278
0 0.07254574579658753 0.7883007402163542 0.0738011143631847 0.06420927678548623
0 0.02114635137917352 0.680868793502986 0.03300339754067197 0.03357621941479181
0 0.08107988758172288 0.6439876957634375 0.03142271682251274 0.030414851823611144
0 0.2188657130118837 0.5620499775829169 0.05814884328594587 0.059158100873680654
0 0.2583367582896194 0.49891485115802114 0.025163626463433085 0.028706881458888844
0 0.2721719993126289 0.46017965947864603 0.04709316861791084 0.038591027735416714
0 0.3721220023376911 0.45391343531420175 0.08017837939029934 0.08622974715020852
0 0.5884686441228264 0.3144372804882991 0.0314227168225127 0.030414851823611144
0 0.14724576394696015 0.738483884593021 0.0660795179539809 0.07965243882958344