0 0.70947909375 0.4329945140625 0.9794002125000001 0.4764579828125 0.9815409468749999 0.4239205765625 0.771643165625 0.3545911015625 0.5306234843750001 0.2911342546875 0.4164833921875 0.249916890625 0.20068713749999997 0.1512519390625 0.0159622671875 0.10199011093749999 0.0016318734375 0.256059134375 0.27886992187500004 0.3430796046875 0.70947909375 0.4329945140625
0 0.1380508625 0.11674501718750001 0.3434077390625 0.20965881406250003 0.532594409375 0.299441221875 0.7701833812500001 0.3407887921875 0.9814134765625001 0.42704891875 0.9828292609375 0.392303109375 0.895858753125 0.3464782921875 0.7386833015625001 0.295994665625 0.5520870078125 0.266852884375 0.44221795625000004 0.2092134421875 0.20605407968749997 0.09355084062499999 0.021566228125 0.041740771875 0.017691029687500002 0.0834038296875 0.1380508625 0.11674501718750001
0 0.027825275171689902 0.5727638985880742 0.055650550343379804 0.046949207838416565
0 0.02339309039958889 0.3552952537609237 0.04678618079917778 0.05784124373179385
0 0.676705855172565 0.6662144379131709 0.04445033695813834 0.018460494985435005
0 0.07093465213026573 0.4614483138691958 0.04935801285158126 0.06230142319868044
0 0.054448783574646886 0.51141722162847 0.10889756714929377 0.08654055674305994
0 0.1351072400769872 0.4377320175509773 0.0554170118629981 0.05779577962517131
0 0.5288068660469799 0.6190164921489483 0.038900673916276676 0.035466138558944316
0 0.15470747425965642 0.5120727880049484 0.05828734387822054 0.05163670783841656
0 0.11322828699750694 0.6108201765638928 0.04173651384016441 0.06676160266556704
0 0.7522204387078432 0.2683930518615089 0.05302684091247105 0.0374378155185485
0 0.7101894476050917 0.22747854684694396 0.038837006920082295 0.033903638558944314