0 0.8002841390625001 0.040624034375 0.6411934984375 0.3351593765625 0.4778018734375 0.721209484375 0.3845656421875 0.9724143375000001 0.43057641562500004 0.9827551890624999 0.5394387515625 0.7879087953125 0.6431368921875 0.5734054734375 0.7026588125 0.47316292656250003 0.8345330875 0.2861307546875 0.93896146875 0.07179155468750001 0.8002841390625001 0.040624034375
0 0.735865496875 0.501764684375 0.887353853125 0.2980021421875 0.9948249046875001 0.084346778125 0.9564943078124999 0.0757320328125 0.8782836828124999 0.232547815625 0.7537011734375 0.41064949687499996 0.6350257640625 0.5742248359375 0.552580428125 0.788220040625 0.427012009375 0.9819540953124999 0.45686722343749997 0.9886640078125 0.5240611625 0.9033573640625001 0.6001737765625 0.7645663390624999 0.6618172312499999 0.5961001312499999 0.735865496875 0.501764684375
0 0.4738934013105209 0.07573573746347183 0.04981946846486114 0.06050239532659727
0 0.6796894596311459 0.08501589922322861 0.0658445119678472 0.07805357123840281
0 0.26634657902527836 0.6629130016155207 0.026018292553055565 0.04433188145888885
0 0.5681532007974306 0.1290406157882287 0.06529899810013902 0.05461607123840282
0 0.5984563370059723 0.020464396373437 0.038300087005972115 0.03524782218833337
0 0.5297621948135071 0.09163218797656206 0.10494468597979179 0.1476763934267362
0 0.5797823382402433 0.19208547644555507 0.060720600873680655 0.059194468464861136
0 0.33756500275288237 0.5322792910344442 0.0400080573706945 0.04153418977951393
0 0.5065084924005557 0.20082600323104124 0.05606946846486114 0.060647865691319504
0 0.42245949430041685 0.14962848556361077 0.06675239532659738 0.049964938829583395
0 0.6231804201153132 0.7804569922131245 0.043423998100139014 0.05410692496187508
0 0.6693098844961117 0.7473347144777078 0.036883057370694416 0.04146145459715278