0 0.6875 0 0.5974999999999999 0.32 0.525 0.72 0.4875 0.9974999999999999 0.53 0.9974999999999999 0.5974999999999999 0.77 0.65 0.545 0.6849999999999999 0.4375 0.77 0.2325 0.825 0 0.6875 0
0 0.6425 0.5475 0.61 0.7675 0.525 0.9974999999999999 0.5525 0.9974999999999999 0.6075 0.8825 0.65 0.735 0.6725 0.5625 0.7224999999999999 0.4575 0.8225 0.2325 0.8800000000000001 0.0025 0.8425 0 0.8 0.17250000000000001 0.72 0.3675 0.6425 0.5475
0 0.38359375 0.11015625 0.0375 0.05
0 0.58125 0.075 0.04765625 0.06484375
0 0.3125 0.71015625 0.01484375 0.03984375
0 0.48515625 0.13984375 0.0546875 0.03984375
0 0.48984375 0.03125 0.0296875 0.02734375
0 0.43984375 0.1140625 0.0703125 0.12734375
0 0.50859375 0.19765625 0.04765625 0.0453125
0 0.35234375 0.57109375 0.0296875 0.0328125
0 0.44140625 0.22109375 0.0421875 0.04765625
0 0.3515625 0.19140625 0.0578125 0.0328125
0 0.675 0.7453125 0.0296875 0.0453125
0 0.7109375 0.70390625 0.02734375 0.0328125