0 0 0.571919996875 0.21869215937500003 0.5024620671875 0.6361369734375 0.349997796875 0.9645381765625001 0.19569419999999998 0.9517711953125 0.051429081249999994 0.7129206328125 0.15243219218749998 0.5034188875 0.28072708125 0.39267006250000003 0.33796764218750003 0.1589445640625 0.436014134375 0 0.5132929265625 0 0.571919996875
0 0.930937125 0 0.7080499234375 0.09739387031249999 0.47873125781250003 0.24523694062499998 0.3720251328125 0.3177248703125 0.191188821875 0.37428565156250004 0.038718707812499996 0.44703472812499995 0 0.47342492187499996 0 0.5128923234375 0.160435940625 0.422431903125 0.39071480625 0.3463081296875 0.5744016796875 0.23065454531250001 0.7737630249999999 0.1095128765625 0.950149903125 0.033108706249999995 0.94721989375 0 0.930937125 0
0 0.8787300797747637 0.5343452219078508 0.05944941106992587 0.05024219468185844
0 0.8971155251429256 0.32042693507614795 0.07701885698624196 0.06218075256024882
0 0.2491913687975052 0.7230455739457545 0.04445932813030114 0.022860647326811902
0 0.8378000341286 0.4338138718654985 0.050674611795565025 0.06688366311182747
0 0.9525445804077357 0.40763923776345357 0.03245040145127902 0.03619510523343692
0 0.8698660004633361 0.4756072587395538 0.1469146947351895 0.09899748407381015
0 0.773583766705405 0.4196218402248803 0.055034729581580066 0.05778167889684287
0 0.39269832133724314 0.6546533477644523 0.038754965153609613 0.03812162628012441
0 0.7553397089935239 0.49553189284159876 0.05648810217691817 0.05474768415851479
0 0.7951437642583343 0.583654248145623 0.044424611795565026 0.0665196420651398
0 0.1780207847615723 0.34983485807603437 0.051309528855940555 0.040412168373499216
0 0.21861106842683625 0.3038097265342382 0.03864583774894799 0.03499662628012441