0 1 0.250913046875 0.990257359375 0.146454965625 0.8152797625 0.2023919734375 0.5982912609375 0.3131916734375 0.48352056093750007 0.3607432484375 0.24116927968750002 0.43739456875 0.021695692187499997 0.5215498015625 0.0264380421875 0.5723960546875 0.3036768015625 0.5131220390625 0.7366650296875 0.39981369375 1 0.3031727453125 1 0.250913046875
0 0.8098831687500001 0.144531090625 0.5724145187499999 0.2735327328125 0.46193845624999996 0.33740720625 0.27431124375 0.3766107296875 0.1162674203125 0.4357686671875 0.0200323609375 0.4916293546875 0.020906935937500003 0.5130929625 0.0220411375 0.52525356875 0.2426371296875 0.4234093859375 0.4815387484375 0.369217871875 0.67177065 0.2687718375 0.8782620937500001 0.164317828125 0.9885291374999999 0.12792541875000002 0.9846362531249999 0.086186915625 0.8098831687500001 0.144531090625
0 0.979777648497441 0.6174231300371866 0.04044470300511804 0.045095600873680655
0 0.9849751665204934 0.3983821893077423 0.030049666959013167 0.055705792553055564
0 0.33693749216569674 0.7459969521286108 0.04445033695813834 0.018205792553055565
0 0.946614945207996 0.5089391360211104 0.04942167984777583 0.06359102773541672
0 0.952325139847338 0.5562135263137145 0.09534972030532388 0.0871025693385418
0 0.8808480237631773 0.4877921410551034 0.05541701186299832 0.05748649810013902
0 0.4848364812912818 0.6909431633752774 0.038900673916276676 0.035247822188333444
0 0.8612796230786053 0.5641007211272215 0.05828734387822081 0.05130923328249999
0 0.9042894768426575 0.6600665313477075 0.04173651384016423 0.06653418977951393
0 0.260577991634224 0.34974085438906233 0.05302684091247105 0.03713763050895835
0 0.30260898273697545 0.3065350618360067 0.038837006920082295 0.03368532218833335