0 0.2476420125 0 0.1493105609375 0.003430325 0.1835022125 0.162255153125 0.2722021078125 0.3853926328125 0.3081314671875 0.502772978125 0.3603850359375 0.7492532953125 0.427474053125 0.9918271734375 0.46361652343750004 0.9911963046875 0.4755273328125 0.9907807921874999 0.44182694375000003 0.6912336796874999 0.37196483593749996 0.25224293124999997 0.3061803015625 0 0.2476420125 0
0 0.23022783125 0.408928315625 0.2828053703125 0.52296895625 0.30324221875 0.7126217953125 0.3464341859375 0.8738915734375 0.40127187812500004 0.992284534375 0.4325841421875 0.9917379765625001 0.34662949374999996 0.7469742359375 0.316359059375 0.505244878125 0.235307765625 0.309429821875 0.1518784890625 0.09714417187499999 0.1309124890625 0.004072146875 0.08911237968749999 0.00553035625 0.1254587453125 0.16428001875 0.23022783125 0.408928315625
0 0.6122625780608898 0.019831664368910575 0.044224843878220454 0.03966332873782115
0 0.39558441403044486 0.0088842790191223 0.05408000494291585 0.0177685580382446
0 0.6768331891649537 0.6712933839333968 0.017407675893442942 0.044022735389503256
0 0.5007693211408075 0.04903042045799053 0.0627838428896375 0.04637616801906326
0 0.5503064061217795 0.04552713961214424 0.08376218775644109 0.09105427922428848
0 0.47394022429683746 0.1135156603117208 0.05678851087441501 0.052517073863261876
0 0.6369469712939069 0.5197542033324317 0.03427684091247087 0.03651024431795715
0 0.5471403023577273 0.13722016721157965 0.05066584486680377 0.05553297970746054
0 0.6469784762740038 0.10112693425770822 0.06402800790866543 0.03859094155801359
0 0.2749550127772192 0.7243691599046838 0.036412343878220545 0.050600017856907445
0 0.23614452216875934 0.6805470219173925 0.03271434091247105 0.03648297077900686