0 0.9285118611417309 0.6845944046329733 0.14297627771653829 0.6009739391223817
0 0.8431309565689761 0.8189614963531426 0.12768061416679294 0.19439665665497757
0 0.8943520472226432 0.6250790827983062 0.09636698165323594 0.1829136858759707
0 0.8286725050681655 0.6168495714342205 0.09523172852997774 0.2563239123370204
0 0.6956928751868869 0.8590388457839497 0.23587490924813678 0.2619035308425509
0 0.8352578065924172 0.4057757037394688 0.14877488504764003 0.329126212661332
0 0.7313207820973328 0.6708979176186167 0.059865879390299345 0.08541139448011296
0 0.9243101744716433 0.13388133848034908 0.10121810811666876 0.21112050649282174
0 0.322150775 0 0.28022947187499997 0.06970083437499999 0.18647832343749998 0.25761565000000003 0.14004699062499998 0.3477669109375 0.0641312671875 0.47077527343750003 0.0683433171875 0.5225906953125 0.0256304390625 0.602858921875 0.033133153124999995 0.6704323249999999 0.0041416328125 0.7118861375 0.005405128125 0.92906265625 0.091509584375 0.8075755140625 0.1457397921875 0.7824602265625 0.2546938265625 0.596145578125 0.24765180468749998 0.54660089375 0.32685819375 0.4393505140625 0.37667891875000004 0.29818391875 0.47164761093749996 0.1437891078125 0.5884607984375 0 0.322150775 0
0 0.5989083046875 0 0.44769154375 0.19520831875 0.47145015625 0.277335746875 0.38016701875000003 0.3781777890625 0.300697371875 0.5316353328125001 0.248178296875 0.651969084375 0.1750925515625 0.772706709375 0.166207740625 0.848829671875 0.08810043749999999 0.951058525 0.21666123593750003 0.964590103125 0.3814503421875 0.6968197921875 0.39198048750000003 0.6285758203125 0.47951226562500004 0.493947078125 0.5313731921875 0.489131246875 0.6019251234375 0.36812692812500003 0.798845796875 0.0189746625 0.6185713421875 0 0.5989083046875 0
0 0.5257461203125 0.735124984375 0.6947548671875 0.34193719843750003 0.8210946124999999 0.021316445312499998 0.79611844375 0.018687596875 0.655497209375 0.2607470328125 0.537033140625 0.4845897734375 0.4920497078125 0.5183841375 0.4286385265625 0.6221598187499999 0.40636069218750004 0.72512775625 0.335808759375 0.8461320765625 0.3562438046875 0.8688317859374999 0.2964605828125 0.9729893281249999 0.4160149765625 0.98557294375 0.5257461203125 0.735124984375