0 0.9300378748353978 0.33748017808023134 0.12117425032920437 0.623313131037097
0 0.8522431469387216 0.21636604453585195 0.1178193004748536 0.18608591567683302
0 0.8849323118241317 0.40966741514810767 0.08629651583511766 0.1758016335443795
0 0.8191481874509524 0.413226672669955 0.08213786473976085 0.24749477711788864
0 0.7141270329903835 0.152922006993122 0.2217459340192331 0.27029108260730733
0 0.8068969253767584 0.6192948162434643 0.1326212495377817 0.3192166644231918
0 0.7294241093959917 0.3527545224325282 0.0570516335443795 0.08284124373179384
0 0.8698980643979212 0.8952128350813362 0.09221154671392995 0.20957432983732752
0 0.5320213796875 1 0.4281235875 0.8461119140625 0.349387553125 0.687833446875 0.313565371875 0.5460682968749999 0.24593660312500001 0.43506428125 0.2573327640625 0.3872660578125 0.16783864375 0.19671542656250002 0.11713266250000001 0.167874796875 0.033745046875000004 0.024715009375 0 0.025500434375 0 0.21417521874999998 0.047589664062499995 0.2970819359375 0.0341005015625 0.36244102031250003 0.0685259546875 0.44419702968749997 0.0596883703125 0.4944374359375 0.12266555937500001 0.62056013125 0.1598241828125 0.7122594671875 0.2343160171875 0.9031592796875 0.2812789140625 1 0.5320213796875 1
0 0.7391771781250001 1 0.5758746671874999 0.6375306625 0.5179564375 0.5137919531249999 0.46771603125 0.5049543703125 0.394446334375 0.36656255625 0.390374634375 0.29911046875 0.251278184375 0.0196518703125 0.123758759375 0.022619917187499998 0.193887909375 0.1335657375 0.19563381875000002 0.208577165625 0.2560524296875 0.3322576796875 0.296409796875 0.4539033859375 0.36008534999999997 0.610030653125 0.44009962812500003 0.715742925 0.409398784375 0.79401129375 0.54155445625 1 0.7391771781250001 1
0 0.760335553125 1 0.6642027578125 0.6704991 0.534872953125 0.273231615625 0.4488082734375 0.01505430625 0.3313485703125 0.020289946875 0.38141647500000003 0.12920096406249998 0.3593786234375 0.14972778281250002 0.417296853125 0.27346649218749997 0.42968445468749994 0.375749321875 0.48219454375000004 0.482101759375 0.5230735937500001 0.518676321875 0.6184414312500001 0.7466162703125 0.7365495296875 1 0.760335553125 1