0 0.32109375 0.05 0.6421875 0.0703125
0 0.2109375 0.1265625 0.17734375 0.10234375
0 0.4046875 0.0984375 0.1703125 0.07265625
0 0.40625 0.1640625 0.2421875 0.0625
0 0.1359375 0.2625 0.271875 0.2
0 0.6125 0.18125 0.31015625 0.1078125
0 0.34375 0.25234375 0.07734375 0.05
0 0.89375 0.125 0.2125 0.075
0 0 0.9974999999999999 0.1575 0.9949999999999999 0.2725 0.9324999999999999 0.3375 0.9475 0.42000000000000004 0.915 0.47000000000000003 0.925 0.5974999999999999 0.865 0.6900000000000001 0.8300000000000001 0.8825 0.76 0.9974999999999999 0.7075 0.9974999999999999 0.4575 0.8300000000000001 0.5650000000000001 0.67 0.64 0.5275000000000001 0.6725 0.41500000000000004 0.7375 0.3675 0.725 0.175 0.8099999999999999 0.145 0.86 0 0.9400000000000001 0 0.9974999999999999
0 0 0.85 0.1125 0.7825 0.1875 0.7825 0.3125 0.725 0.43499999999999994 0.6875 0.5925 0.6275000000000001 0.7 0.55 0.7775000000000001 0.5825 0.9949999999999999 0.45 0.9974999999999999 0.255 0.625 0.4125 0.5 0.46749999999999997 0.49000000000000005 0.5175 0.35 0.5875 0.28250000000000003 0.5900000000000001 0 0.7224999999999999 0 0.85
0 0.1325 0.6174999999999999 0.2575 0.5625 0.36 0.5525 0.46749999999999997 0.5025000000000001 0.505 0.4625 0.735 0.3725 0.9974999999999999 0.2575 0.9974999999999999 0.23500000000000001 0.6599999999999999 0.325 0.26 0.445 0 0.525 0.0025 0.6425 0.1125 0.595 0.1325 0.6174999999999999