0 0.7078125 0.10071614927605935 0.584375 0.16756145657670243
0 0.8585435888755135 0.19416901342023496 0.20069398495630536 0.13927204152049333
0 0.6615716489837856 0.129179388895936 0.19036423871722902 0.10607753954332697
0 0.6525891055685609 0.19592121992257527 0.26228470282385175 0.11056872136826898
0 0.8808528463973608 0.345155851861248 0.23829430720527825 0.25368205140632505
0 0.43662312476889076 0.17541642444774924 0.3389214106622681 0.1698747371855998
0 0.7070840404457238 0.29880348079699015 0.08936402837152997 0.06762785178688588
0 0.16112536810497322 0.06665028361182793 0.21559155925034235 0.11490871148243724
0 0.896087903125 1 0.8431561328124999 0.9590152234374999 0.8178315843749999 0.902124009375 0.6282215843750001 0.778947946875 0.5775866093750001 0.7828855515625001 0.46853725625 0.6951822140624999 0.32467935937500003 0.6352014859375 0.1675815765625 0.5283592578125 0.0208813390625 0.39946036406249996 0.0135311828125 0.465036590625 0.0195255734375 0.6710504562499999 0.09078811249999999 0.7185378765625 0.282122475 0.8263296125 0.3739056046875 0.8795242140624999 0.4990659578125 0.9649044953124999 0.5520029078124999 0.9639984531250001 0.6123344312500001 1 0.896087903125 1
0 0.406386759375 0.6368739890625 0.5626195359375 0.7278643765624999 0.6851876953125 0.7892331421875001 0.8080460734375 0.8715818578125001 0.8857271359375 0.8856071265625 0.9727367031249999 0.9578210421875 0.9870550203124999 0.830076634375 0.7317793906250001 0.65638426875 0.662153828125 0.6411974703125 0.52519620625 0.543223425 0.520586609375 0.49007228593749996 0.3974408375 0.41028762343749997 0.0445378296875 0.188403153125 0.02197480625 0.3897047265625 0.21994656406250002 0.5561253328125 0.3039531125 0.5372853921875 0.406386759375 0.6368739890625
0 1 0.6265460468749999 0.771752553125 0.511876646875 0.371248459375 0.314000565625 0.0471062421875 0.1654884140625 0.0442240921875 0.191202225 0.288106915625 0.3486923484375 0.5159826578125 0.4840091578125 0.5502248875 0.5320466749999999 0.6558198671875 0.6034306625 0.760834409375 0.6328547484375 0.8839801812499999 0.7126394109375 0.9072816749999999 0.6933029875 0.99603128125 0.7499927125 1 0.7145848124999999 1 0.6265460468749999