0 0.43192556321064934 0.07573647807898129 0.6392738735787014 0.14041121587787225
0 0.27622930005646973 0.07240165467194848 0.21629139988706053 0.12850179735218487
0 0.4836777790097823 0.0883306774170275 0.20231990514873247 0.12940932588823217
0 0.4649208027578928 0.15482681864952186 0.27299642619541975 0.13893418320799578
0 0.18144117384693254 0.18000863937046754 0.3013173892225425 0.2773802531003719
0 0.6693738133518237 0.2356359786981538 0.35797764192396553 0.2067809627775004
0 0.3730525501976441 0.22575144065159386 0.09793624203690499 0.07624147642635144
0 0.9202537738892846 0.2590714404421969 0.14183743145709188 0.1343836162111037
0 0 0.9062187234374999 0.0188284453125 0.9118722296874999 0.08450460625 0.8981252718749999 0.14586292812499999 0.9332825484375 0.240103446875 0.9253235109375 0.2877905921875 0.9507979671875001 0.4365377171875 0.9285270859375 0.54174434375 0.92107185 0.759786896875 0.90845218125 0.8789101625000001 0.8920191421875 0.9575459734375 0.6393212375 0.7682912359375 0.69346924375 0.5817215546875001 0.7211169453124999 0.4264466484375 0.710749546875 0.2913707 0.74270325 0.2470203640625 0.715441790625 0.02421555 0.7433651 0 0.7652095421875 0 0.9062187234374999
0 0 0.7054158171875 0.0456618640625 0.7191264359375 0.191072178125 0.6986425578125 0.32758970781249996 0.69779993125 0.506854025 0.68469226875 0.6408123296875 0.6384583312500001 0.7093301734375 0.695287859375 0.9605399875 0.629699909375 0.9673026234375 0.60796803125 0.977383478125 0.4348864265625 0.6081734296875 0.47526693125 0.46355682500000006 0.4932002 0.437510215625 0.541157925 0.2728727515625 0.5698132234375 0.20341535781250003 0.55174659375 0 0.58193759375 0 0.7054158171875
0 0 0.508305415625 0.028897176562499998 0.50492290625 0.042098575 0.533987175 0.18671518125 0.5160539046875 0.29415709843750004 0.537159140625 0.41938458437500004 0.5189818734375 0.47023044531249997 0.489626190625 0.7327691749999999 0.46805569062499996 0.9771939453125 0.4381405765625 0.9790658999999999 0.40600037499999997 0.6715566921875 0.396686125 0.226562678125 0.396939003125 0 0.3986622546875 0 0.508305415625