0 0.9046813660698987 0.7397680845238614 0.19063726786020255 0.5204638309522771
0 0.8204828331921622 0.8929765865382088 0.14090919236879246 0.20091519566510668
0 0.8844656923654973 0.7121205173745676 0.1094137305182393 0.1855793557412186
0 0.820925343745469 0.6946982540286948 0.11530126623205454 0.2545203567298017
0 0.6707555685816656 0.8865728058549494 0.25589899269310407 0.22685438829010138
0 0.8431201233734992 0.4902800094659023 0.17598539610167094 0.3319397025851886
0 0.7216753660666033 0.7335923162722537 0.06715231818121907 0.09017401384016459
0 0.945240362012709 0.23145544919950964 0.10951927597458208 0.22795785672980182
0 0.0116476875 0.6672955765624999 0.0149752203125 0.8579298 0.08754040468749999 0.7754118296875 0.14235438125 0.7587099625 0.262541728125 0.5931076546875 0.259334328125 0.5439509499999999 0.344619096875 0.450967346875 0.40372126250000007 0.3208410046875 0.50788860625 0.184275478125 0.645394978125 0.04848985 0.5405277828124999 0.02202481875 0.3784113671875 0.01541908125 0.32646114531250003 0.08505270781249999 0.22100044843750002 0.2543715375 0.16898574375 0.33539466875 0.0857472875 0.44416225000000004 0.0860231515625 0.4951237234375 0.03837126875 0.567069515625 0.0406934453125 0.63381496875 0.0116476875 0.6672955765624999
0 0.401203521875 0.3990879828125 0.312239925 0.536945840625 0.25204563593749996 0.6464398265625 0.1717387171875 0.7534026375 0.15742586249999999 0.8261283265625 0.06968665156250001 0.9184925093749999 0.194863184375 0.9500829484375 0.37886034999999996 0.7089788031250001 0.3941963609375 0.644145103125 0.489638059375 0.5257342546875 0.540635275 0.528425903125 0.6184877531249999 0.420843671875 0.8442047625000001 0.0986629015625 0.6522812078125 0.0527723015625 0.480688515625 0.23084751875 0.49780630937500003 0.3140498609375 0.401203521875 0.3990879828125
0 0.43046692656249996 0.6431202296875 0.401088259375 0.740034321875 0.32323578125 0.84761655625 0.34150899687499997 0.8725848546874999 0.27388241562500004 0.9674802124999999 0.388764084375 0.999017159375 0.5169241171875 0.766722890625 0.711072546875 0.40858472968750004 0.8638402953125001 0.1036182640625 0.8417503203125 0.0980434796875 0.6787510078125 0.32409005468749996 0.54649835 0.5248163640625 0.5000708546875 0.5512684828125 0.43046692656249996 0.6431202296875