0 0.9499700584175341 0.6559931247150569 0.08747669661645893 0.6740793091359685
0 0.9192441224377423 0.7998725995002862 0.13139938962701408 0.21444535956550972
0 0.9336014824294786 0.5863014224310648 0.10610844889756947 0.200635165083434
0 0.8615628282691663 0.5895658632950962 0.10792682845659769 0.278760165083434
0 0.7821603901051729 0.8622598190855912 0.25672800436840293 0.2754803618288175
0 0.8206514600123956 0.3644939422187685 0.16759407560680586 0.3614774898232347
0 0.7722080811189578 0.66466768260783 0.06617182028847246 0.09398237336031982
0 0.853977678761597 0.10889571743353914 0.10454464247680591 0.13344766508343384
0 0.09863441875 1 0.1290235453125 0.9300016859375001 0.180458828125 0.8932317953125001 0.25254099375 0.675394375 0.233712703125 0.6242117734375 0.292601190625 0.49572785937499997 0.312684221875 0.3368068109375 0.3773555296875 0.155413178125 0.44412120312500003 0.0263764734375 0.18181031406249998 0.0447844625 0.15836110781249998 0.1127507546875 0.10268635 0.3294367625 0.0744419609375 0.433663284375 0.022650645312500002 0.5782293234375 0.0390157078125 0.6323481484375 0.0124205296875 0.7254054812499999 0.0358827640625 0.7956064328125 0.018000339062500002 0.8375380609375 0.0340634484375 1 0.09863441875 1
0 0.32321208437500004 1 0.40943319999999994 0.7583386203125 0.40484160156250004 0.6840500359374999 0.4662144890625 0.52499478125 0.5198204875 0.5101794609375 0.5664140046874999 0.368741546875 0.6708862718749999 0.035159659375 0.4694186921875 0.024601190624999998 0.4559517640625 0.02554625 0.363911684375 0.21438724374999998 0.4078725890625 0.29696649218750004 0.334768584375 0.42092126875 0.28623334375 0.59841916875 0.2585104625 0.73576945 0.2091823765625 0.8773992671874999 0.21732256093750002 0.9597289140624999 0.198036675 1 0.32321208437500004 1
0 0.5240974359374999 1 0.5704801890625 0.7719072171875 0.6583251265625 0.32360448750000004 0.7052747703125 0.036961884375 0.6670183203125 0.0349569484375 0.598228153125 0.244920971875 0.5247469437500001 0.504307015625 0.48506394999999997 0.548542265625 0.4420401921875 0.6703861265625 0.4422268390625 0.7836709187500001 0.3956333234375 0.9251088328125 0.42241514843749994 0.945336290625 0.40483002343749996 1 0.5240974359374999 1