0 1 0.814562821875 0.714333134375 0.9990032390625 0.7892152921875 0.9950724421875 1 0.8531824 1 0.814562821875
0 0.167385946875 0.8064448828125 0.39997569374999997 0.68000393125 0.7670980515625 0.45260880625000005 0.9882113796875001 0.30705997812499997 0.981690240625 0.22086115781250001 0.5156906171875 0.49553913125 0.2223437578125 0.686199021875 0.167385946875 0.8064448828125
0 1 0.648691371875 0.5826831718750001 0.9473883953125 0.49885336875 1 0.6744544078125 1 0.896756303125 0.8448372093750001 0.9271491562499999 0.8541959734375 1 0.79852098125 1 0.648691371875
0 1 0.46288631718750006 0.99080706875 0.341370771875 0.8194996453125001 0.451424171875 0.5218371140625 0.6470032421874999 0.0560246625 0.9468672546875 0.0443562875 1 0.2082828234375 1 0.2666652453125 0.9639771578125 0.5126014062500001 0.7867601796875 0.6805181890625 0.6934444656250001 0.924282859375 0.528858925 1 0.47913272031250004 1 0.46288631718750006
0 1 0.48067290468749996 0.5899576359375 0.756095703125 0.4728022890625 0.8389247921875 0.48173801406249994 0.87444480625 0.274046621875 0.99958158125 0.274174753125 1 0.49421107812500004 1 0.8230920812500001 0.7814157374999999 1 0.6465908484375 1 0.48067290468749996
0 0.43330175937500004 0.4200553734375 0.290636934375 0.5167409859375 0.43556782343749995 0.532604740625 0.9806803796875 0.2075124625 0.970567271875 0.073833675 0.57287916875 0.303189565625 0.4521400765625 0.3799452359375 0.43330175937500004 0.4200553734375
0 0.22231342075921018 0.6163182954530476 0.12231133723582169 0.07712733603812652
0 0.9017047687499999 0.037120225 0.9383374984374999 0.0163787421875 0.8889948593750001 0.0155174625 0.874789903125 0.0221032109375 0.7184736546875 0.1241980640625 0.598619 0.212644528125 0.48774628125 0.29592405 0.5074818265625 0.308971609375 0.63398518125 0.2154806828125 0.758155509375 0.122115040625 0.9017047687499999 0.037120225
0 0.801429509375 0.0139890046875 0.6164765812499999 0.13894029375 0.634763325 0.163801128125 0.83548468125 0.0145834390625 0.801429509375 0.0139890046875
0 0.1998696234375 0.5175932359375001 0.3441263 0.4419493734375 0.346673103125 0.41364860468750003 0.24517289999999997 0.46592273593750005 0.10236502343750001 0.5297533234375 0.0072702578125 0.5737674640625 0.0092468296875 0.599894540625 0.0180873125 0.5928577984375 0.1998696234375 0.5175932359375001
0 0.123458806003242 0.811447788960226 0.040879530054229285 0.0444591120127086
0 0.11265259532904932 0.6995517609570486 0.04556703005422928 0.044540932629559826
0 0.11623613758172288 0.6441511948044244 0.07694429508134393 0.06696140340856652