0 0.9592910734375 0.40476985 0.8064210421875 0.070243625 0.7977783828125 0.056685353125000004 0.7680570328125 0.05287013593749999 0.9931530390625 0.5703670562500001 0.9939279531249999 0.5625773578125 0.9946114749999999 0.5038355375 0.9592910734375 0.40476985
0 0.44509679375 0.5437508656250001 0.5810404124999999 0.8538241937500001 0.685338078125 0.9281145125 0.600613878125 0.6870019703125 0.4409400265625 0.3010957703125 0.3125964859375 0.012737331250000001 0.2371721140625 0.009664023437499999 0.44509679375 0.5437508656250001
0 0.8760514390624999 0.5678765796875 0.965165278125 0.7798448859375 0.9727954000000001 0.7750089015625 0.989636971875 0.605711740625 0.9496737953125001 0.5164278515625 0.8252357984375 0.255362203125 0.8383013203124999 0.228815571875 0.7436953828124999 0.049742921875 0.613647565625 0.033049175 0.8760514390624999 0.5678765796875
0 0.9017171156250001 1 0.8464211421875 0.8657303109375001 0.7162480734375001 0.6024418828125 0.65318650625 0.4279826203125 0.5344835812500001 0.1691397515625 0.46786985937500003 0.0190642359375 0.34441863437500003 0.014033984375 0.44731380625000006 0.252006265625 0.587229121875 0.567046515625 0.77488798125 1 0.9017171156250001 1
0 0.95926256875 0.7643523 0.75557596875 0.31189699531250004 0.6083542078125 0.0323696875 0.521830465625 0.0212629625 0.46834500468750007 0.019083596875 0.6986904484375 0.5244335312499999 0.7592166984375 0.6495500125 0.7936178640625 0.648024953125 0.8806792 0.8656707953125 0.9137574374999999 0.862489325 0.9542330218749999 0.9616041937500001 0.97145766875 0.788456228125 0.95926256875 0.7643523
0 0.27387372499999996 0.453562303125 0.3282244578125 0.5808565609375 0.3629425546875 0.606109396875 0.43275075 0.7576679890625 0.46822926875000004 0.6255656640625 0.22475078750000002 0.009157892187499999 0.10364205468750001 0.004223090625 0.27387372499999996 0.453562303125
0 0.5162542312221869 0.8401739442194127 0.07322041868236298 0.11855368182494211
0 0.0366290109375 0.0540310828125 0.054820773437500005 0.1181739015625 0.1277253359375 0.28349857031250003 0.193105103125 0.41220858437499996 0.2549480609375 0.531553078125 0.269932775 0.515650909375 0.2007974296875 0.3797745015625 0.1314459625 0.2460975640625 0.0726668046875 0.09595472499999999 0.0409755046875 0.01033866875 0.0366290109375 0.0540310828125
0 0.025946975 0.16141049999999998 0.12691725468749998 0.38143218125 0.152712234375 0.36914489375000004 0.0330004015625 0.13542581250000002 0.0279754234375 0.14101985156250002 0.025946975 0.16141049999999998
0 0.4584893640625 1 0.420591571875 0.8424683609375 0.3706340546875 0.6934579249999999 0.3446042859375 0.6856594890625 0.3788692890625 0.79032250625 0.41801654062500004 0.9357180609375 0.43620473437499996 1 0.4584893640625 1
0 0.6843582465388696 0.9697380633065042 0.04106135200509069 0.039155341901054186
0 0.577408812539824 0.9583456240671884 0.041134077339272504 0.045405341901054184
0 0.5267730132081876 0.9437764466908707 0.06491702267663584 0.07604784684397004