0 0.19100642031249998 0.903566775 0.20919130312499998 0.9371751250000001 0.23336159687500002 0.9414422421875001 0.02981008125 0.3552460296875 0.0219907453125 0.3981839796875 0.069951421875 0.57504221875 0.19100642031249998 0.903566775
0 0.5762952390625 0.46449270781249996 0.46963129531250003 0.1602406046875 0.37496453281250003 0.08412455468749999 0.43768621406249997 0.3197683140625 0.561266690625 0.6980023421875 0.6612017906250001 0.9779264156249999 0.7311404078125 0.9754841046875 0.5762952390625 0.46449270781249996
0 0.162949403125 0.4219456265625 0.09371211093750001 0.2141281765625 0.051194903125 0.23781656875 0.0357282390625 0.3227479265625 0.08797635781249999 0.46811019218750005 0.1873984109375 0.7247227828125 0.1727270703125 0.749661853125 0.258482009375 0.9458770984375 0.3817079375 0.967631884375 0.162949403125 0.4219456265625
0 0.1703972109375 0 0.21486259375 0.1368771875 0.319636215625 0.39588456875 0.366713515625 0.566465796875 0.460784 0.8206835984374999 0.5185095375000001 0.9829093390624999 0.6319544500000001 0.9789477546875001 0.5512748015625 0.7449177765624999 0.4411736046875 0.4357114453125 0.29052156875 0 0.1703972109375 0
0 0.094503159375 0 0.0724239734375 0.1212423828125 0.0669934609375 0.15423800000000001 0.09818432656250001 0.22928996875 0.2589523859375 0.6734898390625 0.38749125625 0.9686528953125 0.4765449125 0.984374775 0.5182434296875 0.9829186312499999 0.3304346046875 0.471681165625 0.2819297390625 0.348658909375 0.24866351562500003 0.348580759375 0.181849221875 0.1353962796875 0.149727753125 0.1369702328125 0.1056907296875 0 0.094503159375 0
0 0.73419966875 0.5589004296875 0.6918159296875 0.4340614234375 0.6603447796874999 0.40822097812499997 0.6049705765625 0.2593567859375 0.5604238828125 0.38478575312499996 0.7425581875 0.9750853875000001 0.8549404812500001 0.9711609109375001 0.73419966875 0.5589004296875
0 0.5314415312745238 0.176170564165667 0.0846598079967011 0.12002481252120453
0 0.8551598468750001 0.7647812218750001 0.9000182828125001 0.9117889218749999 0.9162959875000001 0.9690183296875 0.9339890437499999 0.9684004749999999 0.9341798718750001 0.9673525906249999 0.9189563453125 0.891225515625 0.8616785015625 0.7289856453125 0.8087789953125 0.60229014375 0.7585526890625001 0.48475877812499996 0.7428670937499999 0.4993765875 0.7988230875 0.6331314921875 0.8551598468750001 0.7647812218750001
0 0.953660834375 0.8603777125000001 0.8701389687500001 0.634854671875 0.8443208906249999 0.64551125625 0.9413341875000001 0.8756167843749999 0.9529500531249999 0.8642807906250001 0.953660834375 0.8603777125000001
0 0.5952061734375 0 0.6233380140625 0.17836361875 0.6597853484375 0.3238863875 0.6842541390625 0.33255360624999997 0.65944844375 0.2303773 0.633133590625 0.0888157546875 0.6154308875 0 0.5952061734375 0
0 0.3790031898917279 0.043854115887098324 0.04497753087881238 0.04371528366526396
0 0.48113399122451134 0.059838725235592694 0.04502299498543501 0.04527778366526396
0 0.5293130784506722 0.0761432823145016 0.07097774122451135 0.07896330290255767