0 1 0.4616604875 0.7814217015625 1 0.805807140625 1 0.8233723968750001 0.9717977828125001 0.9577537078124999 0.6587767796875 1 0.5282180671875001 1 0.4616604875
0 0.34774928437499997 1 0.4616318078125 0.7267132578125 0.6005614328125 0.36458590156250004 0.6728515890625 0.13740191562499998 0.5751243015624999 0.20257386406250003 0.45611642343750003 0.493069009375 0.2746730109375 1 0.34774928437499997 1
0 1 0.3958771671875 0.990232340625 0.32582188125 0.9486968453125 0.29759591875 0.8710266375 0.4964161359375 0.6368362703125 1 0.7574278234375 1 0.8479103734375 0.8209145703124999 0.8342603562500001 0.7945191375 0.9440896999999999 0.5505533921875 1 0.41723485781249997 1 0.3958771671875
0 0.498787175 1 0.557078871875 0.8596830656250001 0.66146131875 0.6175058859375 0.71546450625 0.45323331875 0.830740746875 0.20747900625 0.8959846656250001 0.036508578125 0.7734760859375001 0.0315167359375 0.5923549734375 0.47938749999999997 0.4697095328125 0.7744252078125 0.378737553125 1 0.498787175 1
0 0.6317568625 1 0.764821328125 0.73572390625 0.9436091515625 0.312165209375 0.9778429984375 0.2410452453125 0.9737580687499999 0.20766565781250002 0.9534847328125 0.0622619109375 0.8958453453124999 0.2147596765625 0.8638010046875 0.2096510953125 0.7883343 0.41407071875 0.7550784046875 0.41047712187499996 0.7015845374999999 0.5273435484375 0.49925241875 1 0.6317568625 1
0 0.26257565625 1 0.47522650468750005 0.41563378906250004 0.4358045921875 0.2861072515625 0.374392053125 0.4278888765625 0.341881621875 0.450087546875 0.29443242812500003 0.5694343921875 0.1450485453125 1 0.26257565625 1
0 0.5129067716843644 0.21125310676698286 0.07580358656782167 0.11542868182494201
0 0.08346458749999999 0.9930340671875 0.114313734375 0.90172025 0.165139190625 0.76062249375 0.2268130296875 0.63604921875 0.288191965625 0.5093424843750001 0.2731078859375 0.4930890234375 0.2181168328125 0.60431041875 0.1600805578125 0.72434113125 0.096220575 0.8792010546875 0.0779038109375 0.9531512515625 0.08346458749999999 0.9930340671875
0 0.063337696875 0.8486806546875 0.074487315625 0.8612245875 0.18082967656249999 0.6433270859375 0.155455953125 0.6298907859375 0.0627861140625 0.8447246078124999 0.063337696875 0.8486806546875
0 0.3825287140625 0.2513047578125 0.3535731078125 0.350076703125 0.37838483749999996 0.34416640625 0.42074215 0.20361564531249998 0.45621933124999997 0.0290536859375 0.46095782500000004 0.0201349953125 0.43729737343749997 0.021663326562499998 0.4145963859375 0.11357115625 0.3825287140625 0.2513047578125
0 0.6704241166048885 0.09753014087310237 0.04193452885594055 0.039155341901054186
0 0.5675719351165428 0.10114061912427252 0.04204365626060227 0.04228034190105419
0 0.5188169765863551 0.1124163587441492 0.0650099303072194 0.07442167984777566