0 0.47396966413892044 0.9716476495075689 0.0033249878997516193 0.03444773518236133
0 0.7341895466524778 0.9546549455760063 0.04402271077238851 0.047893292553055744
0 0.7959128418320176 0.9524371757243741 0.03937157220870695 0.054034189779513755
0 0.7163122211241211 0.8050913566701731 0.04084316861791084 0.03844555737069442
0 0.7938923204601911 0.7626661609067356 0.03775453005422946 0.044622822188333446
0 0.8438473895456401 0.6349580817845479 0.03954428903121965 0.08372168977951393
0 0.768588314311871 0.6812349761612146 0.040861349336070066 0.041570557370694414
0 0.7564206332991242 0.4901378506862494 0.08033291549465282 0.11279224715020834
0 0.7472678262157277 0.5864316224377424 0.04875566256778665 0.05581489532659738
0 0.7250019407753042 0.6541282687142702 0.03486587939029935 0.08517508700597212
0 0.8696473411446466 0.49687620032565893 0.045912463699254856 0.10417966014423605
0 0.8006842385871227 0.40083830813319377 0.048792024004104914 0.0620648953265972
0 0.8260473320694601 0.4721132428787146 0.03646474082661797 0.09146145459715278
0 0.6995267804470128 0.19931413535552026 0.04576701795398073 0.07917966014423614
0 0.7660597745932802 0.31025032893475635 0.08807269262201593 0.10047408510611114
0 0.7659057593697739 0.20245601273034658 0.04884656615858276 0.0714398953265973
0 0.8414057291191529 0.11477286835367986 0.17381020472226433 0.06809930262104177
0 0.6085462146812134 0.5310745880528119 0.06131124648395847 0.3341944684648611
0 0.21132123585664814 0.6004682062126735 0.05677724082661788 0.09193423328249999
0 0.18895639822804303 0.4166387200803817 0.04792948165323567 0.18234102773541672
0 0.31993316657480736 0.5948156586256247 0.03154089149054773 0.05072735182361114
0 0.27321672697785354 0.7029197525654511 0.033085210772388504 0.04763871941479181
0 0.2685070219610016 0.5725782891345832 0.03163179508134393 0.06635235182361114
0 0.3039041664766115 0.5303537683330205 0.030269282981095547 0.10069098423243047
0 0.34379336827200957 0.5216138947579164 0.030142017953980905 0.07881598423243048
0 0.29476954011137424 0.6235225400845137 0.028297716822512697 0.030342116641249993
0 0.25873607046019115 0.775122060886076 0.02519998789975162 0.034956881458888846
0 0.1667440131804029 0.743673998765729 0.0792976563212707 0.20338087955902787
0 0.24111275410521663 0.7161652881846525 0.04569429508134393 0.06667966014423624
0 0.3211855526044061 0.9166179234432636 0.09772949375348405 0.14912979065319476
0 0.433645166869395 0.7866738906738538 0.09228853571156996 0.2880468202884721
0 0.4284365338648583 0.4735562948341663 0.14827491529826115 0.24404355357097246
0 0.4642069039835796 0.23291245782819403 0.09336015632127079 0.20370818787965286
0 0.32849211778103027 0.1977951882609025 0.12609993344863374 0.19197190729444458
0 0.20072618696467517 0.1390585807377082 0.048882927594901295 0.07768989532659729
0 0.2280512353656688 0.2759039640964581 0.03936248184962743 0.05247168977951393
0 0.30465866628021976 0.4006662683330206 0.12731699980360833 0.13263327488562507
0 0.5325871817983138 0.6976639824294788 0.06936918617910823 0.3765638064207639
0 0.14218645000000002 0.9904874234375001 0.17835124687499998 0.847072121875 0.1252237765625 0.8573031765625 0.08877901875000001 0.9319288890624999 0.07929243124999999 0.9908535171875 0.14218645000000002 0.9904874234375001
0 0.21141301562499998 0.775773371875 0.1592958390625 0.990387834375 0.1999603 0.990151134375 0.2524307078125 0.788763696875 0.21141301562499998 0.775773371875
0 0.6448099258463854 0.7427017658644786 0.06456246974937904 0.08742857123840295