0 0.8524491881430256 0.8769189518337661 0.04863748789975162 0.03691350180902262
0 0.9142633869133615 0.857278159206141 0.04398634933607006 0.042917840343633176
0 0.8032445945624922 0.7428205907979183 0.048710210772388504 0.049413501809022264
0 0.8707729830279778 0.680705693127339 0.045603391490547554 0.05237472749876275
0 0.8918899798065241 0.5413599101106522 0.056786331185697494 0.09513543758467105
0 0.8259013654433393 0.6072991706261017 0.05028180113146803 0.05105788896415202
0 0.769970048891973 0.4212255517883377 0.1022988190854491 0.1318851650834338
0 0.782678606269957 0.5189670109697347 0.06131020472226432 0.06725609905006032
0 0.7760059045727548 0.5919508095902538 0.05209883118569749 0.09488977611928177
0 0.885685952482769 0.39954090230873607 0.0662795058537327 0.11593926051544959
0 0.7939847866935287 0.32077849446139145 0.05821247579950324 0.0717798247398008
0 0.8357814012531051 0.3857550412728881 0.05526019262201594 0.10130355042954128
0 0.6458068828081449 0.1496924677762827 0.06300906010845857 0.09077548620519008
0 0.7382120305452087 0.2416951820460625 0.10692268657189175 0.12119332654882316
0 0.7130580153217022 0.1352338201057034 0.06453519867214012 0.08460737336031983
0 0.7691312742004968 0.041255805914408715 0.18651019262201593 0.08251161182881743
0 0.6312751875538504 0.49956631501732074 0.12700896935659553 0.35186347241038013
0 0.24600933236404782 0.6728355551792398 0.07401928298109554 0.10384869629109836
0 0.18064392847866406 0.4974095092722541 0.08236811416679295 0.19644563206674698
0 0.35398545882748095 0.6390603414752869 0.04094316256778665 0.056816566033373664
0 0.33299118189650956 0.7573123744919735 0.04093407220870695 0.05525406603337366
0 0.29780363652057806 0.6302895290599579 0.04415906615858276 0.07260534034363317
0 0.32387123283158603 0.5797196410003169 0.04904655405833438 0.10722600180902227
0 0.36147577196100167 0.559785599277203 0.044240879390299345 0.08666784034363317
0 0.33582126610726915 0.673595793759279 0.03458407825883123 0.03773901741285464
0 0.33411734466068793 0.8322304873368438 0.031486349336070064 0.042262743102595125
0 0.2349667723537851 0.825711571687583 0.1184510599120669 0.22332903663473153
0 0.3024042572284745 0.7792216740170037 0.058257927594901206 0.0795923247398008
0 0.4272991972182118 0.9249735080290588 0.11935905405833439 0.11091092378986112
0 0.5139502904059619 0.7978134644969224 0.14864762002052548 0.3123848925821967
0 0.43607177186280577 0.4910522094085398 0.19531354176169433 0.2789040072360892
0 0.41564213895646496 0.24376112958035626 0.13253174063022613 0.22719102103089917
0 0.2711472503927835 0.2450856914298583 0.1637544695529872 0.2241412641334942
0 0.12914610275391564 0.2205061725466657 0.06613406010845857 0.09093926051544958
0 0.18776660295030734 0.34708196065173513 0.048782933645025485 0.06191350180902226
0 0.29338027781473414 0.450888634102912 0.1540249455488821 0.16271244120271575
0 0.5927070703619953 0.6851253567404347 0.14288849941082482 0.3964323439616777
0 0.2687873265625 0.9856085531250001 0.270117996875 0.924623815625 0.21895273906249998 0.9485658734375001 0.2095519140625 0.98871295 0.2687873265625 0.9856085531250001
0 0.327270065625 0.982543603125 0.331283046875 0.8477599140625 0.28695271718750004 0.8456222515625 0.28515463125 0.9847507796875 0.327270065625 0.982543603125
0 0.7160218505144205 0.6997500214851844 0.08339428298109546 0.1043400192218769