0 0.80546875 0.9742201698944569 0.04375 0.031504530054229464
0 0.86953125 0.9707224651721926 0.0390625 0.03616475897699019
0 0.7796875 0.8274951608192709 0.040625 0.040861349336070066
0 0.85859375 0.78094234768575 0.0390625 0.045539758976990544
0 0.90625 0.6462900917338217 0.0421875 0.08774543969514959
0 0.8296875 0.696735519328723 0.04375 0.040879530054229285
0 0.8078125 0.4960815343558377 0.0828125 0.11766928903121965
0 0.803125 0.5961088054330765 0.0515625 0.05811248184962743
0 0.7828125 0.6696644801011116 0.0359375 0.08770907825883115
0 0.92734375 0.501636121886247 0.046875 0.1080852107723885
0 0.85078125 0.40130029948114815 0.05 0.06435339149054772
0 0.88125 0.47534178747909567 0.0390625 0.09553975897699055
0 0.73671875 0.19337014569396024 0.0484375 0.08309430113146817
0 0.8109375 0.30700085363767843 0.0921875 0.10522383118569749
0 0.80625 0.19374687471491725 0.0515625 0.07373748184962739
0 0.88203125 0.10033724229955579 0.1828125 0.06825107201231528
0 0.65546875 0.5414990943661003 0.0625 0.3488011143631848
0 0.24140625 0.6220330395221991 0.0578125 0.09564884328594588
0 0.20859375 0.429255187062871 0.0484375 0.1909068011314682
0 0.3546875 0.6135614884889268 0.0328125 0.0533158975406721
0 0.31015625 0.7278830637226958 0.034375 0.04863748789975162
0 0.3 0.5912234010567134 0.0328125 0.06894089754067209
0 0.33515625 0.547268867977422 0.03125 0.1033068071815924
0 0.3765625 0.536090473461812 0.03125 0.08143180718159222
0 0.3296875 0.6441756842342007 0.0296875 0.0314227168225127
0 0.29765625 0.8037370365953329 0.025 0.03764544574527377
0 0.2 0.7730551840378089 0.08125 0.21141019867214011
0 0.2765625 0.7429222564429077 0.046875 0.0690227107723885
0 0.36953125 0.9361313800776705 0.0984375 0.12401019262201593
0 0.4828125 0.8120348290443982 0.0953125 0.3005545119038565
0 0.46328125 0.48480470853289337 0.1546875 0.2540249455488821
0 0.48984375 0.23152517242853982 0.096875 0.21150110226293634
0 0.34609375 0.19720523546386468 0.1296875 0.1991919998036083
0 0.21015625 0.1378398467037914 0.0515625 0.08154998184962739
0 0.24453125 0.2806086088040398 0.0390625 0.05335225897699045
0 0.3296875 0.41058193423420064 0.1328125 0.13671018052176756
0 0.5828125 0.7177030460633025 0.0703125 0.39415906615858276
0 0.1262460640625 0.9718326234375001 0.12294899687500001 0.999284703125 0.1918872546875 0.9988836328125 0.21670067343750002 0.8811723296875 0.161335375 0.8928790937500001 0.1262460640625 0.9718326234375001
0 0.252601803125 0.9985304062499999 0.2920174515625 0.8186463453125 0.24837889062500002 0.8057709359375 0.20948083281250002 0.9987812765624999 0.252601803125 0.9985304062499999
0 0.70234375 0.7631013835937118 0.0671875 0.08945338544042372