0 0.95586 0.744445 0.9974999999999999 0.71111 0.99475 0.6916675 0.4530825 0.9974999999999999 0.49474999999999997 0.9974999999999999 0.6614175 0.9180550000000001 0.95586 0.744445
0 0.3544725 0.6097225 0.69614 0.425 0.9974999999999999 0.25139 0.9974999999999999 0.180555 0.46975 0.45138999999999996 0.19614 0.606945 0.139195 0.71111 0.3544725 0.6097225
0 0.42391750000000006 0.9958325 0.55586 0.919445 0.7850275 0.7791675 0.8114174999999999 0.78889 0.9974999999999999 0.66389 0.9919724999999999 0.5458325 0.4989175 0.8555550000000001 0.3114175 0.9583325 0.34336 0.9974999999999999 0.42391750000000006 0.9958325
0 0 0.9333325 0.000195 0.9722225 0.21686 0.8555550000000001 0.44741749999999997 0.7097225 0.6029725 0.6347225 0.8307499999999999 0.5 0.9974999999999999 0.40416749999999996 0.9974999999999999 0.2833325 0.7428049999999999 0.42638999999999994 0.4650275 0.58611 0.03075 0.830555 0 0.9333325
0 0.22102750000000002 0.8875 0.2279725 0.9180550000000001 0.07936 0.9974999999999999 0.2585275 0.994445 0.325195 0.95139 0.723805 0.719445 0.9974999999999999 0.5361100000000001 0.9974999999999999 0.40416749999999996 0.51825 0.68611 0.40852750000000004 0.7541675 0.4140825 0.7861100000000001 0.22102750000000002 0.8875
0 0.26825 0.4597225 0.39602750000000003 0.480555 0.9974999999999999 0.168055 0.9960275 0.051390000000000005 0.5335275 0.2833325 0.4210275 0.3458325 0.40158250000000006 0.38055500000000003 0.26825 0.4597225
0 0.20078125 0.5453125 0.10390625 0.059375
0 0.9416675 0 0.8208325000000001 0.0479175 0.675 0.13125 0.5625 0.2041675 0.45833250000000003 0.27291750000000004 0.475 0.2854175 0.59375 0.20833249999999998 0.7104174999999999 0.13125 0.84375 0.0625 0.9708325 0 0.9416675 0
0 0.7875 0.01875 0.5833325 0.1395825 0.5979175 0.1625 0.8020825 0.029167500000000002 0.7875 0.01875
0 0 0.5291675 0.0208325 0.5145825 0.1875 0.45625 0.32083249999999996 0.3958325 0.325 0.3708325 0.23125 0.4125 0.1 0.4625 0 0.5020825 0 0.5291675
0 0.1 0.71328125 0.03359375 0.03515625
0 0.09765625 0.61328125 0.0375 0.03515625
0 0.10546875 0.56484375 0.06484375 0.05390625