0 1 0.6861926281249999 0.52995479375 0.9916643859375001 0.5611353218749999 0.9911201281249999 0.5726588968749999 0.9905154640625 0.7265764296875 0.9054337406249999 1 0.72011296875 1 0.6861926281249999
0 1 0.1791737140625 0.9960297984375 0.13373860625 0.48747485 0.4352648640625 0.220086421875 0.610200228125 0.1708955765625 0.7205289046875001 0.38316772656250003 0.6045160734375 0.717923121875 0.395875184375 1 0.20895305937500003 1 0.1791737140625
0 1 0.5281473015625 0.5538357015625001 0.8498482109375001 0.370255390625 0.9657933312500001 0.3968204015625 0.9939882546875 0.4985204875 0.9922130734374999 0.6181446562499999 0.9125611656249999 0.8412023671875 0.7557548546875 0.8692169984375001 0.7643417593749999 1 0.6635983734375 1 0.5281473015625
0 1 0.24350553125 0.7660391375 0.394788253125 0.4947395375 0.574237090625 0.0701162078125 0.8493700499999999 0.060474354687499995 0.8956853499999999 0.068397790625 0.9863613843750001 0.26376374999999996 0.8650688265625 0.4877511484375 0.7024676828125 0.6409780328125 0.6168481109374999 0.8631060578125 0.465836634375 1 0.3753327859375 1 0.24350553125
0 1 0.375726921875 0.5584717765625 0.6743322359375 0.4517550390625 0.7503300578125 0.4603418921875 0.7829205875 0.27092390312500003 0.8977368015625 0.280815415625 0.9288236515625 0.1686617171875 0.9979707796874999 0.33360653125 0.9950916578125 0.383799721875 0.9579013625 0.7728667687499999 0.69756401875 1 0.5230893546875001 1 0.375726921875
0 0.9840904296874999 0 0.537943634375 0.25877917968749997 0.42787044218750003 0.32920448593749996 0.4109970703125 0.36600657187499996 0.280999090625 0.4547181109375 0.41428168750000005 0.46927351718750004 0.994910846875 0.1209333 0.9843434765625 0 0.9840904296874999 0
0 0.21944927860567268 0.5466726282480586 0.11125176051544958 0.06750687418757337
0 0.81411029375 0 0.8122308203124999 0.00087520625 0.6697524078125 0.0945498640625 0.560616528125 0.1757017765625 0.459674940625 0.252112884375 0.47794071718750003 0.26408435468749997 0.59312921875 0.17830401875 0.7061762703125 0.0926386359375 0.8371115609374999 0.0146537046875 0.8628478671875 0 0.81411029375 0
0 0.73510766875 0 0.576229959375 0.10807624062500001 0.5932913734375 0.130886696875 0.768008434375 0 0.73510766875 0
0 0.026448651562499998 0.504670321875 0.026661281250000002 0.5087275484375 0.0282701453125 0.5271394203125 0.0314874140625 0.524557253125 0.197642203125 0.4555000734375 0.32932720625 0.3860948796875 0.3313637578125 0.3601281953125 0.2386989390625 0.40809105937499995 0.1082182984375 0.46665726875 0.026448651562499998 0.504670321875
0 0.13104627713533462 0.7249397244324548 0.03798467887824382 0.03968979139585791
0 0.11943266847433587 0.6227050685882561 0.041109678878243815 0.03974433847375849
0 0.12298039235505405 0.5710334744324548 0.0702173247398008 0.05898526217486477