0 0.03667525446093158 0.4896801235365668 0.056331820616851026 0.00501475292686635
0 0.06295493100141149 0.7418966085094523 0.04761138555165918 0.042460210772388506
0 0.06475893871204924 0.8004858133299123 0.050654564934808154 0.037790891490547554
0 0.20715889853400737 0.7223057502945875 0.0381545649348082 0.037718168617910844
0 0.24751689163414853 0.7962972413175973 0.041225017856907444 0.03461134933607006
0 0.37022373457213387 0.8432444433093871 0.08036933847375849 0.0395261083130606
0 0.3259867650109431 0.7708381781840765 0.03820911201270878 0.04084316861791084
0 0.5109248266993405 0.7572609706331417 0.1091489034085665 0.0771897347764936
0 0.4186009590045887 0.7499848018188392 0.052407979707460584 0.04873748184962743
0 0.3525941294592839 0.7284915969001832 0.08182274431795715 0.03328519867214012
0 0.5034589744258643 0.8666905127876194 0.10073638555165906 0.04276928298109546
0 0.5968174622509996 0.7989530460633025 0.05704093262955982 0.04563975292686635
0 0.527722588874205 0.8243575670423455 0.08812729139585791 0.03644656010845857
0 0.7904117292971281 0.6993792511783503 0.07579093262955983 0.04574883723582168
0 0.6837310811635673 0.764850235954844 0.09678527110331832 0.08492951190385671
0 0.788404944394092 0.7634599318965096 0.06959547970746058 0.04883747579950324
0 0.871704413955283 0.8356389380448297 0.06541826866768616 0.1675511143631848
0 0.47250543465485945 0.615282548891973 0.3212943474022122 0.058113523611321584
0 0.40722966761202617 0.23281093735745864 0.08845457386326191 0.05519656010845857
0 0.5841779512972463 0.209122931601922 0.17576365909060954 0.04476812021691714
0 0.412181994721699 0.33748025663929937 0.047393197240056396 0.02996021077238851
0 0.3090745856310894 0.29432567515901437 0.04429547077900677 0.031504530054229284
0 0.43397912824476326 0.2881296964326449 0.06301819724005639 0.030051114363184705
0 0.4744092593321955 0.32149164227611465 0.0958306972400564 0.030242011903856714
0 0.48288996103647885 0.3597274404807166 0.0755181972400564 0.030123837235821682
0 0.3852103916374438 0.3141972927436529 0.028615923701106105 0.028288626463433088
0 0.23929787378053638 0.28066769613805737 0.03481137662320544 0.02519998789975162
0 0.269774532060367 0.19141884377692517 0.19662162986961632 0.07613629488495226
0 0.29523422808260746 0.26237169321119114 0.06479888555165916 0.042560204722264315
0 0.08959392856907479 0.34326366578924045 0.16567163879807006 0.09314198770335987
0 0.22741330275664823 0.4502853045493137 0.2780898181812191 0.0891089935570923
0 0.5280581850618965 0.4407229104264873 0.23529439204448083 0.14354196350286302
0 0.7606621793798537 0.4721854921031641 0.19686709172016953 0.09019879488495217
0 0.795089952108025 0.3407218686647931 0.18488528896022594 0.11981357201231528
0 0.8523239793004235 0.2177201850197676 0.07584547970746058 0.048873837235821685
0 0.7207700162320544 0.2458320703619953 0.05062729139585791 0.036228391490547726
0 0.5994092593321956 0.3207644135497453 0.1255921095770768 0.1241556383672898
0 0.3118758518631438 0.544334765518094 0.3620829886359143 0.06772487294739164
0 0.008651368750000001 0.1651337625 0.1697090609375 0.20393979375 0.160141278125 0.1528106671875 0.0883829 0.1184954109375 0.008651368750000001 0.10657261874999999 0.008651368750000001 0.1651337625
0 0.23827817968749998 0.235029334375 0.0086513671875 0.1818502890625 0.0086513671875 0.2206626296875 0.22552113281250002 0.27473859218749996 0.23827817968749998 0.235029334375
0 0.2684588628201925 0.6531921359314029 0.08390344155801355 0.06298178903121983