0 0.7434478609374999 0.965840515625 0.7722674265625 0.923206909375 0.926480634375 0.6090411828125 0.9904997078125 0.4442644984375 0.9874481812499999 0.40075872187500006 0.7218192296875 0.9678538187499999 0.723618125 0.96791835 0.7434478609374999 0.965840515625
0 0.43202974843749997 0.69599439375 0.5941140359375 0.33320725 0.681120746875 0.10620695312499999 0.5801569093750001 0.1744206328125 0.442671315625 0.4657489015625 0.219032153125 0.9958721 0.2890563734375 0.9946498234375 0.43202974843749997 0.69599439375
0 0.9788044046875 0.2775239125 0.94240691875 0.2531356546875 0.85204184375 0.452374109375 0.574651865625 0.9804634390625001 0.6400311671875001 0.9766769015625 0.695535303125 0.9708609718749999 0.806879703125 0.7733891453124999 0.7952216765625 0.74790126875 0.9204426390625 0.5028386031250001 0.9851744468750001 0.368341946875 0.9788044046875 0.2775239125
0 0.786682128125 0 0.5781085140625 0.446777625 0.43671914999999994 0.7427328953125001 0.319634240625 0.994116084375 0.43652240000000003 0.99207579375 0.51710050625 0.823319803125 0.63682113125 0.5802403093749999 0.701443434375 0.41603096875 0.8321647390625 0.16898512968749999 0.9073296921875 0 0.786682128125 0
0 0.7760771171874999 0.37447205625 0.7434941875 0.37226397499999997 0.6826385937499999 0.48969132968749995 0.436631903125 0.9920738828125 0.504375403125 0.990891415625 0.5667546203125 0.9843550890625 0.730719240625 0.6926964812499999 0.9363812359375 0.26771132343750004 0.9733257046875 0.1994137875 0.9611463406249999 0.025771926562500002 0.8959349781249999 0.1735500640625 0.86465240625 0.1697988984375 0.7760771171874999 0.37447205625
0 0.46686826875 0.38859855468750004 0.43686868749999996 0.2624177875 0.36648034375 0.40473981718749996 0.33285754375 0.42794331874999997 0.2777985015625 0.5475744078125 0.0925435625 0.9980799671874999 0.2070762953125 0.996080790625 0.46686826875 0.38859855468750004
0 0.5184794444006827 0.18542188799058645 0.07068642126547413 0.11213753571381498
0 0.06079559531249999 0.861095575 0.0230952984375 0.9809630078125 0.024379346875 0.999269778125 0.0301955671875 0.9991682546874999 0.0771067890625 0.8825813421875001 0.13699643749999998 0.74135940625 0.20645794374999998 0.616001225 0.27577521250000003 0.48855044843749995 0.2620032 0.4731242703125 0.2000582375 0.58504353125 0.13450050156249999 0.7057747140624999 0.06079559531249999 0.861095575
0 0.136437971875 0.6127945734375 0.029051764062500002 0.830685825 0.0405781109375 0.8442370718750001 0.16056191875 0.6250283265625 0.136437971875 0.6127945734375
0 0.45702311562500003 0 0.42781095156250004 0.0930802421875 0.38667068125 0.230229840625 0.351285159375 0.3288225 0.37618631874999997 0.32199531718749996 0.42767852343749996 0.1816532984375 0.47472030312499996 0.00803909375 0.47945359062500004 0 0.45702311562500003 0
0 0.6806539362830077 0.06700135024817659 0.03971706493480802 0.038181838473758486
0 0.5797635921272064 0.07501049351047354 0.03977161201270896 0.04130683847375849
0 0.5311215405850789 0.08757472321793407 0.06216480925276535 0.07137616801906325