0 0.5989733103048503 0.07708801785115413 0.017542024004105095 0.06193855787839035
0 0.8398886809145509 0.17552333077945478 0.05031816256778683 0.05759966837349917
0 0.8968290273237548 0.1944700228304773 0.047211343285945874 0.06054265785015547
0 0.7844012293155446 0.30983814662094006 0.04557612041330898 0.04795165258848364
0 0.8473506812091387 0.37055510971864997 0.044031801131468026 0.050985647326811726
0 0.8637745910464506 0.5028061675970402 0.05519656010845857 0.09068518415851479
0 0.8031916150505557 0.43831946239183817 0.048701120413308985 0.04813366311182747
0 0.7451195189359396 0.6139040203408157 0.09757495764913067 0.1259548262236546
0 0.759718350121637 0.5225355676958623 0.058167024004105096 0.06430469468185826
0 0.7562211662802198 0.4519955545416828 0.04893746974937905 0.08875866311182748
0 0.8543945249860638 0.6374618886578451 0.0646806444174139 0.10998121572854576
0 0.7648865973911625 0.7088370887425498 0.05820338544042354 0.07055469468185827
0 0.8066519165748074 0.6495299781768538 0.05367042154477701 0.09684417889684287
0 0.6201593837901036 0.8684333546687396 0.059856789031219645 0.08627069994353036
0 0.7097445794371816 0.783776904584035 0.10377950585373252 0.11850634727034208
0 0.6833679109174666 0.8846190677664495 0.0613829275949012 0.0801117052052021
0 0.7335810134749905 0.9662174707431624 0.1771170119038567 0.06756505851367507
0 0.6150552899149825 0.5367738309912162 0.1237657946885605 0.3320984104104042
0 0.25421830474570545 0.36414361291418323 0.07243860226293633 0.10106124203690507
0 0.18761609114464656 0.5282901419239656 0.08231357201231529 0.18754477360693614
0 0.3563984282822723 0.3982294575536894 0.03937157220870695 0.05540013154179624
0 0.339079638956465 0.2854641470444631 0.04092498184962743 0.053928636803468065
0 0.3032143409482548 0.40529152865684653 0.04257838544042354 0.0696446420651398
0 0.3255933349963265 0.4542673549510883 0.04901928298109555 0.10282116311182729
0 0.36064959104645067 0.4735024733387049 0.044213608313060516 0.08223564732681173
0 0.3401739854638647 0.36602390230613496 0.03457498789975162 0.03637711575678067
0 0.3426137051150478 0.21533365756780679 0.03303975897699045 0.040973610495108836
0 0.24802791296057008 0.21920283923665992 0.11525333703942993 0.21133088410204498
0 0.3118449732654204 0.2651215549652058 0.05666815651766246 0.07515118942018653
0 0.4409608224050987 0.10227148642229737 0.12745335518980258 0.16049642619541976
0 0.5127716690106943 0.25181573109003835 0.14700330678880888 0.299088489335482
0 0.42903143150372614 0.5407879548522663 0.18742831888905725 0.26707962613895014
0 0.4042258324622437 0.7745791259271886 0.13090560811666876 0.21692843671876344
0 0.26592640174408444 0.7696501602692299 0.15901242739850954 0.2154415314288567
0 0.13138777528065132 0.7899487077654509 0.06299087939029935 0.08801521046687384
0 0.19069511846840131 0.6707051550781452 0.04563975292686626 0.05888915258848364
0 0.29440644662903664 0.5759302523484873 0.14773858411256366 0.1569919945971538
0 0.5848234101318998 0.35995372575777934 0.14120782474278978 0.37684946828879456
0 0.28434410468750004 0.12606817343750001 0.285138009375 0.0166073984375 0.22119595625000002 0.012883196874999999 0.22021613593749997 0.0230480984375 0.23641523125 0.10225686249999999 0.28434410468750004 0.12606817343750001
0 0.301122375 0.017538381250000002 0.2981513140625 0.201272528125 0.3403089984375 0.2002293515625 0.3401796015625 0.01981320625 0.301122375 0.017538381250000002
0 0.7021154492613153 0.348810370383168 0.07866133118569749 0.09673776308359247