0 0.4289336737019923 0.969707733156905 0.004143844499482086 0.022002333992388757
0 0.694468782469498 0.9440724273019556 0.045787688998963995 0.04553267589344294
0 0.7563694689872625 0.9376513309522772 0.04131851282028158 0.05002917490485999
0 0.6764551447516602 0.7950910992410659 0.04237159057054054 0.039155341901054186
0 0.7542376964470713 0.749034499925638 0.039537688998963996 0.04527800790866543
0 0.8064445134439634 0.6159063235379033 0.04299232878371626 0.0859666749048598
0 0.7291885006236818 0.6673998393552342 0.04407963978475245 0.04234400889724874
0 0.7179000519048081 0.4744775103057613 0.0849272717116218 0.11574701680591382
0 0.708700526264245 0.5715435112943444 0.052547111248705036 0.05672484387822045
0 0.6858944189444813 0.6426518487467743 0.0399401033908223 0.08740184091247105
0 0.8332339534763846 0.47601615258737623 0.05011562406898662 0.1049713428896375
0 0.7635636164205006 0.38138408490660985 0.05127570967712849 0.06291117688202616
0 0.7899034844936312 0.45204941197891646 0.040231201819245575 0.09365184091247088
0 0.6636493153442622 0.18271577464021727 0.05051373035529281 0.08003500988583179
0 0.7295396809361934 0.29153767631337246 0.09379284946188057 0.10519151878308027
0 0.7307276534336034 0.18232184380385844 0.05334763192686935 0.07391234387822054
0 0.8075684433421901 0.08951757848081923 0.1796190334984459 0.07281937056996624
0 0.5682788875129499 0.5226815414461312 0.07509431513486522 0.3399193458553869
0 0.1639316817647629 0.6155746259699926 0.062106201819245574 0.09454317885919253
0 0.14212311001035993 0.4308786323957833 0.055462403638491156 0.1862850098858317
0 0.2744518048002922 0.603273602738288 0.035141287427387445 0.05133700692008212
0 0.22635244499932922 0.7151806951336338 0.03499573821317572 0.048212006920082116
0 0.22230926199622125 0.5843445306088974 0.03586903349844599 0.06696200692008211
0 0.25794070099518523 0.539225690190718 0.03434507485477489 0.10120967292769337
0 0.29903873594137337 0.5274140982896638 0.03332623035529281 0.07933467292769336
0 0.24885033726528089 0.6339479411793011 0.02958049214211709 0.03239600593149898
0 0.21121328846535398 0.7890956976050918 0.026673815963434676 0.036956171939110403
0 0.11728350600036523 0.7632918843729495 0.08765847353086734 0.20787084980971962
0 0.19288497353537654 0.730580202053716 0.048441808105551855 0.06903384288963732
0 0.27448592225425017 0.9206375162744413 0.10149834160399784 0.13669618676785794
0 0.38964650351916585 0.791962076540834 0.1057235769216895 0.2943813527754692
0 0.38570613606520787 0.47475733049516666 0.15986311331561964 0.2513608646384672
0 0.4221317493808274 0.22842615855605636 0.10328347353086738 0.20850751977166349
0 0.2853787661300505 0.20124818771926 0.13395127667402046 0.1972808596955513
0 0.15529531389652013 0.1480661323957833 0.053711504962398716 0.08172484387822054
0 0.18244851116765173 0.28497854197760386 0.04153683664159913 0.054716674904859805
0 0.2594026552956302 0.4073854411793011 0.13580056699689197 0.13653436068413444
0 0.4907424307313056 0.6973897227767816 0.08650700413382921 0.38405134783255335
0 0.037147434374999996 0.9576585453125 0.0306430328125 0.9968535749999999 0.09622558125 0.9941812921875 0.12874679375 0.8668652015625 0.074654328125 0.880065803125 0.037147434374999996 0.9576585453125
0 0.1548777265625 0.9917914 0.20443250000000002 0.8038103046874999 0.162793415625 0.7928253140625 0.11336731093750001 0.9934828203125001 0.1548777265625 0.9917914
0 0.6043297417323416 0.7364283650583967 0.06970037799792798 0.09017401384016441