0 0.6772888984375001 0.4345214171875 0.673422190625 0.4228237 0.6202665921875 0.42403575312499997 0.5822466015625001 0.45522978593749996 0.5966504593749999 0.47114287499999996 0.6494055234375 0.47267083125 0.6760179828124999 0.4622903515625 0.6772888984375001 0.4345214171875
0 0.7439154168639673 0.5398942632715108 0.03702863855894449 0.03896434091247105
0 0.6877790771305239 0.5460925251345088 0.04019910266556703 0.040654174904859806
0 0.6297165245440992 0.5398544539937014 0.04162521034569906 0.03603034190105418
0 0.6386345349689405 0.6044117025108265 0.0322956744523216 0.03721083992388792
0 0.6075065554229117 0.5829969589366172 0.03211381802583091 0.030960839923887918
0 0.6119954786215921 0.6297446249442284 0.03202288981258548 0.02783583992388792
0 0.5577937119285445 0.6217848863129349 0.033858174452321775 0.037274506920082294
0 0.5191965616911178 0.531842977225406 0.040471887305303156 0.05002917490485963
0 0.36137701616432205 0.7799660953239143 0.03086956677218975 0.04183467292769336
0 0.8839898697543258 0.16578164813875199 0.036710389812585474 0.028026840912471006
0 0.8533309031404208 0.18736748806263984 0.04488660266556721 0.04084517589344294
0 0.7681830133278351 0.16424300585713697 0.05136392319868044 0.04891234387822054
0 0.8741495199917526 0.25769723410830714 0.046494566772189924 0.04247134288963732
0 0.6984448263391011 0.24060918768207892 0.06551735141192587 0.052610346843970035
0 0.6884463860516619 0.03139335517256494 0.06841503087881229 0.04492518083635884
0 0.5582122829238765 0.3135903843357686 0.03372178213245362 0.03258700692008221
0 0.5457169799417403 0.15297121931674057 0.04663095909205772 0.04715884288963732
0 0.944426230733163 0.44177380376623987 0.04631271034569906 0.03622134288963732
0 0.32868625580598776 0.24785393228205255 0.03868206677218975 0.04215300790866543
0 0.41110658003351785 0.6879895009514021 0.05007420783841656 0.05822367688202625