0 0.428433403125 0.5349819171875 0.3890457140625 0.5598242109375 0.3724989125 0.6077715 0.3820028296875 0.614932784375 0.4076004578125 0.6224324390625 0.42476411093750005 0.6014738078125 0.43870520468749996 0.5530366421874999 0.428433403125 0.5349819171875
0 0.4589706619365739 0.7082386781467382 0.03651024431795715 0.033858174452321775
0 0.4809235284135096 0.6596336935861447 0.0365920649348082 0.03854567445232178
0 0.4920479890462467 0.604460460279192 0.03349433847375849 0.04001724623907634
0 0.5478343388840908 0.6326596681176084 0.03489319724005639 0.03068771034569906
0 0.5367156067409984 0.5979436873179385 0.027053423701106104 0.028897889812585474
0 0.5778218478125445 0.6163359861434394 0.02710797077900686 0.03202288981258548
0 0.5873156245979059 0.5650235387298641 0.031795470779006865 0.03215928213245363
0 0.5165042926169691 0.5019946898252209 0.04591251785690744 0.03569345909205772
0 0.7873310357171102 0.4356184982176334 0.03952615016215581 0.027699102665567032
0 0.07812008239126912 0.7190431681841154 0.02718979139585782 0.036710389812585474
0 0.10584566193657388 0.6979637900500124 0.0382363855516592 0.043278638558944496
0 0.1104570698093674 0.6128984682632578 0.04769320616851021 0.048238923198680436
0 0.1645388234628154 0.7387539261016742 0.039826159090609534 0.04488660266556703
0 0.1994610685915514 0.5740609402874393 0.04952844155801359 0.06390938730530316
0 0.01702317431166176 0.4990739974927175 0.03404634862332352 0.06524456677218957
0 0.3060440795486 0.468513285431159 0.028643197240056484 0.03050585391920819
0 0.16407081372028745 0.4073220696751836 0.04292388555165916 0.04341503087881247
0 0.3109308080415399 0.860260516230829 0.03511138555165916 0.04318771034569906
0 0.3139595397743 0.23893944569771558 0.039635244317957154 0.033949102665567034
0 0.6893475032497062 0.45152699155371573 0.05232615909060954 0.04525031551854859