0 0.5913187640625 0.4342285171875 0.5857218421875 0.42377231093749995 0.5357060015624999 0.432876428125 0.5049715875 0.4679979421875 0.5212237078124999 0.48085274375 0.571316496875 0.4743934578125 0.594732815625 0.4606152703125 0.5913187640625 0.4342285171875
0 0.6725424500715876 0.523466711852543 0.02848862667090888 0.031413626463433174
0 0.6203623320734966 0.5378337388817103 0.03317612667090888 0.03144089754067192
0 0.5641486947405875 0.5412859918085765 0.03470226400381797 0.02832498789975162
0 0.5835895854153144 0.6005519074996211 0.025363626670909058 0.031395445745273955
0 0.5498049314130873 0.5843411002198329 0.025272720003181703 0.023582945745273955
0 0.5620327587523597 0.6280229225267357 0.028379538669636162 0.022038626463433176
0 0.5096980994191325 0.6291086995559029 0.026889764003817974 0.028279536104353475
0 0.4579896014083147 0.5497166362259904 0.028615896005727136 0.04235112646343318
0 0.35004293077654036 0.8073933017206432 0.022293170671545237 0.03606476502711473
0 0.741643702020999 0.150383214975801 0.031504538669636165 0.022056807181592353
0 0.7161442626909534 0.1747519559006147 0.03786362667090888 0.03146816861791084
0 0.6324414246896808 0.16586329011137424 0.041097714672181596 0.040861349336070066
0 0.7473493566995439 0.23785594389856213 0.03788180800445442 0.03303066861791084
0 0.5786993540340439 0.24743145267916086 0.05674089600572696 0.04251475292686626
0 0.5342391873408634 0.052364392374310544 0.059756808004454244 0.033157933645025485
0 0.45864194004613423 0.33719845550783123 0.02685340133672707 0.025154536104353475
0 0.4201868726925443 0.18819332894620225 0.03793635200509069 0.037718168617910844
0 0.845343056055043 0.40057813681516563 0.03782726400381833 0.028343168617910842
0 0.23097092604231623 0.3103961027539156 0.028524989337999785 0.034538626463433086
0 0.3817645507638137 0.7134524041799712 0.03960794000636332 0.04710225897699054