0 0.48003050312499995 0.42518769531249995 0.447165434375 0.3965199078125 0.398501321875 0.3954060109375 0.3942064953125 0.4061563921875 0.39359337656250004 0.4316764625 0.41733119218750003 0.4412162796875 0.4658035171875 0.4398120671875 0.48003050312499995 0.42518769531249995
0 0.32599504726291234 0.5032853959900053 0.03163180800445433 0.034267992142117086
0 0.37668539059518513 0.5087327212590649 0.03477498933799979 0.035976041356328814
0 0.4306189125955033 0.503878247313913 0.034720445337363515 0.03128854135632899
0 0.418218362587549 0.5630178068672068 0.028470445337363516 0.03099744292790536
0 0.44891437925686717 0.5420674520286426 0.026835220003181705 0.0246746683207995
0 0.4421643925843674 0.585327300457066 0.028379538669636162 0.02318494292790536
0 0.491428595918231 0.5791286503332315 0.028470445337363516 0.03099744292790536
0 0.5329990252625942 0.49598651054847914 0.03174089600572714 0.04364299214211727
0 0.6615309158975501 0.7234671935515872 0.025418170671545327 0.03710189371369381
0 0.2222460753103192 0.15908809388030948 0.0330852200031817 0.024965766749222996
0 0.24856312730745572 0.17894467555950988 0.03789998933799978 0.03612159057054054
0 0.32923187197645565 0.15800928329355823 0.0426602146721816 0.04258991439185813
0 0.22517053329886522 0.24328115736254485 0.041024989337999786 0.03626713978475227
0 0.38698018996659245 0.22793648552708853 0.05674089600572696 0.0448073858558109
0 0.41029206265913665 0.03632902833115951 0.05819430800445424 0.03550516046291672
0 0.511143848623502 0.29398951695862 0.02687158267027261 0.027799668320799498
0 0.5331472126432283 0.14773094706624385 0.03793635200509051 0.03924659057054054
0 0.1482433119430481 0.41239933850362603 0.03940794533736343 0.031506865177646406
0 0.7257881512969562 0.23401939578511755 0.031649989337999784 0.03583049214211709
0 0.6219149799093223 0.6386405833363394 0.04118862133990877 0.050329639784752446