0 0.5141199203125 0.5060289234375001 0.5564024984375 0.481856659375 0.5781293562500001 0.4338031359375 0.5693171109375 0.42634420312500004 0.54433670625 0.41816471406250005 0.5248407546875 0.4389361125 0.50568568125 0.48754588749999994 0.5141199203125 0.5060289234375001
0 0.5026760443802191 0.330458760081983 0.03875496515360979 0.037247028855940556
0 0.475230601459128 0.3790153111704421 0.04048115626060209 0.041989092558271414
0 0.4569146218775481 0.43427573004491615 0.03735615626060227 0.04187996515360979
0 0.40412692777533066 0.40412692777533066 0.03702877404661713 0.03250496515360961
0 0.41143843077055553 0.4405455774125109 0.030724210344286185 0.03072421034428636
0 0.3715773226031875 0.4200892336731131 0.029270837748947988 0.03379464664195542
0 0.3572767204262693 0.47208824329176 0.03708333774894799 0.03406746515360979
0 0.4220906993748771 0.5377107540915332 0.051364092558271325 0.04080853847458741
0 0.1421650971979588 0.5989855931064255 0.04166171034428627 0.03110615626060227
0 0.8866690984639032 0.3279735893085925 0.02937996515360979 0.03691964664195542
0 0.8554910203336019 0.3493500815040441 0.04059028366526398 0.045114092558271326
0 0.8431422985565703 0.43483371371802926 0.051746038474587405 0.051746038474587405
0 0.8015773358500315 0.30675584293678954 0.04382441106992587 0.04834821996293313
0 0.749000428956457 0.4716740040067152 0.05536211179556503 0.06591766587924912
0 0.9287846434770944 0.5520088008340052 0.04760417549789579 0.06720734736759475
0 0.6298833520072822 0.5757117179791986 0.03234127404661713 0.03234127404661713
0 0.7664904854023937 0.6411680484717523 0.04689484736759475 0.04689484736759475
0 0.6663169368458233 0.18038929429540113 0.03908234736759475 0.04662202885594056
0 0.5983704240623156 0.8077801735141614 0.04193452885594055 0.03891865626060209
0 0.24257432496544024 0.5837747661572508 0.05799603847458741 0.051964293283910834