0 0.6300707296875 0.5837603031249999 0.638838775 0.576945915625 0.6194632421875 0.5299577375 0.57941633125 0.5050883500000001 0.57064155625 0.5225012796875 0.5875128921874999 0.56992235 0.6056531546875 0.5906306171875 0.6300707296875 0.5837603031249999
0 0.5619820166198851 0.673211562023438 0.0376571302577247 0.03364895459715278
0 0.5376094583884277 0.6250461657469101 0.03782090456798422 0.03677395459715278
0 0.522325295114016 0.5716302250174656 0.03642217887824373 0.0398625870059723
0 0.4698930139063515 0.5985005431217365 0.03593085594746519 0.030487587005972115
0 0.47746649649349704 0.5643437486688198 0.02968085594746519 0.030342116641250173
0 0.4385644487774892 0.5813851250937156 0.026637743102595125 0.03183188145888884
0 0.42656905981333715 0.5311669195466322 0.03436835594746519 0.030451219414791807
0 0.4920845171857119 0.47104834355857683 0.04719590456798421 0.03699216014423605
0 0.22314308740295696 0.40158460305788213 0.03897396879233552 0.028997822188333446
0 0.9335261459730987 0.6904426149288202 0.028364017412854638 0.03499324905006951
0 0.9042956693788471 0.6686942482875702 0.03962906603337366 0.04149782218833344
0 0.8945278437345351 0.5865357117184382 0.04776911465389233 0.04792966014423605
0 0.8509559854122205 0.7080281988006604 0.03971095318850324 0.043060322188333444
0 0.805062552011421 0.5469991266123271 0.04998671189493074 0.06046602773541672
0 0.9798457095200813 0.47698083339368136 0.04030858095983732 0.06344555737069442
0 0.6934898869279872 0.4429636304120491 0.03124335594746519 0.030378484232430482
0 0.8285775378779269 0.3852446622315284 0.04439845318850324 0.04316942496187508
0 0.7158141027796466 0.8242681817988199 0.03658595318850324 0.04298758700597247
0 0.6708425237444325 0.21927155727378528 0.040864017412854635 0.03528418977951393
0 0.3192744589542545 0.41942802611989605 0.05549972749876275 0.046548998100139016