0 0.485 0.45 0.45499999999999996 0.4175 0.40750000000000003 0.41 0.4025 0.42000000000000004 0.4 0.445 0.4225 0.4575 0.47000000000000003 0.4625 0.485 0.45
0 0.32890625 0.50625 0.02734375 0.0296875
0 0.378125 0.51875 0.03125 0.0296875
0 0.43125 0.5203125 0.0328125 0.0265625
0 0.4140625 0.5765625 0.0234375 0.02890625
0 0.4453125 0.5609375 0.0234375 0.02265625
0 0.4359375 0.60234375 0.0265625 0.0203125
0 0.48515625 0.60234375 0.025 0.02734375
0 0.53125 0.5265625 0.02734375 0.03984375
0 0.640625 0.7671875 0.02109375 0.03359375
0 0.25234375 0.1546875 0.0296875 0.0203125
0 0.27734375 0.17734375 0.03515625 0.0296875
0 0.35703125 0.1671875 0.0390625 0.0375
0 0.24921875 0.23828125 0.0359375 0.03125
0 0.40859375 0.24375 0.05234375 0.0375
0 0.4453125 0.0578125 0.05625 0.02890625
0 0.525 0.32578125 0.025 0.0234375
0 0.5578125 0.18359375 0.03515625 0.03515625
0 0.16171875 0.39453125 0.0359375 0.0265625
0 0.73984375 0.2953125 0.02734375 0.0328125
0 0.6078125 0.67890625 0.0359375 0.0453125